0.000000000000000000e+00 0.000000000000000000e+00 0.000000000000000000e+00
1.000196631405287917e+00 1.000000000000000000e+00 1.000000000000000000e+00
2.000196631405288805e+00 0.000000000000000000e+00 0.000000000000000000e+00
3.000196631405289693e+00 0.000000000000000000e+00 0.000000000000000000e+00
4.000196631405290582e+00 1.000000000000000000e+00 1.000000000000000000e+00
5.000196631405287029e+00 1.000000000000000000e+00 1.000000000000000000e+00
6.000196631405283476e+00 1.000000000000000000e+00 1.000000000000000000e+00
7.000196631405279923e+00 1.000000000000000000e+00 1.000000000000000000e+00
8.000196631405277259e+00 1.000000000000000000e+00 1.000000000000000000e+00
9.000196631405273706e+00 2.000000000000000000e+00 2.000000000000000000e+00
1.000019663140527015e+01 4.000000000000000000e+00 4.000000000000000000e+00
1.100019663140526660e+01 5.000000000000000000e+00 5.000000000000000000e+00
1.200019663140526305e+01 6.000000000000000000e+00 6.000000000000000000e+00
1.300019663140525950e+01 8.000000000000000000e+00 8.000000000000000000e+00
1.400019663140525594e+01 8.000000000000000000e+00 8.000000000000000000e+00
1.500019663140525239e+01 8.000000000000000000e+00 8.000000000000000000e+00
1.600019663140524884e+01 8.000000000000000000e+00 8.000000000000000000e+00
1.700019663140526305e+01 6.000000000000000000e+00 7.000000000000000000e+00
1.800019663140527726e+01 5.000000000000000000e+00 5.000000000000000000e+00
1.900019663140529147e+01 2.000000000000000000e+00 2.000000000000000000e+00
2.000019663140530568e+01 2.000000000000000000e+00 2.000000000000000000e+00
2.100019663140531989e+01 2.000000000000000000e+00 2.000000000000000000e+00
2.200019663140533410e+01 3.000000000000000000e+00 3.000000000000000000e+00
2.300019663140534831e+01 2.000000000000000000e+00 2.000000000000000000e+00
2.400019663140536252e+01 3.000000000000000000e+00 3.000000000000000000e+00
2.500019663140537673e+01 4.000000000000000000e+00 4.000000000000000000e+00
2.600019663140539095e+01 4.000000000000000000e+00 4.000000000000000000e+00
2.700019663140540516e+01 5.000000000000000000e+00 3.000000000000000000e+00
2.800019663140541937e+01 3.000000000000000000e+00 2.000000000000000000e+00
2.900019663140543358e+01 3.000000000000000000e+00 3.000000000000000000e+00
3.000002784169319270e+01 3.000000000000000000e+00 3.000000000000000000e+00
3.100019663140546200e+01 4.000000000000000000e+00 6.000000000000000000e+00
3.200019663140547266e+01 2.000000000000000000e+00 6.000000000000000000e+00
3.300019663140548687e+01 2.000000000000000000e+00 6.000000000000000000e+00
3.400019663140550108e+01 1.000000000000000000e+00 6.000000000000000000e+00
3.500019663140551529e+01 1.000000000000000000e+00 6.000000000000000000e+00
3.600019663140552950e+01 2.000000000000000000e+00 7.000000000000000000e+00
3.700019663140554371e+01 4.000000000000000000e+00 9.000000000000000000e+00
3.800019663140555792e+01 5.000000000000000000e+00 1.000000000000000000e+01
3.900019663140557213e+01 5.000000000000000000e+00 1.100000000000000000e+01
4.000019663140558634e+01 3.000000000000000000e+00 1.100000000000000000e+01
4.100019663140560056e+01 3.000000000000000000e+00 1.300000000000000000e+01
4.200019663140561477e+01 6.000000000000000000e+00 1.400000000000000000e+01
4.300019663140562898e+01 8.000000000000000000e+00 1.500000000000000000e+01
4.400019663140564319e+01 7.000000000000000000e+00 1.500000000000000000e+01
4.500019663140565740e+01 8.000000000000000000e+00 1.600000000000000000e+01
4.600019663140567161e+01 8.000000000000000000e+00 1.600000000000000000e+01
4.700019663140568582e+01 7.000000000000000000e+00 1.600000000000000000e+01
4.800019663140570003e+01 7.000000000000000000e+00 1.700000000000000000e+01
4.900019663140571424e+01 8.000000000000000000e+00 1.700000000000000000e+01
5.000019663140572845e+01 1.000000000000000000e+01 2.000000000000000000e+01
5.100019663140574266e+01 1.000000000000000000e+01 2.000000000000000000e+01
5.200019663140575688e+01 8.000000000000000000e+00 1.900000000000000000e+01
5.300019663140577109e+01 2.000000000000000000e+00 1.900000000000000000e+01
5.400019663140578530e+01 3.000000000000000000e+00 2.000000000000000000e+01
5.500019663140579951e+01 2.000000000000000000e+00 2.000000000000000000e+01
5.600019663140581372e+01 3.000000000000000000e+00 2.200000000000000000e+01
5.700019663140582793e+01 2.000000000000000000e+00 2.100000000000000000e+01
5.800019663140584214e+01 2.000000000000000000e+00 2.000000000000000000e+01
5.900019663140585635e+01 2.000000000000000000e+00 1.900000000000000000e+01
6.000019663140587056e+01 3.000000000000000000e+00 2.000000000000000000e+01
6.100019663140588477e+01 2.000000000000000000e+00 1.800000000000000000e+01
6.200019663140589898e+01 2.000000000000000000e+00 1.800000000000000000e+01
6.300019663140591319e+01 3.000000000000000000e+00 1.800000000000000000e+01
6.400019663140592741e+01 2.000000000000000000e+00 1.900000000000000000e+01
6.500019663140587056e+01 3.000000000000000000e+00 1.900000000000000000e+01
6.600019663140581372e+01 2.000000000000000000e+00 1.900000000000000000e+01
6.700019663140575688e+01 3.000000000000000000e+00 2.100000000000000000e+01
6.800019663140570003e+01 2.000000000000000000e+00 2.100000000000000000e+01
6.900019663140564319e+01 1.000000000000000000e+00 2.000000000000000000e+01
7.000019663140558634e+01 2.000000000000000000e+00 2.100000000000000000e+01
7.100019663140552950e+01 3.000000000000000000e+00 2.200000000000000000e+01
7.200019663140547266e+01 2.000000000000000000e+00 2.200000000000000000e+01
7.300019663140541581e+01 2.000000000000000000e+00 2.200000000000000000e+01
7.400019663140535897e+01 2.000000000000000000e+00 2.500000000000000000e+01
7.500019663140530213e+01 4.000000000000000000e+00 2.500000000000000000e+01
7.600019663140524528e+01 2.000000000000000000e+00 2.500000000000000000e+01
7.700019663140518844e+01 3.000000000000000000e+00 2.500000000000000000e+01
7.800019663140513160e+01 4.000000000000000000e+00 2.700000000000000000e+01
7.900019663140507475e+01 4.000000000000000000e+00 2.400000000000000000e+01
8.000019663140501791e+01 5.000000000000000000e+00 2.200000000000000000e+01
8.100019663140496107e+01 4.000000000000000000e+00 2.300000000000000000e+01
8.200019663140490422e+01 4.000000000000000000e+00 2.300000000000000000e+01
8.300019663140484738e+01 4.000000000000000000e+00 2.300000000000000000e+01
8.400019663140479054e+01 4.000000000000000000e+00 2.400000000000000000e+01
8.500019663140473369e+01 4.000000000000000000e+00 2.200000000000000000e+01
8.600019663140467685e+01 4.000000000000000000e+00 2.200000000000000000e+01
8.700019663140462001e+01 4.000000000000000000e+00 1.800000000000000000e+01
8.800019663140456316e+01 4.000000000000000000e+00 1.700000000000000000e+01
8.900019663140450632e+01 4.000000000000000000e+00 1.800000000000000000e+01
9.000019663140444948e+01 4.000000000000000000e+00 1.700000000000000000e+01
9.100019663140439263e+01 5.000000000000000000e+00 2.000000000000000000e+01
9.200019663140433579e+01 5.000000000000000000e+00 1.800000000000000000e+01
9.300019663140427895e+01 4.000000000000000000e+00 1.800000000000000000e+01
9.400019663140422210e+01 7.000000000000000000e+00 1.800000000000000000e+01
9.500019663140416526e+01 7.000000000000000000e+00 1.700000000000000000e+01
9.600019663140410842e+01 7.000000000000000000e+00 1.700000000000000000e+01
9.700019663140405157e+01 8.000000000000000000e+00 1.800000000000000000e+01
9.800019663140399473e+01 7.000000000000000000e+00 1.800000000000000000e+01
9.900019663140393789e+01 7.000000000000000000e+00 1.800000000000000000e+01
1.000001966314038810e+02 7.000000000000000000e+00 1.800000000000000000e+01
1.010001966314038242e+02 8.000000000000000000e+00 1.800000000000000000e+01
1.020001966314037674e+02 7.000000000000000000e+00 1.800000000000000000e+01
1.030001966314037105e+02 8.000000000000000000e+00 2.000000000000000000e+01
1.040001966314036537e+02 8.000000000000000000e+00 2.200000000000000000e+01
1.050001966314035968e+02 8.000000000000000000e+00 2.100000000000000000e+01
1.060001966314035400e+02 8.000000000000000000e+00 2.000000000000000000e+01
1.070001966314034831e+02 8.000000000000000000e+00 2.000000000000000000e+01
1.080001966314034263e+02 8.000000000000000000e+00 1.800000000000000000e+01
1.090001966314033695e+02 8.000000000000000000e+00 1.600000000000000000e+01
1.100001966314033126e+02 7.000000000000000000e+00 1.600000000000000000e+01
1.110001966314032558e+02 8.000000000000000000e+00 1.700000000000000000e+01
1.120001966314031989e+02 8.000000000000000000e+00 1.700000000000000000e+01
1.130001966314031421e+02 1.000000000000000000e+01 1.600000000000000000e+01
1.140001966314030852e+02 1.000000000000000000e+01 1.200000000000000000e+01
1.150001966314030284e+02 1.100000000000000000e+01 8.000000000000000000e+00
1.160001966314029715e+02 1.100000000000000000e+01 8.000000000000000000e+00
1.170001966314029147e+02 1.300000000000000000e+01 7.000000000000000000e+00
1.180001966314028579e+02 1.400000000000000000e+01 8.000000000000000000e+00
1.190001966314028010e+02 1.200000000000000000e+01 6.000000000000000000e+00
1.200001966314027442e+02 1.200000000000000000e+01 5.000000000000000000e+00
1.210001966314026873e+02 1.300000000000000000e+01 5.000000000000000000e+00
1.220000792253004676e+02 1.200000000000000000e+01 5.000000000000000000e+00
1.230001966314025736e+02 1.300000000000000000e+01 6.000000000000000000e+00
1.240001966314025168e+02 1.300000000000000000e+01 6.000000000000000000e+00
1.250001966314024600e+02 1.300000000000000000e+01 8.000000000000000000e+00
1.260001966314024031e+02 1.300000000000000000e+01 7.000000000000000000e+00
1.270001966314023463e+02 1.300000000000000000e+01 6.000000000000000000e+00
1.280001966314023036e+02 1.300000000000000000e+01 7.000000000000000000e+00
1.290001966314022468e+02 1.400000000000000000e+01 8.000000000000000000e+00
1.300001966314021900e+02 1.400000000000000000e+01 7.000000000000000000e+00
1.310001966314021331e+02 1.400000000000000000e+01 7.000000000000000000e+00
1.320001966314020763e+02 1.400000000000000000e+01 7.000000000000000000e+00
1.330001966314020194e+02 1.700000000000000000e+01 8.000000000000000000e+00
1.340001966314019626e+02 1.500000000000000000e+01 8.000000000000000000e+00
1.350001966314019057e+02 1.600000000000000000e+01 6.000000000000000000e+00
1.360001966314018489e+02 1.600000000000000000e+01 3.000000000000000000e+00
1.370001966314017920e+02 1.500000000000000000e+01 3.000000000000000000e+00
1.380001966314017352e+02 1.300000000000000000e+01 3.000000000000000000e+00
1.390001966314016784e+02 1.300000000000000000e+01 4.000000000000000000e+00
1.400001966314016215e+02 1.200000000000000000e+01 4.000000000000000000e+00
1.410001966314015647e+02 1.000000000000000000e+01 3.000000000000000000e+00
1.420001966314015078e+02 1.000000000000000000e+01 4.000000000000000000e+00
1.430001966314014510e+02 9.000000000000000000e+00 5.000000000000000000e+00
1.440001966314013941e+02 6.000000000000000000e+00 3.000000000000000000e+00
1.450001966314013373e+02 5.000000000000000000e+00 1.000000000000000000e+00
1.460001966314012805e+02 4.000000000000000000e+00 3.000000000000000000e+00
1.470001966314012236e+02 3.000000000000000000e+00 1.000000000000000000e+00
1.480001966314011668e+02 5.000000000000000000e+00 1.000000000000000000e+00
1.490001966314011099e+02 6.000000000000000000e+00 2.000000000000000000e+00
1.500001966314010531e+02 5.000000000000000000e+00 2.000000000000000000e+00
1.510001966314009962e+02 4.000000000000000000e+00 3.000000000000000000e+00
1.520001966314009394e+02 3.000000000000000000e+00 5.000000000000000000e+00
1.530001966314008826e+02 5.000000000000000000e+00 7.000000000000000000e+00
1.540001966314008257e+02 4.000000000000000000e+00 6.000000000000000000e+00
1.550001966314007689e+02 5.000000000000000000e+00 6.000000000000000000e+00
1.560001966314007120e+02 5.000000000000000000e+00 6.000000000000000000e+00
1.570001966314006552e+02 3.000000000000000000e+00 8.000000000000000000e+00
1.580001966314005983e+02 4.000000000000000000e+00 6.000000000000000000e+00
1.590001966314005415e+02 5.000000000000000000e+00 7.000000000000000000e+00
1.600001966314004846e+02 5.000000000000000000e+00 7.000000000000000000e+00
1.610001966314004278e+02 6.000000000000000000e+00 8.000000000000000000e+00
1.620001966314003710e+02 6.000000000000000000e+00 9.000000000000000000e+00
1.630001966314003141e+02 6.000000000000000000e+00 9.000000000000000000e+00
1.640001966314002573e+02 7.000000000000000000e+00 1.000000000000000000e+01
1.650001966314002004e+02 8.000000000000000000e+00 1.300000000000000000e+01
1.660001966314001436e+02 8.000000000000000000e+00 1.400000000000000000e+01
1.670001966314000867e+02 8.000000000000000000e+00 1.500000000000000000e+01
1.680001966314000299e+02 9.000000000000000000e+00 1.500000000000000000e+01
1.690001966313999731e+02 9.000000000000000000e+00 1.500000000000000000e+01
1.700001966313999162e+02 9.000000000000000000e+00 1.500000000000000000e+01
1.710001966313998594e+02 1.000000000000000000e+01 1.700000000000000000e+01
1.720001966313998025e+02 9.000000000000000000e+00 1.800000000000000000e+01
1.730001966313997457e+02 1.000000000000000000e+01 1.900000000000000000e+01
1.740001966313996888e+02 1.100000000000000000e+01 1.800000000000000000e+01
1.750001966313996320e+02 1.200000000000000000e+01 1.900000000000000000e+01
1.760001966313995752e+02 1.100000000000000000e+01 1.900000000000000000e+01
1.770001966313995183e+02 9.000000000000000000e+00 1.800000000000000000e+01
1.780001966313994615e+02 1.000000000000000000e+01 1.800000000000000000e+01
1.790001966313994046e+02 1.100000000000000000e+01 2.000000000000000000e+01
1.800001966313993478e+02 9.000000000000000000e+00 1.900000000000000000e+01
1.810001966313992909e+02 8.000000000000000000e+00 1.700000000000000000e+01
1.820001966313992341e+02 9.000000000000000000e+00 1.500000000000000000e+01
1.830001966313991772e+02 9.000000000000000000e+00 1.500000000000000000e+01
1.840001966313991204e+02 1.200000000000000000e+01 1.700000000000000000e+01
1.850001966313990636e+02 1.300000000000000000e+01 1.700000000000000000e+01
1.860000771108970241e+02 1.300000000000000000e+01 1.700000000000000000e+01
1.870000387947746106e+02 1.400000000000000000e+01 1.700000000000000000e+01
1.880001966313988930e+02 1.500000000000000000e+01 1.600000000000000000e+01
1.890001966313988362e+02 1.900000000000000000e+01 1.700000000000000000e+01
1.900001966313987793e+02 2.000000000000000000e+01 1.600000000000000000e+01
1.910001966313987225e+02 2.000000000000000000e+01 1.900000000000000000e+01
1.920001966313986657e+02 2.000000000000000000e+01 1.800000000000000000e+01
1.930001966313986088e+02 1.900000000000000000e+01 1.800000000000000000e+01
1.940001966313985520e+02 2.000000000000000000e+01 1.800000000000000000e+01
1.950001966313984951e+02 1.900000000000000000e+01 1.800000000000000000e+01
1.960001966313984383e+02 1.900000000000000000e+01 1.800000000000000000e+01
1.970001966313983814e+02 1.900000000000000000e+01 1.900000000000000000e+01
1.980001966313983246e+02 1.900000000000000000e+01 1.900000000000000000e+01
1.990001737705589449e+02 2.000000000000000000e+01 2.200000000000000000e+01
2.000001966313982109e+02 2.000000000000000000e+01 2.100000000000000000e+01
2.010001966313981541e+02 1.900000000000000000e+01 2.100000000000000000e+01
2.020001966313980972e+02 2.000000000000000000e+01 2.200000000000000000e+01
2.030001966313980404e+02 2.200000000000000000e+01 2.300000000000000000e+01
2.040001966313979835e+02 2.100000000000000000e+01 2.300000000000000000e+01
2.050001966313979267e+02 2.000000000000000000e+01 2.300000000000000000e+01
2.060001966313978699e+02 2.100000000000000000e+01 2.100000000000000000e+01
2.070001966313978130e+02 2.100000000000000000e+01 1.700000000000000000e+01
2.080001966313977562e+02 2.100000000000000000e+01 1.700000000000000000e+01
2.090001966313976993e+02 2.100000000000000000e+01 1.700000000000000000e+01
2.100001966313976425e+02 2.200000000000000000e+01 1.700000000000000000e+01
2.110001966313975856e+02 2.200000000000000000e+01 1.700000000000000000e+01
2.120001966313975288e+02 2.200000000000000000e+01 1.800000000000000000e+01
2.130001966313974719e+02 2.200000000000000000e+01 1.800000000000000000e+01
2.140000846272629644e+02 2.200000000000000000e+01 1.500000000000000000e+01
2.150001966313973583e+02 2.300000000000000000e+01 6.000000000000000000e+00
2.160001966313973014e+02 2.300000000000000000e+01 5.000000000000000000e+00
2.170001966313972446e+02 2.500000000000000000e+01 5.000000000000000000e+00
2.180001966313971877e+02 2.600000000000000000e+01 6.000000000000000000e+00
2.190001966313971309e+02 2.800000000000000000e+01 6.000000000000000000e+00
2.200001966313970740e+02 2.800000000000000000e+01 8.000000000000000000e+00
2.210001966313970172e+02 2.800000000000000000e+01 1.000000000000000000e+01
2.220001966313969604e+02 2.900000000000000000e+01 1.100000000000000000e+01
2.230001966313969035e+02 2.800000000000000000e+01 1.300000000000000000e+01
2.240001966313968467e+02 2.400000000000000000e+01 1.400000000000000000e+01
2.250001966313967898e+02 2.400000000000000000e+01 1.500000000000000000e+01
2.260001966313967330e+02 2.300000000000000000e+01 1.800000000000000000e+01
2.270001966313966761e+02 2.200000000000000000e+01 1.800000000000000000e+01
2.280001966313966193e+02 2.200000000000000000e+01 1.900000000000000000e+01
2.290001966313965625e+02 2.300000000000000000e+01 1.900000000000000000e+01
2.300001966313965056e+02 2.400000000000000000e+01 1.800000000000000000e+01
2.310001966313964488e+02 2.500000000000000000e+01 1.700000000000000000e+01
2.320001727788729795e+02 2.500000000000000000e+01 1.700000000000000000e+01
2.330001966313963351e+02 2.500000000000000000e+01 1.800000000000000000e+01
2.340001966313962782e+02 2.600000000000000000e+01 1.700000000000000000e+01
2.350001966313962214e+02 2.600000000000000000e+01 1.800000000000000000e+01
2.360001966313961645e+02 2.600000000000000000e+01 1.700000000000000000e+01
2.370001966313961077e+02 2.600000000000000000e+01 1.700000000000000000e+01
2.380001966313960509e+02 2.700000000000000000e+01 1.800000000000000000e+01
2.390001937911000027e+02 3.000000000000000000e+01 1.800000000000000000e+01
2.400001966313959372e+02 3.200000000000000000e+01 1.600000000000000000e+01
2.410001966313958803e+02 3.300000000000000000e+01 1.600000000000000000e+01
2.420001946004193769e+02 3.400000000000000000e+01 1.600000000000000000e+01
2.430001966313957666e+02 3.500000000000000000e+01 1.700000000000000000e+01
2.440001966313957098e+02 3.600000000000000000e+01 1.700000000000000000e+01
2.450001966313956530e+02 3.500000000000000000e+01 1.600000000000000000e+01
2.460001966313955961e+02 3.500000000000000000e+01 1.700000000000000000e+01
2.470001966313955393e+02 3.500000000000000000e+01 1.600000000000000000e+01
2.480001966313954824e+02 3.600000000000000000e+01 1.600000000000000000e+01
2.490001966313954256e+02 3.700000000000000000e+01 1.600000000000000000e+01
2.500001966313953687e+02 3.800000000000000000e+01 1.600000000000000000e+01
2.510001966313953119e+02 3.700000000000000000e+01 1.700000000000000000e+01
2.520001966313952551e+02 3.800000000000000000e+01 1.700000000000000000e+01
2.530001966313951982e+02 3.700000000000000000e+01 1.700000000000000000e+01
2.540001966313951414e+02 3.500000000000000000e+01 1.800000000000000000e+01
2.550001966313950845e+02 3.000000000000000000e+01 1.900000000000000000e+01
2.560001966313950561e+02 3.000000000000000000e+01 1.800000000000000000e+01
2.570001966313952835e+02 3.000000000000000000e+01 1.700000000000000000e+01
2.580001966313955108e+02 3.100000000000000000e+01 1.800000000000000000e+01
2.590001966313957382e+02 2.900000000000000000e+01 1.900000000000000000e+01
2.600001966313959656e+02 2.800000000000000000e+01 2.000000000000000000e+01
2.610001966313961930e+02 2.800000000000000000e+01 1.800000000000000000e+01
2.620001966313964203e+02 2.900000000000000000e+01 1.800000000000000000e+01
2.630001966313966477e+02 2.900000000000000000e+01 1.700000000000000000e+01
2.640001966313968751e+02 2.900000000000000000e+01 1.700000000000000000e+01
2.650001966313971025e+02 2.800000000000000000e+01 1.700000000000000000e+01
2.660001966313973298e+02 2.800000000000000000e+01 1.700000000000000000e+01
2.670001966313975572e+02 2.800000000000000000e+01 1.700000000000000000e+01
2.680001966313977846e+02 2.800000000000000000e+01 1.800000000000000000e+01
2.690001966313980120e+02 2.800000000000000000e+01 1.900000000000000000e+01
2.700001966313982393e+02 2.800000000000000000e+01 1.900000000000000000e+01
2.710001966313984667e+02 2.700000000000000000e+01 1.800000000000000000e+01
2.720001966313986941e+02 2.600000000000000000e+01 1.600000000000000000e+01
2.730001966313989215e+02 2.600000000000000000e+01 1.400000000000000000e+01
2.740001966313991488e+02 2.000000000000000000e+01 1.400000000000000000e+01
2.750001966313993762e+02 1.600000000000000000e+01 1.600000000000000000e+01
2.760001966313996036e+02 1.500000000000000000e+01 1.300000000000000000e+01
2.770001966313998309e+02 1.700000000000000000e+01 1.100000000000000000e+01
2.780001966314000583e+02 1.600000000000000000e+01 1.200000000000000000e+01
2.790001966314002857e+02 1.500000000000000000e+01 9.000000000000000000e+00
2.800001966314005131e+02 1.700000000000000000e+01 1.000000000000000000e+01
2.810001966314007404e+02 1.600000000000000000e+01 9.000000000000000000e+00
2.820001966314009678e+02 1.600000000000000000e+01 9.000000000000000000e+00
2.830001966314011952e+02 1.600000000000000000e+01 1.000000000000000000e+01
2.840001966314014226e+02 1.400000000000000000e+01 1.100000000000000000e+01
2.850001966314016499e+02 1.600000000000000000e+01 9.000000000000000000e+00
2.860001966314018773e+02 1.600000000000000000e+01 1.100000000000000000e+01
2.870001966314021047e+02 1.600000000000000000e+01 9.000000000000000000e+00
2.880001966314023321e+02 1.600000000000000000e+01 9.000000000000000000e+00
2.890001966314025594e+02 1.500000000000000000e+01 1.100000000000000000e+01
2.900001966314027868e+02 1.600000000000000000e+01 1.300000000000000000e+01
2.910001966314030142e+02 1.400000000000000000e+01 1.300000000000000000e+01
2.920001966314032416e+02 1.500000000000000000e+01 1.200000000000000000e+01
2.930001966314034689e+02 1.300000000000000000e+01 1.200000000000000000e+01
2.940001966314036963e+02 1.300000000000000000e+01 1.300000000000000000e+01
2.950001966314039237e+02 1.500000000000000000e+01 1.500000000000000000e+01
2.960001966314041510e+02 1.600000000000000000e+01 1.500000000000000000e+01
2.970001966314043784e+02 1.600000000000000000e+01 1.500000000000000000e+01
2.980001966314046058e+02 1.600000000000000000e+01 1.600000000000000000e+01
2.990001966314048332e+02 1.500000000000000000e+01 1.600000000000000000e+01
3.000001966314050605e+02 1.300000000000000000e+01 1.600000000000000000e+01
