0.000000000000000000e+00 0.000000000000000000e+00 0.000000000000000000e+00
1.000382168845718178e+00 2.000000000000000000e+00 2.000000000000000000e+00
2.000382168845718844e+00 2.000000000000000000e+00 2.000000000000000000e+00
3.000382168845719733e+00 3.000000000000000000e+00 3.000000000000000000e+00
4.000079407444677493e+00 2.000000000000000000e+00 2.000000000000000000e+00
5.000382168845717068e+00 3.000000000000000000e+00 3.000000000000000000e+00
6.000382168845713515e+00 3.000000000000000000e+00 3.000000000000000000e+00
7.000382168845709963e+00 3.000000000000000000e+00 3.000000000000000000e+00
8.000382168845707298e+00 3.000000000000000000e+00 3.000000000000000000e+00
9.000382168845703745e+00 3.000000000000000000e+00 3.000000000000000000e+00
1.000038216884570019e+01 6.000000000000000000e+00 6.000000000000000000e+00
1.100038216884569664e+01 6.000000000000000000e+00 6.000000000000000000e+00
1.200038216884569309e+01 8.000000000000000000e+00 8.000000000000000000e+00
1.300031251517375885e+01 6.000000000000000000e+00 6.000000000000000000e+00
1.400038216884568598e+01 7.000000000000000000e+00 7.000000000000000000e+00
1.500038216884568243e+01 1.000000000000000000e+01 1.000000000000000000e+01
1.600038216884567888e+01 1.000000000000000000e+01 1.000000000000000000e+01
1.700038216884569309e+01 1.000000000000000000e+01 1.000000000000000000e+01
1.800038216884570730e+01 1.000000000000000000e+01 1.000000000000000000e+01
1.900038216884572151e+01 1.000000000000000000e+01 1.000000000000000000e+01
2.000038216884573572e+01 1.000000000000000000e+01 1.000000000000000000e+01
2.100038216884574993e+01 1.000000000000000000e+01 9.000000000000000000e+00
2.200038216884576414e+01 1.100000000000000000e+01 9.000000000000000000e+00
2.300038216884577835e+01 1.000000000000000000e+01 8.000000000000000000e+00
2.400038216884579256e+01 1.100000000000000000e+01 9.000000000000000000e+00
2.500038216884580677e+01 1.100000000000000000e+01 9.000000000000000000e+00
2.600038216884582098e+01 1.200000000000000000e+01 1.000000000000000000e+01
2.700038216884583520e+01 1.300000000000000000e+01 1.100000000000000000e+01
2.800038216884584941e+01 1.300000000000000000e+01 1.100000000000000000e+01
2.900038216884586362e+01 1.300000000000000000e+01 1.100000000000000000e+01
3.000038216884587783e+01 1.500000000000000000e+01 1.300000000000000000e+01
3.100018020734454893e+01 1.500000000000000000e+01 1.300000000000000000e+01
3.200038216884590270e+01 1.600000000000000000e+01 1.400000000000000000e+01
3.300038216884591691e+01 1.500000000000000000e+01 1.500000000000000000e+01
3.400024129611922774e+01 1.400000000000000000e+01 1.400000000000000000e+01
3.500038216884594533e+01 1.300000000000000000e+01 1.400000000000000000e+01
3.600038216884595954e+01 1.400000000000000000e+01 1.500000000000000000e+01
3.700038216884597375e+01 1.400000000000000000e+01 1.500000000000000000e+01
3.800038216884598796e+01 1.400000000000000000e+01 1.500000000000000000e+01
3.900038216884600217e+01 1.500000000000000000e+01 1.400000000000000000e+01
4.000038216884601638e+01 1.800000000000000000e+01 1.500000000000000000e+01
4.100038216884603059e+01 1.800000000000000000e+01 1.200000000000000000e+01
4.200038216884604481e+01 1.900000000000000000e+01 1.100000000000000000e+01
4.300038216884605902e+01 1.700000000000000000e+01 1.000000000000000000e+01
4.400038216884607323e+01 1.600000000000000000e+01 9.000000000000000000e+00
4.500038216884608744e+01 1.600000000000000000e+01 1.000000000000000000e+01
4.600038216884610165e+01 1.600000000000000000e+01 1.000000000000000000e+01
4.700038216884611586e+01 1.700000000000000000e+01 9.000000000000000000e+00
4.800038216884613007e+01 1.700000000000000000e+01 9.000000000000000000e+00
4.900038216884614428e+01 1.900000000000000000e+01 1.200000000000000000e+01
5.000038216884615849e+01 1.900000000000000000e+01 1.100000000000000000e+01
5.100029058678628502e+01 1.900000000000000000e+01 1.100000000000000000e+01
5.200038216884618691e+01 1.800000000000000000e+01 1.100000000000000000e+01
5.300038216884620113e+01 1.700000000000000000e+01 1.200000000000000000e+01
5.400038216884621534e+01 1.900000000000000000e+01 1.400000000000000000e+01
5.500038216884622955e+01 1.900000000000000000e+01 1.400000000000000000e+01
5.600038216884624376e+01 1.600000000000000000e+01 1.400000000000000000e+01
5.700001228230093631e+01 1.500000000000000000e+01 1.400000000000000000e+01
5.800018303904948880e+01 1.500000000000000000e+01 8.000000000000000000e+00
5.900038216884628639e+01 1.500000000000000000e+01 5.000000000000000000e+00
6.000038216884630060e+01 1.500000000000000000e+01 3.000000000000000000e+00
6.100038216884631481e+01 1.700000000000000000e+01 5.000000000000000000e+00
6.200038216884632902e+01 1.700000000000000000e+01 6.000000000000000000e+00
6.300008996284220331e+01 1.800000000000000000e+01 8.000000000000000000e+00
6.400038216884635744e+01 2.000000000000000000e+01 9.000000000000000000e+00
6.500038216884630060e+01 2.000000000000000000e+01 9.000000000000000000e+00
6.600038216884624376e+01 2.000000000000000000e+01 1.300000000000000000e+01
6.700038216884618691e+01 1.800000000000000000e+01 1.400000000000000000e+01
6.800038216884613007e+01 1.900000000000000000e+01 1.400000000000000000e+01
6.900038216884607323e+01 2.100000000000000000e+01 1.500000000000000000e+01
7.000022662070759338e+01 1.900000000000000000e+01 1.500000000000000000e+01
7.100038216884595954e+01 1.800000000000000000e+01 1.400000000000000000e+01
7.200038216884590270e+01 1.700000000000000000e+01 1.400000000000000000e+01
7.300038216884584585e+01 2.000000000000000000e+01 1.800000000000000000e+01
7.400038216884578901e+01 1.900000000000000000e+01 1.900000000000000000e+01
7.500038216884573217e+01 2.100000000000000000e+01 2.000000000000000000e+01
7.600038216884567532e+01 2.200000000000000000e+01 2.000000000000000000e+01
7.700038216884561848e+01 2.200000000000000000e+01 2.100000000000000000e+01
7.800038216884556164e+01 2.400000000000000000e+01 2.400000000000000000e+01
7.900038216884550479e+01 2.600000000000000000e+01 2.500000000000000000e+01
8.000038216884544795e+01 2.800000000000000000e+01 2.700000000000000000e+01
8.100038216884539111e+01 2.700000000000000000e+01 2.700000000000000000e+01
8.200038216884533426e+01 2.700000000000000000e+01 2.600000000000000000e+01
8.300038216884527742e+01 2.800000000000000000e+01 2.400000000000000000e+01
8.400038216884522058e+01 2.800000000000000000e+01 1.900000000000000000e+01
8.500038216884516373e+01 2.900000000000000000e+01 1.900000000000000000e+01
8.600038216884510689e+01 2.900000000000000000e+01 2.000000000000000000e+01
8.700038216884505005e+01 2.900000000000000000e+01 1.900000000000000000e+01
8.800038216884499320e+01 2.900000000000000000e+01 1.900000000000000000e+01
8.900038216884493636e+01 2.900000000000000000e+01 1.800000000000000000e+01
9.000038216884487952e+01 2.900000000000000000e+01 1.900000000000000000e+01
9.100038216884482267e+01 2.900000000000000000e+01 1.800000000000000000e+01
9.200038216884476583e+01 3.000000000000000000e+01 1.900000000000000000e+01
9.300038216884470899e+01 3.100000000000000000e+01 1.800000000000000000e+01
9.400038216884465214e+01 3.100000000000000000e+01 1.900000000000000000e+01
9.500038216884459530e+01 3.100000000000000000e+01 2.100000000000000000e+01
9.600038216884453846e+01 3.100000000000000000e+01 2.000000000000000000e+01
9.700038216884448161e+01 3.100000000000000000e+01 2.400000000000000000e+01
9.800038216884442477e+01 3.300000000000000000e+01 2.200000000000000000e+01
9.900038216884436792e+01 3.400000000000000000e+01 2.300000000000000000e+01
1.000003821688443111e+02 3.500000000000000000e+01 2.400000000000000000e+01
1.010003821688442542e+02 3.500000000000000000e+01 2.400000000000000000e+01
1.020003821688441974e+02 3.600000000000000000e+01 2.500000000000000000e+01
1.030003821688441406e+02 3.700000000000000000e+01 2.600000000000000000e+01
1.040003821688440837e+02 3.700000000000000000e+01 2.600000000000000000e+01
1.050003821688440269e+02 3.700000000000000000e+01 2.700000000000000000e+01
1.060000666153966762e+02 3.800000000000000000e+01 2.800000000000000000e+01
1.070003821688439132e+02 3.900000000000000000e+01 2.800000000000000000e+01
1.080003132012277973e+02 3.700000000000000000e+01 2.800000000000000000e+01
1.090003821688437995e+02 3.700000000000000000e+01 2.800000000000000000e+01
1.100003821688437426e+02 3.700000000000000000e+01 2.800000000000000000e+01
1.110003821688436858e+02 3.600000000000000000e+01 2.500000000000000000e+01
1.120003821688436290e+02 3.600000000000000000e+01 2.400000000000000000e+01
1.130003821688435721e+02 3.600000000000000000e+01 2.300000000000000000e+01
1.140003821688435153e+02 3.700000000000000000e+01 2.300000000000000000e+01
1.150003821688434584e+02 3.700000000000000000e+01 2.300000000000000000e+01
1.160003821688434016e+02 3.400000000000000000e+01 2.300000000000000000e+01
1.170003821688433447e+02 3.200000000000000000e+01 2.100000000000000000e+01
1.180003821688432879e+02 2.600000000000000000e+01 1.900000000000000000e+01
1.190003821688432311e+02 2.500000000000000000e+01 1.400000000000000000e+01
1.200003821688431742e+02 2.600000000000000000e+01 1.400000000000000000e+01
1.210003821688431174e+02 2.300000000000000000e+01 1.200000000000000000e+01
1.220003821688430605e+02 1.800000000000000000e+01 1.000000000000000000e+01
1.230003821688430037e+02 1.700000000000000000e+01 1.000000000000000000e+01
1.240003821688429468e+02 1.600000000000000000e+01 1.000000000000000000e+01
1.250003821688428900e+02 1.700000000000000000e+01 1.100000000000000000e+01
1.260003821688428332e+02 1.800000000000000000e+01 1.100000000000000000e+01
1.270003821688427763e+02 1.900000000000000000e+01 1.100000000000000000e+01
1.280003821688427195e+02 1.800000000000000000e+01 1.100000000000000000e+01
1.290003821688426626e+02 1.800000000000000000e+01 9.000000000000000000e+00
1.300003821688426058e+02 1.900000000000000000e+01 8.000000000000000000e+00
1.310003821688425489e+02 2.000000000000000000e+01 6.000000000000000000e+00
1.320003821688424921e+02 2.200000000000000000e+01 5.000000000000000000e+00
1.330003821688424352e+02 2.400000000000000000e+01 5.000000000000000000e+00
1.340001930825766294e+02 2.400000000000000000e+01 5.000000000000000000e+00
1.350003821688423216e+02 2.500000000000000000e+01 5.000000000000000000e+00
1.360000153202728654e+02 2.600000000000000000e+01 5.000000000000000000e+00
1.370001952317729490e+02 2.600000000000000000e+01 5.000000000000000000e+00
1.380003821688421510e+02 2.600000000000000000e+01 7.000000000000000000e+00
1.390003821688420942e+02 2.600000000000000000e+01 6.000000000000000000e+00
1.400003821688420373e+02 2.900000000000000000e+01 7.000000000000000000e+00
1.410003821688419805e+02 2.800000000000000000e+01 7.000000000000000000e+00
1.420003821688419237e+02 2.600000000000000000e+01 8.000000000000000000e+00
1.430003821688418668e+02 2.500000000000000000e+01 9.000000000000000000e+00
1.440003821688418100e+02 2.300000000000000000e+01 9.000000000000000000e+00
1.450003821688417531e+02 2.000000000000000000e+01 8.000000000000000000e+00
1.460003821688416963e+02 1.800000000000000000e+01 1.000000000000000000e+01
1.470000623150474723e+02 1.800000000000000000e+01 9.000000000000000000e+00
1.480003821688415826e+02 1.700000000000000000e+01 9.000000000000000000e+00
1.490000819141039301e+02 1.700000000000000000e+01 9.000000000000000000e+00
1.500003821688414689e+02 1.400000000000000000e+01 9.000000000000000000e+00
1.510000151087485847e+02 1.500000000000000000e+01 9.000000000000000000e+00
1.520000197852493216e+02 1.500000000000000000e+01 1.000000000000000000e+01
1.530003821688412984e+02 1.400000000000000000e+01 1.000000000000000000e+01
1.540003821688412415e+02 1.500000000000000000e+01 9.000000000000000000e+00
1.550003821688411847e+02 1.400000000000000000e+01 9.000000000000000000e+00
1.560003821688411279e+02 1.400000000000000000e+01 9.000000000000000000e+00
1.570003821688410710e+02 2.000000000000000000e+01 1.200000000000000000e+01
1.580003821688410142e+02 1.900000000000000000e+01 1.300000000000000000e+01
1.590003821688409573e+02 1.900000000000000000e+01 1.400000000000000000e+01
1.600003821688409005e+02 2.000000000000000000e+01 1.500000000000000000e+01
1.610003821688408436e+02 2.300000000000000000e+01 1.500000000000000000e+01
1.620003821688407868e+02 2.300000000000000000e+01 1.500000000000000000e+01
1.630003821688407299e+02 2.300000000000000000e+01 1.400000000000000000e+01
1.640003821688406731e+02 2.400000000000000000e+01 1.300000000000000000e+01
1.650003821688406163e+02 2.000000000000000000e+01 1.200000000000000000e+01
1.660003821688405594e+02 1.900000000000000000e+01 1.200000000000000000e+01
1.670003821688405026e+02 1.700000000000000000e+01 1.200000000000000000e+01
1.680003821688404457e+02 1.600000000000000000e+01 1.300000000000000000e+01
1.690003821688403889e+02 1.500000000000000000e+01 1.200000000000000000e+01
1.700003821688403320e+02 1.500000000000000000e+01 1.100000000000000000e+01
1.710003821688402752e+02 1.400000000000000000e+01 1.100000000000000000e+01
1.720003821688402184e+02 1.400000000000000000e+01 1.100000000000000000e+01
1.730003821688401615e+02 1.400000000000000000e+01 1.200000000000000000e+01
1.740003821688401047e+02 1.400000000000000000e+01 1.100000000000000000e+01
1.750003821688400478e+02 1.600000000000000000e+01 1.200000000000000000e+01
1.760003821688399910e+02 1.600000000000000000e+01 1.200000000000000000e+01
1.770003821688399341e+02 1.500000000000000000e+01 1.200000000000000000e+01
1.780003821688398773e+02 1.500000000000000000e+01 1.400000000000000000e+01
1.790003821688398205e+02 1.700000000000000000e+01 1.500000000000000000e+01
1.800003821688397636e+02 1.700000000000000000e+01 1.500000000000000000e+01
1.810003821688397068e+02 1.600000000000000000e+01 1.500000000000000000e+01
1.820003821688396499e+02 2.000000000000000000e+01 1.600000000000000000e+01
1.830003821688395931e+02 1.900000000000000000e+01 1.700000000000000000e+01
1.840003821688395362e+02 2.100000000000000000e+01 1.700000000000000000e+01
1.850003821688394794e+02 2.100000000000000000e+01 1.700000000000000000e+01
1.860003821688394225e+02 1.900000000000000000e+01 1.700000000000000000e+01
1.870003821688393657e+02 2.000000000000000000e+01 1.700000000000000000e+01
1.880003821688393089e+02 2.100000000000000000e+01 1.800000000000000000e+01
1.890003821688392520e+02 2.100000000000000000e+01 2.100000000000000000e+01
1.900003821688391952e+02 2.100000000000000000e+01 2.200000000000000000e+01
1.910003821688391383e+02 2.400000000000000000e+01 2.000000000000000000e+01
1.920003821688390815e+02 2.400000000000000000e+01 1.900000000000000000e+01
1.930003821688390246e+02 2.500000000000000000e+01 2.000000000000000000e+01
1.940003821688389678e+02 2.500000000000000000e+01 2.100000000000000000e+01
1.950003821688389110e+02 2.600000000000000000e+01 2.200000000000000000e+01
1.960003821688388541e+02 2.700000000000000000e+01 2.300000000000000000e+01
1.970003821688387973e+02 2.600000000000000000e+01 2.400000000000000000e+01
1.980003821688387404e+02 2.400000000000000000e+01 2.700000000000000000e+01
1.990003821688386836e+02 2.300000000000000000e+01 2.800000000000000000e+01
2.000003821688386267e+02 2.200000000000000000e+01 2.800000000000000000e+01
2.010003821688385699e+02 1.900000000000000000e+01 2.800000000000000000e+01
2.020003821688385131e+02 1.700000000000000000e+01 2.900000000000000000e+01
2.030003821688384562e+02 1.600000000000000000e+01 2.900000000000000000e+01
2.040003821688383994e+02 1.600000000000000000e+01 2.700000000000000000e+01
2.050003210963465961e+02 1.700000000000000000e+01 2.700000000000000000e+01
2.060003821688382857e+02 1.900000000000000000e+01 2.900000000000000000e+01
2.070003821688382288e+02 2.000000000000000000e+01 2.900000000000000000e+01
2.080003821688381720e+02 1.900000000000000000e+01 2.900000000000000000e+01
2.090003821688381151e+02 1.900000000000000000e+01 2.900000000000000000e+01
2.100003821688380583e+02 1.900000000000000000e+01 2.900000000000000000e+01
2.110003821688380015e+02 1.900000000000000000e+01 2.800000000000000000e+01
2.120003821688379446e+02 2.000000000000000000e+01 2.700000000000000000e+01
2.130003821688378878e+02 1.500000000000000000e+01 2.900000000000000000e+01
2.140003821688378309e+02 1.400000000000000000e+01 2.800000000000000000e+01
2.150003821688377741e+02 1.300000000000000000e+01 2.700000000000000000e+01
2.160003821688377172e+02 1.500000000000000000e+01 2.900000000000000000e+01
2.170003821688376604e+02 1.000000000000000000e+01 2.800000000000000000e+01
2.180003821688376036e+02 1.000000000000000000e+01 2.900000000000000000e+01
2.190003821688375467e+02 1.200000000000000000e+01 2.800000000000000000e+01
2.200003821688374899e+02 1.100000000000000000e+01 3.000000000000000000e+01
2.210003821688374330e+02 1.200000000000000000e+01 3.400000000000000000e+01
2.220003821688373762e+02 1.200000000000000000e+01 3.300000000000000000e+01
2.230003821688373193e+02 1.300000000000000000e+01 3.200000000000000000e+01
2.240003821688372625e+02 1.400000000000000000e+01 3.200000000000000000e+01
2.250003821688372057e+02 1.500000000000000000e+01 3.300000000000000000e+01
2.260003821688371488e+02 1.600000000000000000e+01 3.400000000000000000e+01
2.270001111800575018e+02 1.600000000000000000e+01 3.400000000000000000e+01
2.280003821688370351e+02 1.600000000000000000e+01 3.400000000000000000e+01
2.290000385249919361e+02 1.500000000000000000e+01 3.400000000000000000e+01
2.300003821688369214e+02 1.400000000000000000e+01 3.500000000000000000e+01
2.310003821688368646e+02 1.400000000000000000e+01 3.300000000000000000e+01
2.320003821688368078e+02 1.200000000000000000e+01 2.900000000000000000e+01
2.330003821688367509e+02 1.200000000000000000e+01 2.800000000000000000e+01
2.340003821688366941e+02 1.100000000000000000e+01 2.800000000000000000e+01
2.350003821688366372e+02 1.200000000000000000e+01 2.900000000000000000e+01
2.360003821688365804e+02 1.200000000000000000e+01 2.900000000000000000e+01
2.370003821688365235e+02 1.200000000000000000e+01 2.900000000000000000e+01
2.380003821688364667e+02 1.200000000000000000e+01 3.000000000000000000e+01
2.390003821688364098e+02 1.200000000000000000e+01 3.000000000000000000e+01
2.400003821688363530e+02 1.000000000000000000e+01 3.000000000000000000e+01
2.410003821688362962e+02 7.000000000000000000e+00 3.000000000000000000e+01
2.420003821688362393e+02 8.000000000000000000e+00 3.000000000000000000e+01
2.430003821688361825e+02 8.000000000000000000e+00 3.100000000000000000e+01
2.440003821688361256e+02 8.000000000000000000e+00 3.100000000000000000e+01
2.450003821688360688e+02 8.000000000000000000e+00 3.100000000000000000e+01
2.460003821688360119e+02 1.000000000000000000e+01 3.200000000000000000e+01
2.470003821688359551e+02 1.200000000000000000e+01 3.400000000000000000e+01
2.480003821688358983e+02 1.200000000000000000e+01 3.500000000000000000e+01
2.490003821688358414e+02 1.100000000000000000e+01 3.600000000000000000e+01
2.500003821688357846e+02 1.100000000000000000e+01 3.600000000000000000e+01
2.510003821688357277e+02 1.200000000000000000e+01 3.600000000000000000e+01
2.520003821688356709e+02 1.200000000000000000e+01 3.600000000000000000e+01
2.530003821688356140e+02 1.200000000000000000e+01 3.600000000000000000e+01
2.540003821688355572e+02 1.100000000000000000e+01 3.700000000000000000e+01
2.550003821688355004e+02 1.200000000000000000e+01 3.200000000000000000e+01
2.560003821688354719e+02 1.300000000000000000e+01 3.300000000000000000e+01
2.570003821688356993e+02 1.400000000000000000e+01 3.200000000000000000e+01
2.580003821688359267e+02 1.400000000000000000e+01 3.100000000000000000e+01
2.590003821688361541e+02 1.500000000000000000e+01 3.200000000000000000e+01
2.600002344205508962e+02 1.500000000000000000e+01 3.200000000000000000e+01
2.610003821688366088e+02 1.500000000000000000e+01 3.300000000000000000e+01
2.620003821688368362e+02 1.400000000000000000e+01 3.400000000000000000e+01
2.630003821688370635e+02 1.100000000000000000e+01 3.500000000000000000e+01
2.640003821688372909e+02 1.100000000000000000e+01 3.700000000000000000e+01
2.650003821688375183e+02 9.000000000000000000e+00 3.800000000000000000e+01
2.660003821688377457e+02 8.000000000000000000e+00 4.100000000000000000e+01
2.670003821688379730e+02 8.000000000000000000e+00 4.300000000000000000e+01
2.680003821688382004e+02 1.000000000000000000e+01 4.200000000000000000e+01
2.690003821688384278e+02 9.000000000000000000e+00 3.700000000000000000e+01
2.700003821688386552e+02 9.000000000000000000e+00 3.000000000000000000e+01
2.710003821688388825e+02 8.000000000000000000e+00 3.000000000000000000e+01
2.720003821688391099e+02 8.000000000000000000e+00 2.900000000000000000e+01
2.730003821688393373e+02 7.000000000000000000e+00 2.800000000000000000e+01
2.740000493771742072e+02 7.000000000000000000e+00 2.800000000000000000e+01
2.750003283587424221e+02 5.000000000000000000e+00 2.600000000000000000e+01
2.760003821688400194e+02 5.000000000000000000e+00 2.600000000000000000e+01
2.770003398237498686e+02 6.000000000000000000e+00 2.500000000000000000e+01
2.780003821688404742e+02 7.000000000000000000e+00 2.700000000000000000e+01
2.790003821688407015e+02 6.000000000000000000e+00 2.700000000000000000e+01
2.800003821688409289e+02 4.000000000000000000e+00 2.700000000000000000e+01
2.810003821688411563e+02 6.000000000000000000e+00 2.700000000000000000e+01
2.820003821688413836e+02 4.000000000000000000e+00 2.700000000000000000e+01
2.830003821688416110e+02 4.000000000000000000e+00 2.700000000000000000e+01
2.840003821688418384e+02 5.000000000000000000e+00 2.800000000000000000e+01
2.850003821688420658e+02 3.000000000000000000e+00 2.900000000000000000e+01
2.860003821688422931e+02 3.000000000000000000e+00 2.400000000000000000e+01
2.870003821688425205e+02 4.000000000000000000e+00 2.400000000000000000e+01
2.880003821688427479e+02 4.000000000000000000e+00 2.100000000000000000e+01
2.890003821688429753e+02 3.000000000000000000e+00 2.000000000000000000e+01
2.900003821688432026e+02 2.000000000000000000e+00 1.800000000000000000e+01
2.910003821688434300e+02 2.000000000000000000e+00 1.800000000000000000e+01
2.920003821688436574e+02 4.000000000000000000e+00 1.500000000000000000e+01
2.930002965773495589e+02 8.000000000000000000e+00 1.700000000000000000e+01
2.940003821688441121e+02 8.000000000000000000e+00 1.700000000000000000e+01
2.950003821688443395e+02 7.000000000000000000e+00 1.700000000000000000e+01
2.960003821688445669e+02 7.000000000000000000e+00 1.600000000000000000e+01
2.970003821688447943e+02 8.000000000000000000e+00 1.700000000000000000e+01
2.980003821688450216e+02 8.000000000000000000e+00 1.700000000000000000e+01
2.990003821688452490e+02 8.000000000000000000e+00 1.800000000000000000e+01
3.000003821688454764e+02 7.000000000000000000e+00 1.800000000000000000e+01
