0.000000000000000000e+00 0.000000000000000000e+00 0.000000000000000000e+00
1.000096390914459565e+00 0.000000000000000000e+00 0.000000000000000000e+00
2.000096390914460454e+00 0.000000000000000000e+00 0.000000000000000000e+00
3.000096390914461342e+00 1.000000000000000000e+00 1.000000000000000000e+00
4.000096390914461786e+00 1.000000000000000000e+00 1.000000000000000000e+00
5.000096390914458233e+00 3.000000000000000000e+00 3.000000000000000000e+00
6.000096390914454680e+00 4.000000000000000000e+00 4.000000000000000000e+00
7.000096390914451128e+00 6.000000000000000000e+00 6.000000000000000000e+00
8.000096390914448463e+00 5.000000000000000000e+00 4.000000000000000000e+00
9.000096390914444910e+00 5.000000000000000000e+00 4.000000000000000000e+00
1.000009639091444136e+01 6.000000000000000000e+00 5.000000000000000000e+00
1.100009639091443781e+01 7.000000000000000000e+00 6.000000000000000000e+00
1.200009639091443425e+01 6.000000000000000000e+00 5.000000000000000000e+00
1.300009639091443070e+01 7.000000000000000000e+00 6.000000000000000000e+00
1.400009639091442715e+01 7.000000000000000000e+00 6.000000000000000000e+00
1.500009639091442359e+01 7.000000000000000000e+00 6.000000000000000000e+00
1.600009639091442182e+01 6.000000000000000000e+00 5.000000000000000000e+00
1.700009639091443603e+01 6.000000000000000000e+00 5.000000000000000000e+00
1.800009639091445024e+01 7.000000000000000000e+00 6.000000000000000000e+00
1.900009639091446445e+01 6.000000000000000000e+00 5.000000000000000000e+00
2.000009639091447866e+01 6.000000000000000000e+00 5.000000000000000000e+00
2.100009639091449287e+01 6.000000000000000000e+00 5.000000000000000000e+00
2.200009639091450708e+01 7.000000000000000000e+00 6.000000000000000000e+00
2.300009639091452129e+01 8.000000000000000000e+00 7.000000000000000000e+00
2.400009639091453550e+01 7.000000000000000000e+00 6.000000000000000000e+00
2.500009639091454972e+01 6.000000000000000000e+00 5.000000000000000000e+00
2.600009639091456393e+01 6.000000000000000000e+00 5.000000000000000000e+00
2.700009639091457814e+01 6.000000000000000000e+00 5.000000000000000000e+00
2.800009639091459235e+01 7.000000000000000000e+00 6.000000000000000000e+00
2.900009639091460656e+01 9.000000000000000000e+00 8.000000000000000000e+00
3.000009639091462077e+01 7.000000000000000000e+00 6.000000000000000000e+00
3.100009639091463498e+01 8.000000000000000000e+00 7.000000000000000000e+00
3.200009639091464919e+01 9.000000000000000000e+00 8.000000000000000000e+00
3.300009639091466340e+01 1.000000000000000000e+01 8.000000000000000000e+00
3.400009639091467761e+01 1.000000000000000000e+01 7.000000000000000000e+00
3.500009639091469182e+01 1.000000000000000000e+01 7.000000000000000000e+00
3.600009639091470603e+01 9.000000000000000000e+00 6.000000000000000000e+00
3.700009639091472025e+01 6.000000000000000000e+00 3.000000000000000000e+00
3.800009639091473446e+01 8.000000000000000000e+00 5.000000000000000000e+00
3.900009639091474867e+01 9.000000000000000000e+00 4.000000000000000000e+00
4.000009639091476288e+01 9.000000000000000000e+00 4.000000000000000000e+00
4.100009639091477709e+01 9.000000000000000000e+00 5.000000000000000000e+00
4.200009639091479130e+01 8.000000000000000000e+00 4.000000000000000000e+00
4.300009639091480551e+01 8.000000000000000000e+00 4.000000000000000000e+00
4.400009639091481972e+01 7.000000000000000000e+00 3.000000000000000000e+00
4.500009639091483393e+01 7.000000000000000000e+00 3.000000000000000000e+00
4.600009639091484814e+01 6.000000000000000000e+00 3.000000000000000000e+00
4.700009639091486235e+01 5.000000000000000000e+00 2.000000000000000000e+00
4.800009639091487657e+01 7.000000000000000000e+00 2.000000000000000000e+00
4.900009639091489078e+01 7.000000000000000000e+00 2.000000000000000000e+00
5.000009639091490499e+01 7.000000000000000000e+00 4.000000000000000000e+00
5.100009639091491920e+01 1.000000000000000000e+01 5.000000000000000000e+00
5.200009639091493341e+01 9.000000000000000000e+00 6.000000000000000000e+00
5.300009639091494762e+01 8.000000000000000000e+00 3.000000000000000000e+00
5.400009639091496183e+01 6.000000000000000000e+00 1.000000000000000000e+00
5.500009639091497604e+01 6.000000000000000000e+00 1.000000000000000000e+00
5.600009639091499025e+01 8.000000000000000000e+00 2.000000000000000000e+00
5.700009639091500446e+01 6.000000000000000000e+00 0.000000000000000000e+00
5.800009639091501867e+01 6.000000000000000000e+00 0.000000000000000000e+00
5.900009639091503288e+01 8.000000000000000000e+00 1.000000000000000000e+00
6.000009639091504710e+01 8.000000000000000000e+00 0.000000000000000000e+00
6.100009639091506131e+01 9.000000000000000000e+00 1.000000000000000000e+00
6.200009639091507552e+01 8.000000000000000000e+00 1.000000000000000000e+00
6.300009639091508973e+01 8.000000000000000000e+00 3.000000000000000000e+00
6.400009639091510394e+01 7.000000000000000000e+00 3.000000000000000000e+00
6.500009639091504710e+01 8.000000000000000000e+00 2.000000000000000000e+00
6.600009639091499025e+01 8.000000000000000000e+00 3.000000000000000000e+00
6.700009639091493341e+01 9.000000000000000000e+00 3.000000000000000000e+00
6.800009639091487657e+01 9.000000000000000000e+00 1.000000000000000000e+00
6.900009639091481972e+01 9.000000000000000000e+00 0.000000000000000000e+00
7.000009639091476288e+01 9.000000000000000000e+00 0.000000000000000000e+00
7.100009639091470603e+01 1.000000000000000000e+01 0.000000000000000000e+00
7.200009639091464919e+01 1.300000000000000000e+01 2.000000000000000000e+00
7.300009639091459235e+01 1.200000000000000000e+01 2.000000000000000000e+00
7.400009639091453550e+01 1.500000000000000000e+01 4.000000000000000000e+00
7.500009639091447866e+01 1.500000000000000000e+01 3.000000000000000000e+00
7.600009639091442182e+01 1.500000000000000000e+01 5.000000000000000000e+00
7.700009639091436497e+01 1.400000000000000000e+01 6.000000000000000000e+00
7.800009639091430813e+01 8.000000000000000000e+00 6.000000000000000000e+00
7.900009639091425129e+01 3.000000000000000000e+00 5.000000000000000000e+00
8.000009639091419444e+01 5.000000000000000000e+00 5.000000000000000000e+00
8.100009639091413760e+01 5.000000000000000000e+00 5.000000000000000000e+00
8.200001277354613194e+01 3.000000000000000000e+00 5.000000000000000000e+00
8.300009639091402391e+01 3.000000000000000000e+00 7.000000000000000000e+00
8.400009639091396707e+01 2.000000000000000000e+00 7.000000000000000000e+00
8.500009639091391023e+01 2.000000000000000000e+00 7.000000000000000000e+00
8.600009639091385338e+01 3.000000000000000000e+00 8.000000000000000000e+00
8.700009639091379654e+01 3.000000000000000000e+00 8.000000000000000000e+00
8.800009639091373970e+01 6.000000000000000000e+00 1.000000000000000000e+01
8.900009639091368285e+01 8.000000000000000000e+00 9.000000000000000000e+00
9.000009639091362601e+01 1.000000000000000000e+01 6.000000000000000000e+00
9.100009639091356917e+01 1.000000000000000000e+01 8.000000000000000000e+00
9.200009639091351232e+01 1.000000000000000000e+01 5.000000000000000000e+00
9.300009639091345548e+01 1.000000000000000000e+01 5.000000000000000000e+00
9.400009639091339864e+01 8.000000000000000000e+00 5.000000000000000000e+00
9.500009639091334179e+01 9.000000000000000000e+00 5.000000000000000000e+00
9.600009639091328495e+01 9.000000000000000000e+00 5.000000000000000000e+00
9.700006784941481897e+01 9.000000000000000000e+00 6.000000000000000000e+00
9.800009639091317126e+01 8.000000000000000000e+00 8.000000000000000000e+00
9.900009639091311442e+01 8.000000000000000000e+00 6.000000000000000000e+00
1.000000963909130576e+02 8.000000000000000000e+00 7.000000000000000000e+00
1.010000963909130007e+02 7.000000000000000000e+00 7.000000000000000000e+00
1.020000963909129439e+02 7.000000000000000000e+00 4.000000000000000000e+00
1.030000963909128870e+02 7.000000000000000000e+00 3.000000000000000000e+00
1.040000963909128302e+02 4.000000000000000000e+00 3.000000000000000000e+00
1.050000963909127734e+02 5.000000000000000000e+00 1.000000000000000000e+00
1.060000963909127165e+02 7.000000000000000000e+00 2.000000000000000000e+00
1.070000963909126597e+02 6.000000000000000000e+00 2.000000000000000000e+00
1.080000963909126028e+02 6.000000000000000000e+00 3.000000000000000000e+00
1.090000963909125460e+02 7.000000000000000000e+00 3.000000000000000000e+00
1.100000963909124891e+02 6.000000000000000000e+00 4.000000000000000000e+00
1.110000963909124323e+02 6.000000000000000000e+00 4.000000000000000000e+00
1.120000963909123755e+02 6.000000000000000000e+00 5.000000000000000000e+00
1.130000963909123186e+02 8.000000000000000000e+00 7.000000000000000000e+00
1.140000963909122618e+02 9.000000000000000000e+00 7.000000000000000000e+00
1.150000963909122049e+02 1.000000000000000000e+01 7.000000000000000000e+00
1.160000963909121481e+02 7.000000000000000000e+00 7.000000000000000000e+00
1.170000963909120912e+02 7.000000000000000000e+00 7.000000000000000000e+00
1.180000963909120344e+02 8.000000000000000000e+00 9.000000000000000000e+00
1.190000963909119776e+02 9.000000000000000000e+00 9.000000000000000000e+00
1.200000963909119207e+02 9.000000000000000000e+00 1.000000000000000000e+01
1.210000963909118639e+02 6.000000000000000000e+00 1.000000000000000000e+01
1.220000963909118070e+02 7.000000000000000000e+00 1.100000000000000000e+01
1.230000963909117502e+02 5.000000000000000000e+00 1.000000000000000000e+01
1.240000963909116933e+02 5.000000000000000000e+00 9.000000000000000000e+00
1.250000963909116365e+02 6.000000000000000000e+00 1.000000000000000000e+01
1.260000963909115796e+02 6.000000000000000000e+00 1.000000000000000000e+01
1.270000963909115228e+02 7.000000000000000000e+00 1.000000000000000000e+01
1.280000963909114660e+02 8.000000000000000000e+00 1.300000000000000000e+01
1.290000963909114091e+02 1.000000000000000000e+01 1.300000000000000000e+01
1.300000963909113523e+02 1.100000000000000000e+01 1.400000000000000000e+01
1.310000963909112954e+02 1.200000000000000000e+01 1.600000000000000000e+01
1.320000963909112386e+02 1.100000000000000000e+01 1.500000000000000000e+01
1.330000963909111817e+02 1.200000000000000000e+01 1.400000000000000000e+01
1.340000963909111249e+02 1.200000000000000000e+01 1.300000000000000000e+01
1.350000963909110681e+02 1.300000000000000000e+01 1.200000000000000000e+01
1.360000963909110112e+02 1.400000000000000000e+01 1.100000000000000000e+01
1.370000963909109544e+02 1.300000000000000000e+01 1.100000000000000000e+01
1.380000963909108975e+02 1.400000000000000000e+01 1.000000000000000000e+01
1.390000477805244259e+02 1.400000000000000000e+01 9.000000000000000000e+00
1.400000963909107838e+02 1.400000000000000000e+01 9.000000000000000000e+00
1.410000963909107270e+02 1.300000000000000000e+01 1.200000000000000000e+01
1.420000963909106702e+02 1.300000000000000000e+01 1.200000000000000000e+01
1.430000963909106133e+02 1.300000000000000000e+01 1.100000000000000000e+01
1.440000963909105565e+02 1.300000000000000000e+01 1.100000000000000000e+01
1.450000963909104996e+02 1.300000000000000000e+01 1.200000000000000000e+01
1.460000963909104428e+02 1.300000000000000000e+01 1.200000000000000000e+01
1.470000963909103859e+02 1.300000000000000000e+01 1.300000000000000000e+01
1.480000963909103291e+02 1.500000000000000000e+01 1.000000000000000000e+01
1.490000963909102722e+02 1.500000000000000000e+01 8.000000000000000000e+00
1.500000963909102154e+02 1.500000000000000000e+01 8.000000000000000000e+00
1.510000963909101586e+02 1.500000000000000000e+01 8.000000000000000000e+00
1.520000963909101017e+02 1.600000000000000000e+01 7.000000000000000000e+00
1.530000963909100449e+02 1.700000000000000000e+01 4.000000000000000000e+00
1.540000963909099880e+02 1.800000000000000000e+01 4.000000000000000000e+00
1.550000963909099312e+02 1.800000000000000000e+01 3.000000000000000000e+00
1.560000963909098743e+02 1.800000000000000000e+01 1.000000000000000000e+00
1.570000963909098175e+02 1.900000000000000000e+01 1.000000000000000000e+00
1.580000963909097607e+02 2.000000000000000000e+01 2.000000000000000000e+00
1.590000963909097038e+02 2.000000000000000000e+01 2.000000000000000000e+00
1.600000963909096470e+02 2.000000000000000000e+01 3.000000000000000000e+00
1.610000963909095901e+02 2.000000000000000000e+01 1.000000000000000000e+00
1.620000963909095333e+02 2.000000000000000000e+01 1.000000000000000000e+00
1.630000963909094764e+02 2.100000000000000000e+01 2.000000000000000000e+00
1.640000963909094196e+02 2.000000000000000000e+01 3.000000000000000000e+00
1.650000963909093628e+02 1.800000000000000000e+01 3.000000000000000000e+00
1.660000963909093059e+02 1.700000000000000000e+01 5.000000000000000000e+00
1.670000963909092491e+02 1.700000000000000000e+01 6.000000000000000000e+00
1.680000963909091922e+02 1.700000000000000000e+01 6.000000000000000000e+00
1.690000963909091354e+02 1.700000000000000000e+01 6.000000000000000000e+00
1.700000963909090785e+02 1.700000000000000000e+01 7.000000000000000000e+00
1.710000963909090217e+02 1.800000000000000000e+01 8.000000000000000000e+00
1.720000963909089648e+02 1.800000000000000000e+01 9.000000000000000000e+00
1.730000963909089080e+02 2.000000000000000000e+01 8.000000000000000000e+00
1.740000963909088512e+02 2.200000000000000000e+01 9.000000000000000000e+00
1.750000963909087943e+02 2.200000000000000000e+01 1.000000000000000000e+01
1.760000963909087375e+02 2.200000000000000000e+01 1.000000000000000000e+01
1.770000963909086806e+02 2.200000000000000000e+01 1.300000000000000000e+01
1.780000963909086238e+02 2.200000000000000000e+01 1.400000000000000000e+01
1.790000963909085669e+02 2.100000000000000000e+01 1.500000000000000000e+01
1.800000963909085101e+02 2.000000000000000000e+01 1.400000000000000000e+01
1.810000963909084533e+02 1.900000000000000000e+01 1.300000000000000000e+01
1.820000963909083964e+02 1.700000000000000000e+01 1.500000000000000000e+01
1.830000963909083396e+02 1.600000000000000000e+01 1.600000000000000000e+01
1.840000963909082827e+02 1.600000000000000000e+01 1.600000000000000000e+01
1.850000963909082259e+02 1.500000000000000000e+01 1.400000000000000000e+01
1.860000963909081690e+02 1.500000000000000000e+01 1.000000000000000000e+01
1.870000963909081122e+02 1.700000000000000000e+01 9.000000000000000000e+00
1.880000963909080554e+02 1.800000000000000000e+01 9.000000000000000000e+00
1.890000963909079985e+02 1.800000000000000000e+01 9.000000000000000000e+00
1.900000963909079417e+02 1.900000000000000000e+01 8.000000000000000000e+00
1.910000963909078848e+02 1.900000000000000000e+01 6.000000000000000000e+00
1.920000963909078280e+02 2.100000000000000000e+01 6.000000000000000000e+00
1.930000963909077711e+02 2.000000000000000000e+01 7.000000000000000000e+00
1.940000963909077143e+02 1.700000000000000000e+01 7.000000000000000000e+00
1.950000963909076575e+02 1.700000000000000000e+01 8.000000000000000000e+00
1.960000963909076006e+02 1.900000000000000000e+01 8.000000000000000000e+00
1.970000963909075438e+02 1.800000000000000000e+01 1.100000000000000000e+01
1.980000963909074869e+02 1.800000000000000000e+01 1.000000000000000000e+01
1.990000963909074301e+02 1.800000000000000000e+01 1.200000000000000000e+01
2.000000963909073732e+02 1.700000000000000000e+01 1.100000000000000000e+01
2.010000963909073164e+02 1.700000000000000000e+01 1.100000000000000000e+01
2.020000963909072595e+02 1.500000000000000000e+01 1.100000000000000000e+01
2.030000963909072027e+02 1.400000000000000000e+01 1.200000000000000000e+01
2.040000963909071459e+02 1.600000000000000000e+01 1.200000000000000000e+01
2.050000963909070890e+02 1.600000000000000000e+01 1.200000000000000000e+01
2.060000963909070322e+02 1.700000000000000000e+01 1.000000000000000000e+01
2.070000963909069753e+02 1.500000000000000000e+01 1.100000000000000000e+01
2.080000963909069185e+02 1.700000000000000000e+01 9.000000000000000000e+00
2.090000963909068616e+02 1.700000000000000000e+01 8.000000000000000000e+00
2.100000963909068048e+02 1.800000000000000000e+01 8.000000000000000000e+00
2.110000963909067480e+02 1.900000000000000000e+01 9.000000000000000000e+00
2.120000963909066911e+02 1.900000000000000000e+01 1.000000000000000000e+01
2.130000963909066343e+02 1.800000000000000000e+01 1.000000000000000000e+01
2.140000963909065774e+02 2.000000000000000000e+01 1.100000000000000000e+01
2.150000963909065206e+02 2.100000000000000000e+01 1.100000000000000000e+01
2.160000963909064637e+02 2.100000000000000000e+01 1.100000000000000000e+01
2.170000963909064069e+02 2.100000000000000000e+01 1.100000000000000000e+01
2.180000963909063501e+02 2.200000000000000000e+01 1.100000000000000000e+01
2.190000963909062932e+02 2.200000000000000000e+01 1.200000000000000000e+01
2.200000963909062364e+02 2.100000000000000000e+01 1.300000000000000000e+01
2.210000963909061795e+02 2.000000000000000000e+01 1.300000000000000000e+01
2.220000963909061227e+02 2.100000000000000000e+01 1.200000000000000000e+01
2.230000963909060658e+02 2.100000000000000000e+01 1.400000000000000000e+01
2.240000963909060090e+02 2.200000000000000000e+01 1.300000000000000000e+01
2.250000963909059521e+02 2.400000000000000000e+01 1.500000000000000000e+01
2.260000963909058953e+02 2.400000000000000000e+01 1.400000000000000000e+01
2.270000963909058385e+02 2.400000000000000000e+01 1.400000000000000000e+01
2.280000963909057816e+02 2.400000000000000000e+01 1.400000000000000000e+01
2.290000963909057248e+02 2.400000000000000000e+01 1.400000000000000000e+01
2.300000963909056679e+02 2.300000000000000000e+01 1.500000000000000000e+01
2.310000963909056111e+02 2.300000000000000000e+01 1.500000000000000000e+01
2.320000963909055542e+02 2.200000000000000000e+01 1.500000000000000000e+01
2.330000963909054974e+02 2.100000000000000000e+01 1.200000000000000000e+01
2.340000963909054406e+02 1.900000000000000000e+01 1.200000000000000000e+01
2.350000963909053837e+02 2.000000000000000000e+01 9.000000000000000000e+00
2.360000963909053269e+02 2.000000000000000000e+01 9.000000000000000000e+00
2.370000963909052700e+02 2.100000000000000000e+01 1.000000000000000000e+01
2.380000963909052132e+02 2.100000000000000000e+01 1.000000000000000000e+01
2.390000963909051563e+02 2.000000000000000000e+01 1.000000000000000000e+01
2.400000963909050995e+02 2.000000000000000000e+01 9.000000000000000000e+00
2.410000963909050427e+02 2.200000000000000000e+01 1.000000000000000000e+01
2.420000963909049858e+02 1.900000000000000000e+01 1.100000000000000000e+01
2.430000963909049290e+02 2.100000000000000000e+01 1.200000000000000000e+01
2.440000963909048721e+02 2.000000000000000000e+01 1.100000000000000000e+01
2.450000963909048153e+02 1.900000000000000000e+01 1.000000000000000000e+01
2.460000963909047584e+02 1.900000000000000000e+01 9.000000000000000000e+00
2.470000963909047016e+02 1.900000000000000000e+01 1.000000000000000000e+01
2.480000963909046447e+02 1.900000000000000000e+01 1.100000000000000000e+01
2.490000963909045879e+02 1.900000000000000000e+01 1.100000000000000000e+01
2.500000963909045311e+02 2.100000000000000000e+01 1.300000000000000000e+01
2.510000963909044742e+02 2.100000000000000000e+01 1.500000000000000000e+01
2.520000963909044174e+02 1.400000000000000000e+01 1.500000000000000000e+01
2.530000733443913532e+02 1.200000000000000000e+01 1.500000000000000000e+01
2.540000963909043037e+02 1.100000000000000000e+01 1.500000000000000000e+01
2.550000963909042468e+02 1.300000000000000000e+01 1.500000000000000000e+01
2.560000963909042184e+02 1.300000000000000000e+01 1.600000000000000000e+01
2.570000963909044458e+02 1.200000000000000000e+01 1.700000000000000000e+01
2.580000963909046732e+02 1.200000000000000000e+01 1.500000000000000000e+01
2.590000963909049005e+02 1.300000000000000000e+01 1.600000000000000000e+01
2.600000963909051279e+02 1.300000000000000000e+01 1.900000000000000000e+01
2.610000963909053553e+02 1.500000000000000000e+01 1.800000000000000000e+01
2.620000963909055827e+02 1.500000000000000000e+01 1.700000000000000000e+01
2.630000963909058100e+02 1.600000000000000000e+01 1.700000000000000000e+01
2.640000963909060374e+02 1.700000000000000000e+01 1.600000000000000000e+01
2.650000963909062648e+02 1.700000000000000000e+01 1.700000000000000000e+01
2.660000202160748017e+02 1.600000000000000000e+01 1.500000000000000000e+01
2.670000963909067195e+02 1.600000000000000000e+01 1.600000000000000000e+01
2.680000963909069469e+02 1.600000000000000000e+01 1.800000000000000000e+01
2.690000963909071743e+02 1.600000000000000000e+01 1.800000000000000000e+01
2.700000963909074017e+02 1.800000000000000000e+01 1.800000000000000000e+01
2.710000963909076290e+02 1.800000000000000000e+01 1.600000000000000000e+01
2.720000963909078564e+02 1.900000000000000000e+01 1.700000000000000000e+01
2.730000963909080838e+02 2.100000000000000000e+01 1.700000000000000000e+01
2.740000963909083112e+02 2.100000000000000000e+01 1.700000000000000000e+01
2.750000963909085385e+02 2.100000000000000000e+01 1.600000000000000000e+01
2.760000963909087659e+02 2.100000000000000000e+01 1.400000000000000000e+01
2.770000963909089933e+02 2.200000000000000000e+01 1.300000000000000000e+01
2.780000963909092206e+02 2.100000000000000000e+01 9.000000000000000000e+00
2.790000963909094480e+02 2.000000000000000000e+01 9.000000000000000000e+00
2.800000963909096754e+02 2.000000000000000000e+01 9.000000000000000000e+00
2.810000963909099028e+02 2.300000000000000000e+01 9.000000000000000000e+00
2.820000963909101301e+02 2.400000000000000000e+01 9.000000000000000000e+00
2.830000963909103575e+02 2.500000000000000000e+01 1.000000000000000000e+01
2.840000963909105849e+02 2.400000000000000000e+01 9.000000000000000000e+00
2.850000963909108123e+02 2.400000000000000000e+01 9.000000000000000000e+00
2.860000963909110396e+02 2.300000000000000000e+01 4.000000000000000000e+00
2.870000963909112670e+02 2.300000000000000000e+01 6.000000000000000000e+00
2.880000963909114944e+02 2.000000000000000000e+01 5.000000000000000000e+00
2.890000963909117218e+02 1.800000000000000000e+01 5.000000000000000000e+00
2.900000963909119491e+02 1.800000000000000000e+01 5.000000000000000000e+00
2.910000963909121765e+02 1.500000000000000000e+01 5.000000000000000000e+00
2.920000963909124039e+02 1.500000000000000000e+01 5.000000000000000000e+00
2.930000963909126313e+02 1.600000000000000000e+01 7.000000000000000000e+00
2.940000963909128586e+02 1.600000000000000000e+01 5.000000000000000000e+00
2.950000963909130860e+02 1.400000000000000000e+01 5.000000000000000000e+00
2.960000963909133134e+02 1.500000000000000000e+01 6.000000000000000000e+00
2.970000963909135407e+02 1.500000000000000000e+01 6.000000000000000000e+00
2.980000963909137681e+02 1.500000000000000000e+01 6.000000000000000000e+00
2.990000963909139955e+02 1.500000000000000000e+01 5.000000000000000000e+00
3.000000963909142229e+02 1.600000000000000000e+01 4.000000000000000000e+00
