0.000000000000000000e+00 0.000000000000000000e+00 0.000000000000000000e+00
1.000200584893628175e+00 2.000000000000000000e+00 2.000000000000000000e+00
2.000200584893629063e+00 3.000000000000000000e+00 3.000000000000000000e+00
3.000200584893629951e+00 4.000000000000000000e+00 4.000000000000000000e+00
4.000200584893630840e+00 6.000000000000000000e+00 6.000000000000000000e+00
5.000200584893627287e+00 7.000000000000000000e+00 7.000000000000000000e+00
6.000200584893623734e+00 7.000000000000000000e+00 7.000000000000000000e+00
7.000200584893620182e+00 8.000000000000000000e+00 8.000000000000000000e+00
8.000200584893617517e+00 8.000000000000000000e+00 8.000000000000000000e+00
9.000200584893613964e+00 8.000000000000000000e+00 8.000000000000000000e+00
1.000020058489361041e+01 9.000000000000000000e+00 9.000000000000000000e+00
1.100020058489360686e+01 9.000000000000000000e+00 9.000000000000000000e+00
1.200020058489360331e+01 9.000000000000000000e+00 9.000000000000000000e+00
1.300020058489359975e+01 1.000000000000000000e+01 1.000000000000000000e+01
1.400020058489359620e+01 1.100000000000000000e+01 1.100000000000000000e+01
1.500020058489359265e+01 1.200000000000000000e+01 1.200000000000000000e+01
1.600020058489359087e+01 1.300000000000000000e+01 1.300000000000000000e+01
1.700020058489360508e+01 1.200000000000000000e+01 1.200000000000000000e+01
1.800020058489361929e+01 1.200000000000000000e+01 1.200000000000000000e+01
1.900020058489363350e+01 1.100000000000000000e+01 1.200000000000000000e+01
2.000020058489364772e+01 1.100000000000000000e+01 1.200000000000000000e+01
2.100020058489366193e+01 1.000000000000000000e+01 1.100000000000000000e+01
2.200020058489367614e+01 1.100000000000000000e+01 1.200000000000000000e+01
2.300020058489369035e+01 1.100000000000000000e+01 1.200000000000000000e+01
2.400020058489370456e+01 9.000000000000000000e+00 1.100000000000000000e+01
2.500020058489371877e+01 8.000000000000000000e+00 1.000000000000000000e+01
2.600020058489373298e+01 9.000000000000000000e+00 6.000000000000000000e+00
2.700020058489374719e+01 6.000000000000000000e+00 2.000000000000000000e+00
2.800020058489376140e+01 5.000000000000000000e+00 1.000000000000000000e+00
2.900020058489377561e+01 1.000000000000000000e+00 0.000000000000000000e+00
3.000020058489378982e+01 1.000000000000000000e+00 2.000000000000000000e+00
3.100020058489380403e+01 1.000000000000000000e+00 0.000000000000000000e+00
3.200020058489381825e+01 2.000000000000000000e+00 0.000000000000000000e+00
3.300020058489383246e+01 2.000000000000000000e+00 0.000000000000000000e+00
3.400020058489384667e+01 1.000000000000000000e+00 1.000000000000000000e+00
3.500020058489386088e+01 1.000000000000000000e+00 1.000000000000000000e+00
3.600020058489387509e+01 2.000000000000000000e+00 2.000000000000000000e+00
3.700020058489388930e+01 3.000000000000000000e+00 2.000000000000000000e+00
3.800020058489390351e+01 3.000000000000000000e+00 2.000000000000000000e+00
3.900004024904285416e+01 3.000000000000000000e+00 2.000000000000000000e+00
4.000020058489393193e+01 4.000000000000000000e+00 3.000000000000000000e+00
4.100006827978379675e+01 4.000000000000000000e+00 3.000000000000000000e+00
4.200020058489396035e+01 5.000000000000000000e+00 4.000000000000000000e+00
4.300020058489397456e+01 5.000000000000000000e+00 4.000000000000000000e+00
4.400020058489398878e+01 5.000000000000000000e+00 4.000000000000000000e+00
4.500020058489400299e+01 5.000000000000000000e+00 4.000000000000000000e+00
4.600020058489401720e+01 5.000000000000000000e+00 4.000000000000000000e+00
4.700020058489403141e+01 5.000000000000000000e+00 4.000000000000000000e+00
4.800020058489404562e+01 6.000000000000000000e+00 5.000000000000000000e+00
4.900020058489405983e+01 7.000000000000000000e+00 6.000000000000000000e+00
5.000020058489407404e+01 8.000000000000000000e+00 7.000000000000000000e+00
5.100020058489408825e+01 8.000000000000000000e+00 7.000000000000000000e+00
5.200020058489410246e+01 9.000000000000000000e+00 7.000000000000000000e+00
5.300020058489411667e+01 9.000000000000000000e+00 5.000000000000000000e+00
5.400020058489413088e+01 8.000000000000000000e+00 6.000000000000000000e+00
5.500020058489414509e+01 8.000000000000000000e+00 4.000000000000000000e+00
5.600000094408606088e+01 1.000000000000000000e+01 5.000000000000000000e+00
5.700020058489417352e+01 1.200000000000000000e+01 5.000000000000000000e+00
5.800020058489418773e+01 1.300000000000000000e+01 5.000000000000000000e+00
5.900020058489420194e+01 1.400000000000000000e+01 5.000000000000000000e+00
6.000008574262691496e+01 1.600000000000000000e+01 6.000000000000000000e+00
6.100020058489423036e+01 1.400000000000000000e+01 5.000000000000000000e+00
6.200020058489424457e+01 1.300000000000000000e+01 5.000000000000000000e+00
6.300020058489425878e+01 1.300000000000000000e+01 5.000000000000000000e+00
6.400020058489427299e+01 1.200000000000000000e+01 7.000000000000000000e+00
6.500020058489421615e+01 1.200000000000000000e+01 4.000000000000000000e+00
6.600020058489415931e+01 1.300000000000000000e+01 2.000000000000000000e+00
6.700020058489410246e+01 1.200000000000000000e+01 2.000000000000000000e+00
6.800020058489404562e+01 1.200000000000000000e+01 2.000000000000000000e+00
6.900020058489398878e+01 1.500000000000000000e+01 5.000000000000000000e+00
7.000020058489393193e+01 1.500000000000000000e+01 5.000000000000000000e+00
7.100020058489387509e+01 1.600000000000000000e+01 6.000000000000000000e+00
7.200020058489381825e+01 1.600000000000000000e+01 5.000000000000000000e+00
7.300020058489376140e+01 1.500000000000000000e+01 5.000000000000000000e+00
7.400020058489370456e+01 1.600000000000000000e+01 7.000000000000000000e+00
7.500020058489364772e+01 1.700000000000000000e+01 8.000000000000000000e+00
7.600020058489359087e+01 2.100000000000000000e+01 1.300000000000000000e+01
7.700020058489353403e+01 2.100000000000000000e+01 1.200000000000000000e+01
7.800020058489347718e+01 2.200000000000000000e+01 1.400000000000000000e+01
7.900020058489342034e+01 2.400000000000000000e+01 1.600000000000000000e+01
8.000020058489336350e+01 2.400000000000000000e+01 1.800000000000000000e+01
8.100020058489330665e+01 2.400000000000000000e+01 1.700000000000000000e+01
8.200020058489324981e+01 2.000000000000000000e+01 1.800000000000000000e+01
8.300020058489319297e+01 1.900000000000000000e+01 2.000000000000000000e+01
8.400020058489313612e+01 1.800000000000000000e+01 1.800000000000000000e+01
8.500020058489307928e+01 1.700000000000000000e+01 1.900000000000000000e+01
8.600020058489302244e+01 1.700000000000000000e+01 1.700000000000000000e+01
8.700020058489296559e+01 1.800000000000000000e+01 2.000000000000000000e+01
8.800020058489290875e+01 1.800000000000000000e+01 2.000000000000000000e+01
8.900020058489285191e+01 2.100000000000000000e+01 2.200000000000000000e+01
9.000020058489279506e+01 2.200000000000000000e+01 2.200000000000000000e+01
9.100020058489273822e+01 2.200000000000000000e+01 2.200000000000000000e+01
9.200020058489268138e+01 2.500000000000000000e+01 2.500000000000000000e+01
9.300020058489262453e+01 2.500000000000000000e+01 2.500000000000000000e+01
9.400020058489256769e+01 2.600000000000000000e+01 2.600000000000000000e+01
9.500020058489251085e+01 2.600000000000000000e+01 2.600000000000000000e+01
9.600020058489245400e+01 2.600000000000000000e+01 2.500000000000000000e+01
9.700020058489239716e+01 2.600000000000000000e+01 2.500000000000000000e+01
9.800020058489234032e+01 2.700000000000000000e+01 2.500000000000000000e+01
9.900020058489228347e+01 2.700000000000000000e+01 2.500000000000000000e+01
1.000002005848922266e+02 2.500000000000000000e+01 2.500000000000000000e+01
1.010002005848921698e+02 2.500000000000000000e+01 2.600000000000000000e+01
1.020002005848921129e+02 2.100000000000000000e+01 2.600000000000000000e+01
1.030002005848920561e+02 1.700000000000000000e+01 2.800000000000000000e+01
1.040002005848919993e+02 1.400000000000000000e+01 2.600000000000000000e+01
1.050002005848919424e+02 1.400000000000000000e+01 2.600000000000000000e+01
1.060001022553473149e+02 1.200000000000000000e+01 2.400000000000000000e+01
1.070002005848918287e+02 1.000000000000000000e+01 2.300000000000000000e+01
1.080002005848917719e+02 9.000000000000000000e+00 2.300000000000000000e+01
1.090002005848917150e+02 7.000000000000000000e+00 2.300000000000000000e+01
1.100002005848916582e+02 6.000000000000000000e+00 2.500000000000000000e+01
1.110002005848916014e+02 6.000000000000000000e+00 2.600000000000000000e+01
1.120002005848915445e+02 6.000000000000000000e+00 2.600000000000000000e+01
1.130002005848914877e+02 8.000000000000000000e+00 2.800000000000000000e+01
1.140002005848914308e+02 7.000000000000000000e+00 2.700000000000000000e+01
1.150002005848913740e+02 8.000000000000000000e+00 2.600000000000000000e+01
1.160002005848913171e+02 8.000000000000000000e+00 2.300000000000000000e+01
1.170002005848912603e+02 9.000000000000000000e+00 2.200000000000000000e+01
1.180002005848912034e+02 9.000000000000000000e+00 1.900000000000000000e+01
1.190002005848911466e+02 1.000000000000000000e+01 1.800000000000000000e+01
1.200002005848910898e+02 9.000000000000000000e+00 1.900000000000000000e+01
1.210002005848910329e+02 9.000000000000000000e+00 1.900000000000000000e+01
1.220002005848909761e+02 1.100000000000000000e+01 1.700000000000000000e+01
1.230002005848909192e+02 1.100000000000000000e+01 1.700000000000000000e+01
1.240002005848908624e+02 1.000000000000000000e+01 1.600000000000000000e+01
1.250001750256549684e+02 1.100000000000000000e+01 1.900000000000000000e+01
1.260002005848907487e+02 1.100000000000000000e+01 1.900000000000000000e+01
1.270002005848906919e+02 8.000000000000000000e+00 1.800000000000000000e+01
1.280002005848906492e+02 8.000000000000000000e+00 1.700000000000000000e+01
1.290002005848905924e+02 9.000000000000000000e+00 1.800000000000000000e+01
1.300002005848905355e+02 1.000000000000000000e+01 1.500000000000000000e+01
1.310002005848904787e+02 9.000000000000000000e+00 1.200000000000000000e+01
1.320002005848904219e+02 9.000000000000000000e+00 1.100000000000000000e+01
1.330002005848903650e+02 9.000000000000000000e+00 1.000000000000000000e+01
1.340002005848903082e+02 9.000000000000000000e+00 1.000000000000000000e+01
1.350002005848902513e+02 9.000000000000000000e+00 1.100000000000000000e+01
1.360002005848901945e+02 8.000000000000000000e+00 1.100000000000000000e+01
1.370002005848901376e+02 8.000000000000000000e+00 1.200000000000000000e+01
1.380002005848900808e+02 1.000000000000000000e+01 1.200000000000000000e+01
1.390002005848900239e+02 1.000000000000000000e+01 1.100000000000000000e+01
1.400002005848899671e+02 1.000000000000000000e+01 1.100000000000000000e+01
1.410002005848899103e+02 1.000000000000000000e+01 1.000000000000000000e+01
1.420002005848898534e+02 1.000000000000000000e+01 1.000000000000000000e+01
1.430002005848897966e+02 1.000000000000000000e+01 1.000000000000000000e+01
1.440002005848897397e+02 1.100000000000000000e+01 1.000000000000000000e+01
1.450002005848896829e+02 1.300000000000000000e+01 1.200000000000000000e+01
1.460002005848896260e+02 1.300000000000000000e+01 1.300000000000000000e+01
1.470002005848895692e+02 1.300000000000000000e+01 1.400000000000000000e+01
1.480002005848895124e+02 1.300000000000000000e+01 1.400000000000000000e+01
1.490002005848894555e+02 1.000000000000000000e+01 1.400000000000000000e+01
1.500002005848893987e+02 1.000000000000000000e+01 1.200000000000000000e+01
1.510002005848893418e+02 1.000000000000000000e+01 1.300000000000000000e+01
1.520002005848892850e+02 9.000000000000000000e+00 1.300000000000000000e+01
1.530002005848892281e+02 1.200000000000000000e+01 1.200000000000000000e+01
1.540002005848891713e+02 1.400000000000000000e+01 1.100000000000000000e+01
1.550002005848891145e+02 1.400000000000000000e+01 1.000000000000000000e+01
1.560002005848890576e+02 1.500000000000000000e+01 9.000000000000000000e+00
1.570002005848890008e+02 1.500000000000000000e+01 1.000000000000000000e+01
1.580002005848889439e+02 1.500000000000000000e+01 1.200000000000000000e+01
1.590002005848888871e+02 1.500000000000000000e+01 1.000000000000000000e+01
1.600002005848888302e+02 1.200000000000000000e+01 8.000000000000000000e+00
1.610002005848887734e+02 8.000000000000000000e+00 4.000000000000000000e+00
1.620002005848887165e+02 6.000000000000000000e+00 4.000000000000000000e+00
1.630002005848886597e+02 6.000000000000000000e+00 7.000000000000000000e+00
1.640002005848886029e+02 7.000000000000000000e+00 7.000000000000000000e+00
1.650002005848885460e+02 8.000000000000000000e+00 5.000000000000000000e+00
1.660002005848884892e+02 8.000000000000000000e+00 5.000000000000000000e+00
1.670002005848884323e+02 9.000000000000000000e+00 6.000000000000000000e+00
1.680002005848883755e+02 9.000000000000000000e+00 5.000000000000000000e+00
1.690002005848883186e+02 9.000000000000000000e+00 5.000000000000000000e+00
1.700002005848882618e+02 1.000000000000000000e+01 5.000000000000000000e+00
1.710002005848882050e+02 1.000000000000000000e+01 5.000000000000000000e+00
1.720002005848881481e+02 1.000000000000000000e+01 5.000000000000000000e+00
1.730002005848880913e+02 1.100000000000000000e+01 6.000000000000000000e+00
1.740002005848880344e+02 1.100000000000000000e+01 6.000000000000000000e+00
1.750002005848879776e+02 1.200000000000000000e+01 6.000000000000000000e+00
1.760002005848879207e+02 1.300000000000000000e+01 8.000000000000000000e+00
1.770002005848878639e+02 1.600000000000000000e+01 1.100000000000000000e+01
1.780002005848878071e+02 1.800000000000000000e+01 1.400000000000000000e+01
1.790002005848877502e+02 1.900000000000000000e+01 1.200000000000000000e+01
1.800002005848876934e+02 2.100000000000000000e+01 1.200000000000000000e+01
1.810002005848876365e+02 2.000000000000000000e+01 1.100000000000000000e+01
1.820002005848875797e+02 2.100000000000000000e+01 1.200000000000000000e+01
1.830002005848875228e+02 2.000000000000000000e+01 1.200000000000000000e+01
1.840002005848874660e+02 2.000000000000000000e+01 1.200000000000000000e+01
1.850002005848874091e+02 2.000000000000000000e+01 1.100000000000000000e+01
1.860002005848873523e+02 2.100000000000000000e+01 1.100000000000000000e+01
1.870002005848872955e+02 2.200000000000000000e+01 1.100000000000000000e+01
1.880002005848872386e+02 2.300000000000000000e+01 1.100000000000000000e+01
1.890002005848871818e+02 2.200000000000000000e+01 1.300000000000000000e+01
1.900002005848871249e+02 2.200000000000000000e+01 1.400000000000000000e+01
1.910002005848870681e+02 2.200000000000000000e+01 1.400000000000000000e+01
1.920002005848870112e+02 2.100000000000000000e+01 1.700000000000000000e+01
1.930002005848869544e+02 2.100000000000000000e+01 1.500000000000000000e+01
1.940002005848868976e+02 2.100000000000000000e+01 1.200000000000000000e+01
1.950002005848868407e+02 1.900000000000000000e+01 1.100000000000000000e+01
1.960002005848867839e+02 1.700000000000000000e+01 1.200000000000000000e+01
1.970002005848867270e+02 1.800000000000000000e+01 1.200000000000000000e+01
1.980002005848866702e+02 1.800000000000000000e+01 1.200000000000000000e+01
1.990002005848866133e+02 1.700000000000000000e+01 1.100000000000000000e+01
2.000002005848865565e+02 1.800000000000000000e+01 1.100000000000000000e+01
2.010002005848864997e+02 1.700000000000000000e+01 9.000000000000000000e+00
2.020002005848864428e+02 1.500000000000000000e+01 1.000000000000000000e+01
2.030002005848863860e+02 1.400000000000000000e+01 1.000000000000000000e+01
2.040002005848863291e+02 1.100000000000000000e+01 1.000000000000000000e+01
2.050002005848862723e+02 1.200000000000000000e+01 7.000000000000000000e+00
2.060002005848862154e+02 1.400000000000000000e+01 6.000000000000000000e+00
2.070002005848861586e+02 1.400000000000000000e+01 7.000000000000000000e+00
2.080002005848861018e+02 1.500000000000000000e+01 5.000000000000000000e+00
2.090002005848860449e+02 1.500000000000000000e+01 4.000000000000000000e+00
2.100002005848859881e+02 1.700000000000000000e+01 3.000000000000000000e+00
2.110002005848859312e+02 1.600000000000000000e+01 3.000000000000000000e+00
2.120002005848858744e+02 1.500000000000000000e+01 1.000000000000000000e+00
2.130002005848858175e+02 1.700000000000000000e+01 2.000000000000000000e+00
2.140002005848857607e+02 1.800000000000000000e+01 2.000000000000000000e+00
2.150002005848857038e+02 1.800000000000000000e+01 2.000000000000000000e+00
2.160002005848856470e+02 1.900000000000000000e+01 2.000000000000000000e+00
2.170002005848855902e+02 1.900000000000000000e+01 4.000000000000000000e+00
2.180002005848855333e+02 1.900000000000000000e+01 5.000000000000000000e+00
2.190002005848854765e+02 1.800000000000000000e+01 6.000000000000000000e+00
2.200002005848854196e+02 1.800000000000000000e+01 5.000000000000000000e+00
2.210002005848853628e+02 1.800000000000000000e+01 7.000000000000000000e+00
2.220000682236851901e+02 1.900000000000000000e+01 7.000000000000000000e+00
2.230002005848852491e+02 1.900000000000000000e+01 7.000000000000000000e+00
2.240002005848851923e+02 1.900000000000000000e+01 8.000000000000000000e+00
2.250002005848851354e+02 2.000000000000000000e+01 8.000000000000000000e+00
2.260002005848850786e+02 2.100000000000000000e+01 8.000000000000000000e+00
2.270002005848850217e+02 2.300000000000000000e+01 9.000000000000000000e+00
2.280000053583062538e+02 2.400000000000000000e+01 9.000000000000000000e+00
2.290002005848849080e+02 2.400000000000000000e+01 9.000000000000000000e+00
2.300000740779235571e+02 2.500000000000000000e+01 1.200000000000000000e+01
2.310000108974038540e+02 2.600000000000000000e+01 1.400000000000000000e+01
2.320002005848847375e+02 2.700000000000000000e+01 1.400000000000000000e+01
2.330002005848846807e+02 2.900000000000000000e+01 1.400000000000000000e+01
2.340002005848846238e+02 3.100000000000000000e+01 1.500000000000000000e+01
2.350002005848845670e+02 3.200000000000000000e+01 1.500000000000000000e+01
2.360002005848845101e+02 2.800000000000000000e+01 1.500000000000000000e+01
2.370002005848844533e+02 2.600000000000000000e+01 1.500000000000000000e+01
2.380002005848843964e+02 2.700000000000000000e+01 1.300000000000000000e+01
2.390002005848843396e+02 2.500000000000000000e+01 1.300000000000000000e+01
2.400002005848842828e+02 2.600000000000000000e+01 1.300000000000000000e+01
2.410002005848842259e+02 2.700000000000000000e+01 1.300000000000000000e+01
2.420002005848841691e+02 2.900000000000000000e+01 1.600000000000000000e+01
2.430002005848841122e+02 3.300000000000000000e+01 1.700000000000000000e+01
2.440002005848840554e+02 3.300000000000000000e+01 1.600000000000000000e+01
2.450002005848839985e+02 3.200000000000000000e+01 1.200000000000000000e+01
2.460002005848839417e+02 3.300000000000000000e+01 1.000000000000000000e+01
2.470000944900641855e+02 3.200000000000000000e+01 7.000000000000000000e+00
2.480002005848838280e+02 3.100000000000000000e+01 7.000000000000000000e+00
2.490002005848837712e+02 3.000000000000000000e+01 8.000000000000000000e+00
2.500002005848837143e+02 2.800000000000000000e+01 8.000000000000000000e+00
2.510002005848836575e+02 2.500000000000000000e+01 7.000000000000000000e+00
2.520002005848836006e+02 2.300000000000000000e+01 8.000000000000000000e+00
2.530002005848835438e+02 2.000000000000000000e+01 7.000000000000000000e+00
2.540002005848834870e+02 1.800000000000000000e+01 5.000000000000000000e+00
2.550002005848834301e+02 1.800000000000000000e+01 5.000000000000000000e+00
2.560002005848833733e+02 1.800000000000000000e+01 7.000000000000000000e+00
2.570002005848836006e+02 1.400000000000000000e+01 6.000000000000000000e+00
2.580002005848838280e+02 1.400000000000000000e+01 5.000000000000000000e+00
2.590002005848840554e+02 1.300000000000000000e+01 6.000000000000000000e+00
2.600002005848842828e+02 1.000000000000000000e+01 6.000000000000000000e+00
2.610002005848845101e+02 1.000000000000000000e+01 4.000000000000000000e+00
2.620002005848847375e+02 9.000000000000000000e+00 4.000000000000000000e+00
2.630002005848849649e+02 1.000000000000000000e+01 5.000000000000000000e+00
2.640002005848851923e+02 9.000000000000000000e+00 5.000000000000000000e+00
2.650002005848854196e+02 9.000000000000000000e+00 7.000000000000000000e+00
2.660002005848856470e+02 9.000000000000000000e+00 7.000000000000000000e+00
2.670002005848858744e+02 1.100000000000000000e+01 7.000000000000000000e+00
2.680002005848861018e+02 1.000000000000000000e+01 8.000000000000000000e+00
2.690002005848863291e+02 1.000000000000000000e+01 9.000000000000000000e+00
2.700002005848865565e+02 1.200000000000000000e+01 1.000000000000000000e+01
2.710002005848867839e+02 1.100000000000000000e+01 6.000000000000000000e+00
2.720002005848870112e+02 1.200000000000000000e+01 5.000000000000000000e+00
2.730002005848872386e+02 1.100000000000000000e+01 7.000000000000000000e+00
2.740002005848874660e+02 1.000000000000000000e+01 9.000000000000000000e+00
2.750002005848876934e+02 1.100000000000000000e+01 9.000000000000000000e+00
2.760002005848879207e+02 1.000000000000000000e+01 5.000000000000000000e+00
2.770002005848881481e+02 1.100000000000000000e+01 3.000000000000000000e+00
2.780002005848883755e+02 1.100000000000000000e+01 2.000000000000000000e+00
2.790002005848886029e+02 9.000000000000000000e+00 5.000000000000000000e+00
2.800002005848888302e+02 1.000000000000000000e+01 6.000000000000000000e+00
2.810002005848890576e+02 9.000000000000000000e+00 5.000000000000000000e+00
2.820002005848892850e+02 1.000000000000000000e+01 5.000000000000000000e+00
2.830002005848895124e+02 1.100000000000000000e+01 6.000000000000000000e+00
2.840002005848897397e+02 1.100000000000000000e+01 6.000000000000000000e+00
2.850002005848899671e+02 1.200000000000000000e+01 6.000000000000000000e+00
2.860002005848901945e+02 1.400000000000000000e+01 7.000000000000000000e+00
2.870002005848904219e+02 1.600000000000000000e+01 8.000000000000000000e+00
2.880002005848906492e+02 1.600000000000000000e+01 6.000000000000000000e+00
2.890002005848908766e+02 1.500000000000000000e+01 7.000000000000000000e+00
2.900002005848911040e+02 1.400000000000000000e+01 5.000000000000000000e+00
2.910002005848913313e+02 1.500000000000000000e+01 4.000000000000000000e+00
2.920002005848915587e+02 1.500000000000000000e+01 6.000000000000000000e+00
2.930001021416664457e+02 1.400000000000000000e+01 7.000000000000000000e+00
2.940002005848920135e+02 1.400000000000000000e+01 8.000000000000000000e+00
2.950002005848922408e+02 1.400000000000000000e+01 5.000000000000000000e+00
2.960002005848924682e+02 1.400000000000000000e+01 4.000000000000000000e+00
2.970002005848926956e+02 1.400000000000000000e+01 6.000000000000000000e+00
2.980002005848929230e+02 1.700000000000000000e+01 7.000000000000000000e+00
2.990002005848931503e+02 1.400000000000000000e+01 6.000000000000000000e+00
3.000001420994572641e+02 1.400000000000000000e+01 4.000000000000000000e+00
