0.000000000000000000e+00 0.000000000000000000e+00 0.000000000000000000e+00
1.000203799216584644e+00 0.000000000000000000e+00 0.000000000000000000e+00
2.000203799216585310e+00 1.000000000000000000e+00 1.000000000000000000e+00
3.000203799216586198e+00 1.000000000000000000e+00 1.000000000000000000e+00
4.000203799216587086e+00 2.000000000000000000e+00 2.000000000000000000e+00
5.000203799216583533e+00 2.000000000000000000e+00 2.000000000000000000e+00
6.000203799216579981e+00 3.000000000000000000e+00 3.000000000000000000e+00
7.000203799216576428e+00 6.000000000000000000e+00 6.000000000000000000e+00
8.000203799216572875e+00 6.000000000000000000e+00 6.000000000000000000e+00
9.000203799216569323e+00 5.000000000000000000e+00 5.000000000000000000e+00
1.000020379921656577e+01 6.000000000000000000e+00 6.000000000000000000e+00
1.100011467849343560e+01 7.000000000000000000e+00 7.000000000000000000e+00
1.200020379921655866e+01 7.000000000000000000e+00 7.000000000000000000e+00
1.300020379921655511e+01 7.000000000000000000e+00 7.000000000000000000e+00
1.400020379921655156e+01 7.000000000000000000e+00 7.000000000000000000e+00
1.500020379921654801e+01 6.000000000000000000e+00 6.000000000000000000e+00
1.600003100641717779e+01 5.000000000000000000e+00 5.000000000000000000e+00
1.700020379921656044e+01 3.000000000000000000e+00 3.000000000000000000e+00
1.800020379921657465e+01 1.000000000000000000e+00 1.000000000000000000e+00
1.900020379921658886e+01 2.000000000000000000e+00 2.000000000000000000e+00
2.000020379921660307e+01 1.000000000000000000e+00 1.000000000000000000e+00
2.100020379921661728e+01 1.000000000000000000e+00 1.000000000000000000e+00
2.200020379921663150e+01 2.000000000000000000e+00 2.000000000000000000e+00
2.300020379921664571e+01 2.000000000000000000e+00 2.000000000000000000e+00
2.400020379921665992e+01 2.000000000000000000e+00 2.000000000000000000e+00
2.500020379921667413e+01 2.000000000000000000e+00 2.000000000000000000e+00
2.600020379921668834e+01 3.000000000000000000e+00 3.000000000000000000e+00
2.700020379921670255e+01 4.000000000000000000e+00 4.000000000000000000e+00
2.800020379921671676e+01 6.000000000000000000e+00 8.000000000000000000e+00
2.900020379921673097e+01 6.000000000000000000e+00 5.000000000000000000e+00
3.000020379921674518e+01 6.000000000000000000e+00 4.000000000000000000e+00
3.100020379921675939e+01 4.000000000000000000e+00 1.000000000000000000e+00
3.200020379921677005e+01 4.000000000000000000e+00 2.000000000000000000e+00
3.300020379921678426e+01 5.000000000000000000e+00 2.000000000000000000e+00
3.400013656466695267e+01 5.000000000000000000e+00 1.000000000000000000e+00
3.500020379921681268e+01 7.000000000000000000e+00 2.000000000000000000e+00
3.600020379921682689e+01 9.000000000000000000e+00 3.000000000000000000e+00
3.700020379921684111e+01 1.000000000000000000e+01 4.000000000000000000e+00
3.800005165899621318e+01 1.000000000000000000e+01 2.000000000000000000e+00
3.900020379921686953e+01 1.100000000000000000e+01 3.000000000000000000e+00
4.000020379921688374e+01 8.000000000000000000e+00 4.000000000000000000e+00
4.100020379921689795e+01 7.000000000000000000e+00 2.000000000000000000e+00
4.200020379921691216e+01 7.000000000000000000e+00 2.000000000000000000e+00
4.300020379921692637e+01 8.000000000000000000e+00 3.000000000000000000e+00
4.400020379921694058e+01 9.000000000000000000e+00 4.000000000000000000e+00
4.500020379921695479e+01 9.000000000000000000e+00 3.000000000000000000e+00
4.600020379921696900e+01 9.000000000000000000e+00 3.000000000000000000e+00
4.700020379921698321e+01 1.000000000000000000e+01 6.000000000000000000e+00
4.800020379921699742e+01 1.000000000000000000e+01 6.000000000000000000e+00
4.900020379921701164e+01 1.000000000000000000e+01 7.000000000000000000e+00
5.000020379921702585e+01 1.200000000000000000e+01 9.000000000000000000e+00
5.100020379921704006e+01 1.400000000000000000e+01 1.000000000000000000e+01
5.200020379921705427e+01 1.300000000000000000e+01 1.000000000000000000e+01
5.300020379921706848e+01 1.400000000000000000e+01 1.000000000000000000e+01
5.400020379921708269e+01 1.600000000000000000e+01 1.100000000000000000e+01
5.500020379921709690e+01 1.600000000000000000e+01 1.100000000000000000e+01
5.600020379921711111e+01 1.400000000000000000e+01 1.000000000000000000e+01
5.700020379921712532e+01 1.400000000000000000e+01 1.000000000000000000e+01
5.800020379921713953e+01 1.500000000000000000e+01 1.000000000000000000e+01
5.900020379921715374e+01 1.600000000000000000e+01 9.000000000000000000e+00
6.000020379921716795e+01 1.600000000000000000e+01 8.000000000000000000e+00
6.100020379921718217e+01 1.700000000000000000e+01 8.000000000000000000e+00
6.200020379921719638e+01 1.900000000000000000e+01 1.100000000000000000e+01
6.300020379921721059e+01 1.900000000000000000e+01 8.000000000000000000e+00
6.400020379921721769e+01 1.800000000000000000e+01 5.000000000000000000e+00
6.500015218961824814e+01 1.800000000000000000e+01 4.000000000000000000e+00
6.600020379921710401e+01 1.800000000000000000e+01 4.000000000000000000e+00
6.700020379921704716e+01 1.900000000000000000e+01 4.000000000000000000e+00
6.800020379921699032e+01 1.900000000000000000e+01 6.000000000000000000e+00
6.900020379921693348e+01 1.900000000000000000e+01 6.000000000000000000e+00
7.000001711830812212e+01 2.100000000000000000e+01 7.000000000000000000e+00
7.100020379921681979e+01 2.100000000000000000e+01 7.000000000000000000e+00
7.200020379921676295e+01 2.100000000000000000e+01 6.000000000000000000e+00
7.300020379921670610e+01 2.200000000000000000e+01 6.000000000000000000e+00
7.400020379921664926e+01 2.300000000000000000e+01 6.000000000000000000e+00
7.500020379921659242e+01 2.400000000000000000e+01 7.000000000000000000e+00
7.600020379921653557e+01 2.300000000000000000e+01 6.000000000000000000e+00
7.700020379921647873e+01 2.100000000000000000e+01 5.000000000000000000e+00
7.800020379921642188e+01 2.200000000000000000e+01 6.000000000000000000e+00
7.900009811133838866e+01 2.400000000000000000e+01 7.000000000000000000e+00
8.000020379921630820e+01 2.400000000000000000e+01 7.000000000000000000e+00
8.100020379921625135e+01 2.400000000000000000e+01 8.000000000000000000e+00
8.200013235482921914e+01 2.400000000000000000e+01 8.000000000000000000e+00
8.300020379921613767e+01 2.400000000000000000e+01 8.000000000000000000e+00
8.400020379921608082e+01 2.500000000000000000e+01 1.000000000000000000e+01
8.500020379921602398e+01 2.500000000000000000e+01 1.000000000000000000e+01
8.600020379921596714e+01 2.700000000000000000e+01 1.200000000000000000e+01
8.700020379921591029e+01 2.800000000000000000e+01 1.200000000000000000e+01
8.800020379921585345e+01 3.000000000000000000e+01 1.100000000000000000e+01
8.900020379921579661e+01 3.000000000000000000e+01 8.000000000000000000e+00
9.000020379921573976e+01 3.000000000000000000e+01 8.000000000000000000e+00
9.100020379921568292e+01 3.200000000000000000e+01 7.000000000000000000e+00
9.200020379921562608e+01 3.200000000000000000e+01 7.000000000000000000e+00
9.300020379921556923e+01 3.200000000000000000e+01 7.000000000000000000e+00
9.400020379921551239e+01 3.100000000000000000e+01 8.000000000000000000e+00
9.500020379921545555e+01 3.200000000000000000e+01 8.000000000000000000e+00
9.600020379921539870e+01 3.500000000000000000e+01 1.200000000000000000e+01
9.700020379921534186e+01 3.700000000000000000e+01 1.200000000000000000e+01
9.800020379921528502e+01 4.000000000000000000e+01 1.300000000000000000e+01
9.900020379921522817e+01 3.700000000000000000e+01 1.500000000000000000e+01
1.000002037992151713e+02 3.800000000000000000e+01 1.600000000000000000e+01
1.010002037992151145e+02 3.800000000000000000e+01 1.500000000000000000e+01
1.020002037992150576e+02 3.500000000000000000e+01 1.500000000000000000e+01
1.030002037992150008e+02 3.300000000000000000e+01 1.500000000000000000e+01
1.040001590375576939e+02 3.300000000000000000e+01 1.400000000000000000e+01
1.050002037992148871e+02 3.200000000000000000e+01 1.400000000000000000e+01
1.060002037992148303e+02 3.200000000000000000e+01 1.300000000000000000e+01
1.070002037992147734e+02 3.200000000000000000e+01 1.000000000000000000e+01
1.080002037992147166e+02 3.100000000000000000e+01 9.000000000000000000e+00
1.090002037992146597e+02 3.100000000000000000e+01 9.000000000000000000e+00
1.100002037992146029e+02 3.200000000000000000e+01 7.000000000000000000e+00
1.110002037992145461e+02 3.200000000000000000e+01 7.000000000000000000e+00
1.120002037992144892e+02 3.300000000000000000e+01 1.000000000000000000e+01
1.130002037992144324e+02 3.300000000000000000e+01 1.200000000000000000e+01
1.140002037992143755e+02 3.300000000000000000e+01 1.000000000000000000e+01
1.150002037992143187e+02 3.300000000000000000e+01 1.100000000000000000e+01
1.160002037992142618e+02 3.300000000000000000e+01 1.200000000000000000e+01
1.170002037992142050e+02 3.400000000000000000e+01 1.100000000000000000e+01
1.180002037992141481e+02 3.400000000000000000e+01 1.100000000000000000e+01
1.190002037992140913e+02 3.600000000000000000e+01 1.300000000000000000e+01
1.200002037992140345e+02 3.600000000000000000e+01 8.000000000000000000e+00
1.210002037992139776e+02 3.700000000000000000e+01 6.000000000000000000e+00
1.220002037992139208e+02 3.300000000000000000e+01 6.000000000000000000e+00
1.230002037992138639e+02 3.200000000000000000e+01 7.000000000000000000e+00
1.240002037992138071e+02 3.200000000000000000e+01 6.000000000000000000e+00
1.250002037992137502e+02 3.400000000000000000e+01 5.000000000000000000e+00
1.260002037992136934e+02 3.400000000000000000e+01 6.000000000000000000e+00
1.270002037992136366e+02 3.600000000000000000e+01 8.000000000000000000e+00
1.280002037992135797e+02 3.700000000000000000e+01 8.000000000000000000e+00
1.290000297860901242e+02 3.700000000000000000e+01 6.000000000000000000e+00
1.300002037992134660e+02 3.800000000000000000e+01 7.000000000000000000e+00
1.310002037992134092e+02 3.900000000000000000e+01 1.000000000000000000e+01
1.320002037992133523e+02 3.900000000000000000e+01 1.000000000000000000e+01
1.330002037992132955e+02 3.800000000000000000e+01 1.000000000000000000e+01
1.340002037992132387e+02 4.000000000000000000e+01 1.000000000000000000e+01
1.350002037992131818e+02 3.800000000000000000e+01 1.300000000000000000e+01
1.360002037992131250e+02 3.600000000000000000e+01 1.300000000000000000e+01
1.370002037992130681e+02 3.600000000000000000e+01 1.500000000000000000e+01
1.380002037992130113e+02 3.800000000000000000e+01 1.500000000000000000e+01
1.390002037992129544e+02 3.800000000000000000e+01 1.600000000000000000e+01
1.400002037992128976e+02 3.800000000000000000e+01 1.600000000000000000e+01
1.410002037992128407e+02 3.800000000000000000e+01 1.400000000000000000e+01
1.420002037992127839e+02 3.900000000000000000e+01 1.400000000000000000e+01
1.430002037992127271e+02 3.800000000000000000e+01 1.400000000000000000e+01
1.440002037992126702e+02 3.900000000000000000e+01 1.500000000000000000e+01
1.450002037992126134e+02 3.700000000000000000e+01 1.400000000000000000e+01
1.460002037992125565e+02 3.600000000000000000e+01 1.300000000000000000e+01
1.470002037992124997e+02 3.300000000000000000e+01 1.500000000000000000e+01
1.480002037992124428e+02 3.400000000000000000e+01 1.500000000000000000e+01
1.490002037992123860e+02 3.400000000000000000e+01 1.100000000000000000e+01
1.500002037992123292e+02 3.100000000000000000e+01 9.000000000000000000e+00
1.510002037992122723e+02 2.900000000000000000e+01 7.000000000000000000e+00
1.520002037992122155e+02 2.900000000000000000e+01 8.000000000000000000e+00
1.530002037992121586e+02 3.000000000000000000e+01 7.000000000000000000e+00
1.540002037992121018e+02 2.600000000000000000e+01 8.000000000000000000e+00
1.550002037992120449e+02 2.500000000000000000e+01 9.000000000000000000e+00
1.560002037992119881e+02 2.500000000000000000e+01 1.100000000000000000e+01
1.570002037992119313e+02 2.800000000000000000e+01 1.400000000000000000e+01
1.580002037992118744e+02 2.800000000000000000e+01 1.400000000000000000e+01
1.590002037992118176e+02 2.700000000000000000e+01 1.500000000000000000e+01
1.600001986897830477e+02 2.800000000000000000e+01 1.400000000000000000e+01
1.610002037992117039e+02 2.900000000000000000e+01 1.300000000000000000e+01
1.620002037992116470e+02 3.000000000000000000e+01 1.400000000000000000e+01
1.630000424323759489e+02 3.200000000000000000e+01 1.500000000000000000e+01
1.640002037992115334e+02 3.100000000000000000e+01 1.500000000000000000e+01
1.650002037992114765e+02 3.100000000000000000e+01 1.500000000000000000e+01
1.660002037992114197e+02 3.100000000000000000e+01 1.500000000000000000e+01
1.670002037992113628e+02 3.100000000000000000e+01 1.500000000000000000e+01
1.680002037992113060e+02 3.100000000000000000e+01 1.600000000000000000e+01
1.690002037992112491e+02 3.000000000000000000e+01 1.600000000000000000e+01
1.700002037992111923e+02 2.900000000000000000e+01 1.600000000000000000e+01
1.710002037992111354e+02 2.800000000000000000e+01 1.700000000000000000e+01
1.720002037992110786e+02 2.500000000000000000e+01 1.600000000000000000e+01
1.730002037992110218e+02 2.300000000000000000e+01 1.600000000000000000e+01
1.740002037992109649e+02 2.200000000000000000e+01 1.600000000000000000e+01
1.750002037992109081e+02 1.900000000000000000e+01 1.700000000000000000e+01
1.760002037992108512e+02 2.100000000000000000e+01 1.700000000000000000e+01
1.770002037992107944e+02 2.100000000000000000e+01 1.800000000000000000e+01
1.780002037992107375e+02 2.200000000000000000e+01 1.800000000000000000e+01
1.790002037992106807e+02 2.300000000000000000e+01 1.800000000000000000e+01
1.800002037992106239e+02 2.300000000000000000e+01 1.900000000000000000e+01
1.810002037992105670e+02 2.300000000000000000e+01 1.700000000000000000e+01
1.820002037992105102e+02 2.500000000000000000e+01 1.500000000000000000e+01
1.830002037992104533e+02 2.500000000000000000e+01 1.600000000000000000e+01
1.840002037992103965e+02 2.500000000000000000e+01 1.600000000000000000e+01
1.850002037992103396e+02 2.600000000000000000e+01 1.500000000000000000e+01
1.860002037992102828e+02 2.700000000000000000e+01 1.600000000000000000e+01
1.870002037992102260e+02 2.700000000000000000e+01 1.600000000000000000e+01
1.880002037992101691e+02 2.800000000000000000e+01 1.800000000000000000e+01
1.890002037992101123e+02 2.800000000000000000e+01 1.700000000000000000e+01
1.900002037992100554e+02 2.800000000000000000e+01 1.700000000000000000e+01
1.910002037992099986e+02 2.800000000000000000e+01 1.700000000000000000e+01
1.920002037992099417e+02 2.800000000000000000e+01 1.700000000000000000e+01
1.930002037992098849e+02 2.800000000000000000e+01 1.700000000000000000e+01
1.940002037992098280e+02 2.800000000000000000e+01 1.400000000000000000e+01
1.950002037992097712e+02 3.000000000000000000e+01 1.400000000000000000e+01
1.960002037992097144e+02 3.100000000000000000e+01 1.200000000000000000e+01
1.970002037992096575e+02 3.200000000000000000e+01 1.400000000000000000e+01
1.980002037992096007e+02 3.300000000000000000e+01 1.300000000000000000e+01
1.990002037992095438e+02 3.300000000000000000e+01 1.100000000000000000e+01
2.000002037992094870e+02 3.400000000000000000e+01 1.200000000000000000e+01
2.010002037992094301e+02 3.400000000000000000e+01 1.200000000000000000e+01
2.020002037992093733e+02 3.300000000000000000e+01 1.100000000000000000e+01
2.030002037992093165e+02 3.300000000000000000e+01 1.300000000000000000e+01
2.040002037992092596e+02 3.300000000000000000e+01 1.300000000000000000e+01
2.050002037992092028e+02 2.700000000000000000e+01 1.300000000000000000e+01
2.060002037992091459e+02 2.600000000000000000e+01 1.100000000000000000e+01
2.070002037992090891e+02 2.500000000000000000e+01 1.200000000000000000e+01
2.080002037992090322e+02 2.400000000000000000e+01 1.200000000000000000e+01
2.090002037992089754e+02 2.400000000000000000e+01 1.300000000000000000e+01
2.100002037992089186e+02 2.600000000000000000e+01 1.400000000000000000e+01
2.110002037992088617e+02 2.600000000000000000e+01 1.300000000000000000e+01
2.120002037992088049e+02 2.500000000000000000e+01 1.400000000000000000e+01
2.130002037992087480e+02 2.500000000000000000e+01 1.700000000000000000e+01
2.140002037992086912e+02 2.500000000000000000e+01 1.700000000000000000e+01
2.150002037992086343e+02 2.500000000000000000e+01 1.700000000000000000e+01
2.160002037992085775e+02 2.500000000000000000e+01 1.800000000000000000e+01
2.170002037992085206e+02 2.600000000000000000e+01 1.600000000000000000e+01
2.180002037992084638e+02 2.700000000000000000e+01 1.300000000000000000e+01
2.190002037992084070e+02 2.700000000000000000e+01 1.200000000000000000e+01
2.200002037992083501e+02 2.700000000000000000e+01 1.000000000000000000e+01
2.210002037992082933e+02 2.700000000000000000e+01 1.000000000000000000e+01
2.220002037992082364e+02 2.900000000000000000e+01 1.100000000000000000e+01
2.230002037992081796e+02 2.900000000000000000e+01 9.000000000000000000e+00
2.240002037992081227e+02 3.100000000000000000e+01 8.000000000000000000e+00
2.250002037992080659e+02 3.200000000000000000e+01 6.000000000000000000e+00
2.260002037992080091e+02 3.200000000000000000e+01 2.000000000000000000e+00
2.270002037992079522e+02 3.200000000000000000e+01 3.000000000000000000e+00
2.280002037992078954e+02 3.200000000000000000e+01 3.000000000000000000e+00
2.290002037992078385e+02 3.200000000000000000e+01 2.000000000000000000e+00
2.300002037992077817e+02 3.100000000000000000e+01 2.000000000000000000e+00
2.310002037992077248e+02 3.100000000000000000e+01 4.000000000000000000e+00
2.320002037992076680e+02 3.100000000000000000e+01 5.000000000000000000e+00
2.330002037992076112e+02 3.200000000000000000e+01 5.000000000000000000e+00
2.340002037992075543e+02 3.200000000000000000e+01 4.000000000000000000e+00
2.350002037992074975e+02 3.300000000000000000e+01 4.000000000000000000e+00
2.360002037992074406e+02 3.300000000000000000e+01 5.000000000000000000e+00
2.370002037992073838e+02 3.400000000000000000e+01 5.000000000000000000e+00
2.380002037992073269e+02 3.400000000000000000e+01 4.000000000000000000e+00
2.390002037992072701e+02 3.500000000000000000e+01 3.000000000000000000e+00
2.400002037992072133e+02 3.500000000000000000e+01 3.000000000000000000e+00
2.410002037992071564e+02 3.400000000000000000e+01 4.000000000000000000e+00
2.420001254474699408e+02 3.500000000000000000e+01 6.000000000000000000e+00
2.430002037992070427e+02 3.500000000000000000e+01 7.000000000000000000e+00
2.440002037992069859e+02 3.200000000000000000e+01 6.000000000000000000e+00
2.450002037992069290e+02 3.000000000000000000e+01 6.000000000000000000e+00
2.460002037992068722e+02 2.800000000000000000e+01 7.000000000000000000e+00
2.470002037992068153e+02 2.900000000000000000e+01 7.000000000000000000e+00
2.480002037992067585e+02 2.900000000000000000e+01 6.000000000000000000e+00
2.490002037992067017e+02 2.900000000000000000e+01 7.000000000000000000e+00
2.500002037992066448e+02 3.000000000000000000e+01 6.000000000000000000e+00
2.510002037992065880e+02 2.800000000000000000e+01 8.000000000000000000e+00
2.520002037992065311e+02 2.300000000000000000e+01 8.000000000000000000e+00
2.530002037992064743e+02 2.100000000000000000e+01 8.000000000000000000e+00
2.540002037992064174e+02 1.900000000000000000e+01 7.000000000000000000e+00
2.550002037992063606e+02 1.900000000000000000e+01 8.000000000000000000e+00
2.560002037992063038e+02 1.900000000000000000e+01 8.000000000000000000e+00
2.570002037992065311e+02 2.000000000000000000e+01 9.000000000000000000e+00
2.580002037992067585e+02 2.100000000000000000e+01 1.000000000000000000e+01
2.590002037992069859e+02 2.200000000000000000e+01 1.100000000000000000e+01
2.600002037992072133e+02 2.300000000000000000e+01 1.300000000000000000e+01
2.610002037992074406e+02 2.200000000000000000e+01 1.400000000000000000e+01
2.620002037992076680e+02 2.300000000000000000e+01 1.500000000000000000e+01
2.630002037992078954e+02 2.300000000000000000e+01 1.400000000000000000e+01
2.640002037992081227e+02 2.200000000000000000e+01 1.300000000000000000e+01
2.650002037992083501e+02 2.300000000000000000e+01 1.300000000000000000e+01
2.660002037992085775e+02 2.500000000000000000e+01 1.400000000000000000e+01
2.670002037992088049e+02 2.500000000000000000e+01 1.200000000000000000e+01
2.680002037992090322e+02 2.500000000000000000e+01 1.500000000000000000e+01
2.690002037992092596e+02 2.400000000000000000e+01 1.500000000000000000e+01
2.700002037992094870e+02 2.600000000000000000e+01 1.600000000000000000e+01
2.710002037992097144e+02 2.600000000000000000e+01 1.800000000000000000e+01
2.720002037992099417e+02 2.600000000000000000e+01 1.800000000000000000e+01
2.730002037992101691e+02 2.600000000000000000e+01 1.900000000000000000e+01
2.740002037992103965e+02 2.800000000000000000e+01 1.800000000000000000e+01
2.750002037992106239e+02 2.900000000000000000e+01 1.700000000000000000e+01
2.760002037992108512e+02 3.000000000000000000e+01 1.500000000000000000e+01
2.770002037992110786e+02 3.000000000000000000e+01 1.500000000000000000e+01
2.780002037992113060e+02 3.200000000000000000e+01 1.400000000000000000e+01
2.790002037992115334e+02 3.300000000000000000e+01 1.400000000000000000e+01
2.800002037992117607e+02 3.300000000000000000e+01 1.000000000000000000e+01
2.810002037992119881e+02 3.000000000000000000e+01 8.000000000000000000e+00
2.820002037992122155e+02 2.900000000000000000e+01 8.000000000000000000e+00
2.830002037992124428e+02 2.700000000000000000e+01 9.000000000000000000e+00
2.840002037992126702e+02 2.300000000000000000e+01 7.000000000000000000e+00
2.850002037992128976e+02 2.100000000000000000e+01 5.000000000000000000e+00
2.860002037992131250e+02 2.100000000000000000e+01 5.000000000000000000e+00
2.870002037992133523e+02 2.200000000000000000e+01 5.000000000000000000e+00
2.880002037992135797e+02 2.300000000000000000e+01 5.000000000000000000e+00
2.890002037992138071e+02 2.300000000000000000e+01 6.000000000000000000e+00
2.900002037992140345e+02 2.400000000000000000e+01 8.000000000000000000e+00
2.910002037992142618e+02 2.500000000000000000e+01 9.000000000000000000e+00
2.920002037992144892e+02 2.400000000000000000e+01 1.100000000000000000e+01
2.930002037992147166e+02 2.400000000000000000e+01 1.100000000000000000e+01
2.940002037992149440e+02 2.700000000000000000e+01 1.200000000000000000e+01
2.950002037992151713e+02 2.600000000000000000e+01 1.200000000000000000e+01
2.960002037992153987e+02 2.400000000000000000e+01 1.300000000000000000e+01
2.970002037992156261e+02 2.600000000000000000e+01 1.400000000000000000e+01
2.980002037992158535e+02 2.400000000000000000e+01 1.400000000000000000e+01
2.990002037992160808e+02 2.200000000000000000e+01 1.100000000000000000e+01
3.000002037992163082e+02 2.200000000000000000e+01 1.100000000000000000e+01
