0.000000000000000000e+00 0.000000000000000000e+00 0.000000000000000000e+00
1.001590939990708806e+00 0.000000000000000000e+00 0.000000000000000000e+00
2.001590939990709472e+00 1.000000000000000000e+00 1.000000000000000000e+00
3.001590939990710361e+00 4.000000000000000000e+00 4.000000000000000000e+00
4.000076435082015713e+00 5.000000000000000000e+00 5.000000000000000000e+00
5.001590939990707696e+00 4.000000000000000000e+00 4.000000000000000000e+00
6.001590939990704143e+00 6.000000000000000000e+00 6.000000000000000000e+00
7.001590939990700591e+00 8.000000000000000000e+00 8.000000000000000000e+00
8.001590939990697038e+00 9.000000000000000000e+00 9.000000000000000000e+00
9.001590939990693485e+00 1.100000000000000000e+01 1.100000000000000000e+01
1.000159093999068993e+01 1.200000000000000000e+01 1.200000000000000000e+01
1.100159093999068638e+01 1.200000000000000000e+01 1.200000000000000000e+01
1.200159093999068283e+01 1.100000000000000000e+01 1.100000000000000000e+01
1.300159093999067927e+01 1.100000000000000000e+01 1.200000000000000000e+01
1.400137844394873277e+01 1.100000000000000000e+01 1.200000000000000000e+01
1.500010910980186551e+01 1.300000000000000000e+01 1.200000000000000000e+01
1.600107639476428645e+01 1.400000000000000000e+01 1.400000000000000000e+01
1.700159093999068460e+01 1.300000000000000000e+01 1.300000000000000000e+01
1.800072422307082576e+01 1.300000000000000000e+01 1.400000000000000000e+01
1.900159093999071303e+01 1.300000000000000000e+01 1.100000000000000000e+01
2.000159093999072724e+01 1.100000000000000000e+01 1.100000000000000000e+01
2.100159093999074145e+01 1.200000000000000000e+01 1.100000000000000000e+01
2.200093789003652844e+01 1.000000000000000000e+01 8.000000000000000000e+00
2.300159093999076987e+01 1.200000000000000000e+01 1.100000000000000000e+01
2.400159093999078408e+01 1.200000000000000000e+01 1.100000000000000000e+01
2.500159093999079829e+01 1.200000000000000000e+01 1.100000000000000000e+01
2.600159093999081250e+01 1.300000000000000000e+01 1.200000000000000000e+01
2.700159093999082671e+01 1.400000000000000000e+01 1.300000000000000000e+01
2.800159093999084092e+01 1.600000000000000000e+01 1.500000000000000000e+01
2.900159093999085513e+01 1.500000000000000000e+01 1.600000000000000000e+01
3.000159093999086934e+01 1.500000000000000000e+01 1.700000000000000000e+01
3.100159093999088356e+01 1.600000000000000000e+01 1.900000000000000000e+01
3.200159093999089777e+01 1.600000000000000000e+01 2.000000000000000000e+01
3.300136355221773954e+01 1.700000000000000000e+01 2.200000000000000000e+01
3.400159093999092619e+01 2.000000000000000000e+01 2.500000000000000000e+01
3.500000330528479253e+01 1.800000000000000000e+01 2.700000000000000000e+01
3.600159093999095461e+01 1.900000000000000000e+01 2.800000000000000000e+01
3.700159093999096882e+01 1.900000000000000000e+01 2.800000000000000000e+01
3.800159093999098303e+01 1.900000000000000000e+01 2.800000000000000000e+01
3.900159093999099724e+01 1.900000000000000000e+01 2.700000000000000000e+01
4.000159093999101145e+01 1.900000000000000000e+01 2.600000000000000000e+01
4.100159093999102566e+01 1.900000000000000000e+01 2.300000000000000000e+01
4.200159093999103987e+01 1.800000000000000000e+01 2.000000000000000000e+01
4.300036135176883789e+01 1.500000000000000000e+01 1.800000000000000000e+01
4.400159093999106830e+01 1.600000000000000000e+01 1.400000000000000000e+01
4.500020558096831991e+01 1.700000000000000000e+01 1.600000000000000000e+01
4.600021141072196684e+01 1.700000000000000000e+01 1.500000000000000000e+01
4.700159093999111093e+01 1.800000000000000000e+01 1.500000000000000000e+01
4.800159093999112514e+01 1.800000000000000000e+01 1.500000000000000000e+01
4.900060880844232969e+01 1.900000000000000000e+01 1.700000000000000000e+01
5.000159093999115356e+01 1.800000000000000000e+01 1.700000000000000000e+01
5.100159093999116777e+01 1.700000000000000000e+01 1.700000000000000000e+01
5.200159093999118198e+01 1.700000000000000000e+01 1.500000000000000000e+01
5.300159093999119619e+01 1.800000000000000000e+01 1.600000000000000000e+01
5.400159093999121040e+01 1.800000000000000000e+01 1.400000000000000000e+01
5.500159093999122462e+01 1.800000000000000000e+01 1.100000000000000000e+01
5.600003255216743270e+01 1.700000000000000000e+01 7.000000000000000000e+00
5.700159093999125304e+01 1.800000000000000000e+01 8.000000000000000000e+00
5.800159093999126725e+01 1.900000000000000000e+01 8.000000000000000000e+00
5.900159093999128146e+01 1.900000000000000000e+01 7.000000000000000000e+00
6.000006433939711314e+01 1.900000000000000000e+01 6.000000000000000000e+00
6.100106996960516881e+01 1.900000000000000000e+01 4.000000000000000000e+00
6.200159093999132409e+01 1.800000000000000000e+01 3.000000000000000000e+00
6.300124941339652196e+01 1.600000000000000000e+01 2.000000000000000000e+00
6.400159093999134541e+01 1.500000000000000000e+01 3.000000000000000000e+00
6.500159093999128856e+01 1.500000000000000000e+01 3.000000000000000000e+00
6.600159093999123172e+01 1.500000000000000000e+01 5.000000000000000000e+00
6.700159093999117488e+01 1.600000000000000000e+01 5.000000000000000000e+00
6.800056489473006138e+01 1.800000000000000000e+01 5.000000000000000000e+00
6.900159093999106119e+01 1.800000000000000000e+01 4.000000000000000000e+00
7.000074665097794480e+01 1.900000000000000000e+01 4.000000000000000000e+00
7.100159093999094750e+01 1.900000000000000000e+01 3.000000000000000000e+00
7.200110510009834286e+01 1.900000000000000000e+01 3.000000000000000000e+00
7.300159093999083382e+01 1.900000000000000000e+01 4.000000000000000000e+00
7.400159093999077697e+01 1.900000000000000000e+01 6.000000000000000000e+00
7.500094290161094079e+01 1.900000000000000000e+01 6.000000000000000000e+00
7.600159093999066329e+01 2.000000000000000000e+01 8.000000000000000000e+00
7.700093143884981828e+01 2.200000000000000000e+01 1.000000000000000000e+01
7.800006799870099883e+01 2.200000000000000000e+01 9.000000000000000000e+00
7.900159093999049276e+01 2.100000000000000000e+01 9.000000000000000000e+00
8.000159093999043591e+01 1.800000000000000000e+01 9.000000000000000000e+00
8.100159093999037907e+01 1.800000000000000000e+01 1.000000000000000000e+01
8.200159093999032223e+01 1.500000000000000000e+01 1.000000000000000000e+01
8.300159093999026538e+01 1.600000000000000000e+01 1.000000000000000000e+01
8.400117537755529895e+01 1.600000000000000000e+01 1.100000000000000000e+01
8.500159093999015170e+01 1.500000000000000000e+01 1.000000000000000000e+01
8.600159093999009485e+01 1.500000000000000000e+01 1.200000000000000000e+01
8.700159093999003801e+01 1.300000000000000000e+01 1.300000000000000000e+01
8.800159093998998117e+01 1.400000000000000000e+01 1.500000000000000000e+01
8.900159093998992432e+01 1.300000000000000000e+01 1.500000000000000000e+01
9.000159093998986748e+01 1.200000000000000000e+01 1.400000000000000000e+01
9.100129840963225547e+01 1.200000000000000000e+01 1.000000000000000000e+01
9.200159093998975379e+01 1.100000000000000000e+01 9.000000000000000000e+00
9.300159093998969695e+01 1.100000000000000000e+01 7.000000000000000000e+00
9.400159093998964011e+01 1.100000000000000000e+01 7.000000000000000000e+00
9.500011008720423433e+01 1.200000000000000000e+01 7.000000000000000000e+00
9.600159093998952642e+01 9.000000000000000000e+00 5.000000000000000000e+00
9.700159093998946958e+01 9.000000000000000000e+00 6.000000000000000000e+00
9.800025056530216716e+01 9.000000000000000000e+00 5.000000000000000000e+00
9.900000114597114020e+01 9.000000000000000000e+00 4.000000000000000000e+00
1.000015909399892990e+02 6.000000000000000000e+00 4.000000000000000000e+00
1.010015909399892422e+02 4.000000000000000000e+00 2.000000000000000000e+00
1.020015909399891854e+02 3.000000000000000000e+00 1.000000000000000000e+00
1.030015909399891285e+02 3.000000000000000000e+00 1.000000000000000000e+00
1.040007317640512667e+02 2.000000000000000000e+00 2.000000000000000000e+00
1.050015909399890148e+02 3.000000000000000000e+00 3.000000000000000000e+00
1.060015909399889580e+02 4.000000000000000000e+00 2.000000000000000000e+00
1.070015909399889011e+02 4.000000000000000000e+00 2.000000000000000000e+00
1.080015909399888443e+02 4.000000000000000000e+00 2.000000000000000000e+00
1.090015909399887875e+02 6.000000000000000000e+00 3.000000000000000000e+00
1.100015909399887306e+02 6.000000000000000000e+00 3.000000000000000000e+00
1.110000492090840254e+02 7.000000000000000000e+00 2.000000000000000000e+00
1.120015909399886169e+02 1.100000000000000000e+01 4.000000000000000000e+00
1.130015909399885601e+02 1.000000000000000000e+01 3.000000000000000000e+00
1.140015909399885032e+02 8.000000000000000000e+00 2.000000000000000000e+00
1.150015909399884464e+02 7.000000000000000000e+00 2.000000000000000000e+00
1.160015909399883896e+02 7.000000000000000000e+00 2.000000000000000000e+00
1.170013426556044180e+02 3.000000000000000000e+00 5.000000000000000000e+00
1.180015909399882759e+02 3.000000000000000000e+00 4.000000000000000000e+00
1.190015909399882190e+02 3.000000000000000000e+00 5.000000000000000000e+00
1.200015909399881622e+02 5.000000000000000000e+00 5.000000000000000000e+00
1.210015909399881053e+02 5.000000000000000000e+00 6.000000000000000000e+00
1.220013955820002565e+02 5.000000000000000000e+00 6.000000000000000000e+00
1.230015909399879916e+02 7.000000000000000000e+00 6.000000000000000000e+00
1.240015909399879348e+02 9.000000000000000000e+00 7.000000000000000000e+00
1.250015909399878780e+02 9.000000000000000000e+00 7.000000000000000000e+00
1.260015909399878211e+02 1.000000000000000000e+01 9.000000000000000000e+00
1.270015909399877643e+02 1.100000000000000000e+01 9.000000000000000000e+00
1.280015909399877216e+02 1.000000000000000000e+01 8.000000000000000000e+00
1.290015909399876648e+02 1.000000000000000000e+01 1.100000000000000000e+01
1.300015909399876080e+02 1.000000000000000000e+01 1.000000000000000000e+01
1.310015909399875511e+02 1.100000000000000000e+01 1.100000000000000000e+01
1.320015909399874943e+02 1.000000000000000000e+01 1.200000000000000000e+01
1.330015909399874374e+02 1.000000000000000000e+01 1.400000000000000000e+01
1.340005721472046503e+02 9.000000000000000000e+00 1.500000000000000000e+01
1.350015909399873237e+02 1.000000000000000000e+01 1.700000000000000000e+01
1.360015909399872669e+02 1.200000000000000000e+01 1.500000000000000000e+01
1.370015909399872100e+02 1.400000000000000000e+01 1.500000000000000000e+01
1.380015909399871532e+02 1.300000000000000000e+01 1.500000000000000000e+01
1.390015909399870964e+02 1.000000000000000000e+01 1.500000000000000000e+01
1.400015909399870395e+02 1.100000000000000000e+01 1.500000000000000000e+01
1.410011232670544814e+02 9.000000000000000000e+00 1.600000000000000000e+01
1.420000365601100896e+02 7.000000000000000000e+00 1.600000000000000000e+01
1.430015909399868690e+02 7.000000000000000000e+00 1.500000000000000000e+01
1.440015909399868121e+02 5.000000000000000000e+00 1.800000000000000000e+01
1.450001934171538380e+02 6.000000000000000000e+00 1.700000000000000000e+01
1.460015909399866985e+02 5.000000000000000000e+00 1.600000000000000000e+01
1.470015909399866416e+02 5.000000000000000000e+00 1.600000000000000000e+01
1.480015909399865848e+02 2.000000000000000000e+00 1.100000000000000000e+01
1.490014446821185743e+02 2.000000000000000000e+00 1.300000000000000000e+01
1.500015909399864711e+02 2.000000000000000000e+00 1.200000000000000000e+01
1.510015909399864142e+02 1.000000000000000000e+00 1.000000000000000000e+01
1.520015909399863574e+02 2.000000000000000000e+00 7.000000000000000000e+00
1.530015909399863006e+02 1.000000000000000000e+00 8.000000000000000000e+00
1.540015909399862437e+02 1.000000000000000000e+00 7.000000000000000000e+00
1.550001444391997723e+02 2.000000000000000000e+00 6.000000000000000000e+00
1.560015909399861300e+02 1.000000000000000000e+00 4.000000000000000000e+00
1.570015909399860732e+02 2.000000000000000000e+00 6.000000000000000000e+00
1.580015909399860163e+02 2.000000000000000000e+00 4.000000000000000000e+00
1.590015909399859595e+02 3.000000000000000000e+00 5.000000000000000000e+00
1.600009401466856218e+02 3.000000000000000000e+00 5.000000000000000000e+00
1.610008037170542821e+02 4.000000000000000000e+00 5.000000000000000000e+00
1.620015909399857890e+02 4.000000000000000000e+00 5.000000000000000000e+00
1.630015909399857321e+02 4.000000000000000000e+00 6.000000000000000000e+00
1.640015909399856753e+02 3.000000000000000000e+00 7.000000000000000000e+00
1.650015909399856184e+02 5.000000000000000000e+00 7.000000000000000000e+00
1.660015909399855616e+02 6.000000000000000000e+00 7.000000000000000000e+00
1.670015909399855047e+02 9.000000000000000000e+00 8.000000000000000000e+00
1.680015909399854479e+02 1.000000000000000000e+01 8.000000000000000000e+00
1.690015909399853911e+02 9.000000000000000000e+00 8.000000000000000000e+00
1.700015909399853342e+02 8.000000000000000000e+00 8.000000000000000000e+00
1.710015909399852774e+02 7.000000000000000000e+00 9.000000000000000000e+00
1.720004514540383695e+02 7.000000000000000000e+00 9.000000000000000000e+00
1.730015909399851637e+02 7.000000000000000000e+00 1.100000000000000000e+01
1.740015909399851068e+02 7.000000000000000000e+00 1.000000000000000000e+01
1.750015909399850500e+02 7.000000000000000000e+00 1.000000000000000000e+01
1.760003085000458327e+02 9.000000000000000000e+00 1.000000000000000000e+01
1.770015909399849363e+02 1.000000000000000000e+01 1.000000000000000000e+01
1.780011488528536745e+02 1.300000000000000000e+01 1.200000000000000000e+01
1.790007132524267490e+02 1.300000000000000000e+01 1.200000000000000000e+01
1.800015909399847658e+02 7.000000000000000000e+00 1.400000000000000000e+01
1.810015909399847089e+02 8.000000000000000000e+00 1.100000000000000000e+01
1.820015909399846521e+02 6.000000000000000000e+00 1.100000000000000000e+01
1.830015909399845953e+02 6.000000000000000000e+00 1.100000000000000000e+01
1.840015909399845384e+02 7.000000000000000000e+00 1.100000000000000000e+01
1.850015909399844816e+02 7.000000000000000000e+00 1.100000000000000000e+01
1.860002965663690304e+02 8.000000000000000000e+00 1.100000000000000000e+01
1.870015909399843679e+02 9.000000000000000000e+00 1.300000000000000000e+01
1.880015909399843110e+02 8.000000000000000000e+00 1.400000000000000000e+01
1.890015909399842542e+02 9.000000000000000000e+00 1.500000000000000000e+01
1.900015909399841973e+02 9.000000000000000000e+00 1.600000000000000000e+01
1.910015887907973422e+02 5.000000000000000000e+00 1.400000000000000000e+01
1.920015909399840837e+02 6.000000000000000000e+00 1.500000000000000000e+01
1.930015909399840268e+02 8.000000000000000000e+00 1.700000000000000000e+01
1.940015909399839700e+02 8.000000000000000000e+00 1.700000000000000000e+01
1.950002711434010507e+02 8.000000000000000000e+00 1.800000000000000000e+01
1.960015909399838563e+02 9.000000000000000000e+00 1.900000000000000000e+01
1.970015909399837994e+02 8.000000000000000000e+00 1.900000000000000000e+01
1.980009849109052880e+02 7.000000000000000000e+00 1.800000000000000000e+01
1.990005644711696391e+02 6.000000000000000000e+00 1.500000000000000000e+01
2.000015909399836289e+02 4.000000000000000000e+00 1.400000000000000000e+01
2.010000390710030729e+02 3.000000000000000000e+00 1.300000000000000000e+01
2.020015909399835152e+02 2.000000000000000000e+00 1.500000000000000000e+01
2.030015909399834584e+02 2.000000000000000000e+00 1.500000000000000000e+01
2.040008154233226207e+02 4.000000000000000000e+00 1.600000000000000000e+01
2.050015909399833447e+02 3.000000000000000000e+00 1.600000000000000000e+01
2.060015909399832879e+02 4.000000000000000000e+00 1.700000000000000000e+01
2.070015909399832310e+02 4.000000000000000000e+00 1.800000000000000000e+01
2.080015909399831742e+02 5.000000000000000000e+00 1.700000000000000000e+01
2.090015909399831173e+02 3.000000000000000000e+00 1.800000000000000000e+01
2.100015909399830605e+02 4.000000000000000000e+00 1.500000000000000000e+01
2.110015909399830036e+02 2.000000000000000000e+00 1.300000000000000000e+01
2.120002577444771248e+02 3.000000000000000000e+00 1.300000000000000000e+01
2.130011928397069596e+02 3.000000000000000000e+00 1.500000000000000000e+01
2.140015909399828331e+02 4.000000000000000000e+00 1.800000000000000000e+01
2.150009424113187322e+02 3.000000000000000000e+00 1.500000000000000000e+01
2.160015909399827194e+02 4.000000000000000000e+00 1.500000000000000000e+01
2.170000805869571820e+02 3.000000000000000000e+00 1.500000000000000000e+01
2.180015909399826057e+02 4.000000000000000000e+00 1.500000000000000000e+01
2.190015909399825489e+02 4.000000000000000000e+00 1.700000000000000000e+01
2.200015909399824920e+02 5.000000000000000000e+00 1.800000000000000000e+01
2.210015909399824352e+02 2.000000000000000000e+00 1.800000000000000000e+01
2.220015909399823784e+02 2.000000000000000000e+00 1.800000000000000000e+01
2.230015909399823215e+02 3.000000000000000000e+00 1.900000000000000000e+01
2.240015909399822647e+02 4.000000000000000000e+00 2.000000000000000000e+01
2.250013128988068729e+02 4.000000000000000000e+00 2.000000000000000000e+01
2.260015909399821510e+02 4.000000000000000000e+00 2.000000000000000000e+01
2.270012132071929045e+02 4.000000000000000000e+00 2.000000000000000000e+01
2.280015909399820373e+02 4.000000000000000000e+00 2.200000000000000000e+01
2.290007106377696005e+02 5.000000000000000000e+00 2.000000000000000000e+01
2.300013052843144976e+02 5.000000000000000000e+00 2.000000000000000000e+01
2.310015909399818668e+02 7.000000000000000000e+00 2.000000000000000000e+01
2.320015909399818099e+02 7.000000000000000000e+00 2.000000000000000000e+01
2.330015909399817531e+02 7.000000000000000000e+00 2.200000000000000000e+01
2.340015909399816962e+02 7.000000000000000000e+00 2.100000000000000000e+01
2.350015909399816394e+02 7.000000000000000000e+00 2.200000000000000000e+01
2.360008338085773403e+02 9.000000000000000000e+00 2.200000000000000000e+01
2.370015909399815257e+02 9.000000000000000000e+00 2.200000000000000000e+01
2.380007677932789250e+02 9.000000000000000000e+00 2.200000000000000000e+01
2.390015909399814120e+02 8.000000000000000000e+00 2.200000000000000000e+01
2.400015909399813552e+02 8.000000000000000000e+00 2.200000000000000000e+01
2.410011420237856896e+02 7.000000000000000000e+00 2.100000000000000000e+01
2.420015909399812415e+02 7.000000000000000000e+00 2.100000000000000000e+01
2.430005573438028819e+02 5.000000000000000000e+00 2.100000000000000000e+01
2.440015909399811278e+02 7.000000000000000000e+00 2.200000000000000000e+01
2.450015909399810710e+02 6.000000000000000000e+00 2.200000000000000000e+01
2.460005372229108787e+02 9.000000000000000000e+00 2.300000000000000000e+01
2.470015909399809573e+02 8.000000000000000000e+00 2.300000000000000000e+01
2.480015909399809004e+02 8.000000000000000000e+00 2.300000000000000000e+01
2.490015909399808436e+02 8.000000000000000000e+00 2.300000000000000000e+01
2.500015909399807867e+02 9.000000000000000000e+00 2.300000000000000000e+01
2.510015909399807299e+02 1.000000000000000000e+01 1.800000000000000000e+01
2.520015909399806731e+02 9.000000000000000000e+00 1.400000000000000000e+01
2.530015909399806162e+02 1.100000000000000000e+01 1.000000000000000000e+01
2.540015909399805594e+02 1.000000000000000000e+01 8.000000000000000000e+00
2.550015909399805025e+02 1.000000000000000000e+01 6.000000000000000000e+00
2.560005198369955224e+02 1.200000000000000000e+01 7.000000000000000000e+00
2.570011689148348069e+02 1.400000000000000000e+01 5.000000000000000000e+00
2.580015909399809289e+02 1.300000000000000000e+01 6.000000000000000000e+00
2.590015909399811562e+02 1.400000000000000000e+01 6.000000000000000000e+00
2.600015909399813836e+02 1.400000000000000000e+01 5.000000000000000000e+00
2.610014717407416356e+02 1.400000000000000000e+01 4.000000000000000000e+00
2.620015909399818383e+02 1.400000000000000000e+01 5.000000000000000000e+00
2.630015909399820657e+02 1.700000000000000000e+01 5.000000000000000000e+00
2.640015909399822931e+02 1.700000000000000000e+01 4.000000000000000000e+00
2.650015909399825205e+02 1.800000000000000000e+01 4.000000000000000000e+00
2.660015909399827478e+02 1.900000000000000000e+01 4.000000000000000000e+00
2.670015909399829752e+02 2.100000000000000000e+01 4.000000000000000000e+00
2.680015909399832026e+02 2.100000000000000000e+01 1.000000000000000000e+00
2.690009389202537591e+02 1.800000000000000000e+01 1.000000000000000000e+00
2.700015909399836573e+02 1.700000000000000000e+01 1.000000000000000000e+00
2.710015909399838847e+02 1.600000000000000000e+01 0.000000000000000000e+00
2.720004171843334007e+02 1.600000000000000000e+01 2.000000000000000000e+00
2.730010042236474987e+02 1.500000000000000000e+01 2.000000000000000000e+00
2.740015909399845668e+02 1.800000000000000000e+01 4.000000000000000000e+00
2.750015909399847942e+02 2.100000000000000000e+01 4.000000000000000000e+00
2.760015909399850216e+02 2.000000000000000000e+01 4.000000000000000000e+00
2.770015909399852490e+02 2.000000000000000000e+01 5.000000000000000000e+00
2.780015909399854763e+02 2.100000000000000000e+01 6.000000000000000000e+00
2.790001164314199400e+02 2.100000000000000000e+01 6.000000000000000000e+00
2.800000549281812141e+02 2.000000000000000000e+01 8.000000000000000000e+00
2.810015909399861584e+02 2.000000000000000000e+01 7.000000000000000000e+00
2.820000819491689867e+02 1.800000000000000000e+01 8.000000000000000000e+00
2.830015909399866132e+02 1.800000000000000000e+01 7.000000000000000000e+00
2.840011675504886739e+02 1.900000000000000000e+01 8.000000000000000000e+00
2.850015909399870679e+02 1.900000000000000000e+01 8.000000000000000000e+00
2.860015909399872953e+02 1.600000000000000000e+01 8.000000000000000000e+00
2.870015909399875227e+02 1.600000000000000000e+01 9.000000000000000000e+00
2.880015909399877501e+02 1.500000000000000000e+01 1.000000000000000000e+01
2.890015909399879774e+02 1.100000000000000000e+01 9.000000000000000000e+00
2.900015909399882048e+02 1.200000000000000000e+01 1.000000000000000000e+01
2.910015909399884322e+02 1.300000000000000000e+01 8.000000000000000000e+00
2.920001090822655669e+02 1.300000000000000000e+01 6.000000000000000000e+00
2.930015909399888869e+02 1.400000000000000000e+01 6.000000000000000000e+00
2.940015909399891143e+02 1.600000000000000000e+01 5.000000000000000000e+00
2.950015275282722200e+02 1.400000000000000000e+01 6.000000000000000000e+00
2.960015909399895691e+02 1.500000000000000000e+01 5.000000000000000000e+00
2.970015909399897964e+02 1.700000000000000000e+01 5.000000000000000000e+00
2.980013348261624060e+02 1.300000000000000000e+01 6.000000000000000000e+00
2.990015909399902512e+02 1.400000000000000000e+01 5.000000000000000000e+00
3.000003385779110090e+02 1.500000000000000000e+01 6.000000000000000000e+00
