0.000000000000000000e+00 0.000000000000000000e+00 0.000000000000000000e+00
1.000311827965332911e+00 1.000000000000000000e+00 1.000000000000000000e+00
2.000311827965333578e+00 2.000000000000000000e+00 2.000000000000000000e+00
3.000311827965334466e+00 2.000000000000000000e+00 2.000000000000000000e+00
4.000311827965335354e+00 3.000000000000000000e+00 3.000000000000000000e+00
5.000311827965331801e+00 3.000000000000000000e+00 3.000000000000000000e+00
6.000152276432953791e+00 3.000000000000000000e+00 3.000000000000000000e+00
7.000311827965324696e+00 4.000000000000000000e+00 4.000000000000000000e+00
8.000015466381361406e+00 4.000000000000000000e+00 4.000000000000000000e+00
9.000311827965317590e+00 5.000000000000000000e+00 5.000000000000000000e+00
1.000031182796531404e+01 5.000000000000000000e+00 5.000000000000000000e+00
1.100018968956062970e+01 5.000000000000000000e+00 5.000000000000000000e+00
1.200031182796530693e+01 7.000000000000000000e+00 7.000000000000000000e+00
1.300031182796530338e+01 7.000000000000000000e+00 7.000000000000000000e+00
1.400031182796529983e+01 8.000000000000000000e+00 8.000000000000000000e+00
1.500031182796529627e+01 7.000000000000000000e+00 7.000000000000000000e+00
1.600031182796529450e+01 7.000000000000000000e+00 7.000000000000000000e+00
1.700031182796530871e+01 7.000000000000000000e+00 7.000000000000000000e+00
1.800031182796532292e+01 8.000000000000000000e+00 6.000000000000000000e+00
1.900031182796533713e+01 9.000000000000000000e+00 6.000000000000000000e+00
2.000031182796535134e+01 8.000000000000000000e+00 6.000000000000000000e+00
2.100031182796536555e+01 7.000000000000000000e+00 6.000000000000000000e+00
2.200031182796537976e+01 7.000000000000000000e+00 7.000000000000000000e+00
2.300031182796539397e+01 7.000000000000000000e+00 5.000000000000000000e+00
2.400031182796540818e+01 7.000000000000000000e+00 7.000000000000000000e+00
2.500031182796542240e+01 7.000000000000000000e+00 4.000000000000000000e+00
2.600031182796543661e+01 8.000000000000000000e+00 2.000000000000000000e+00
2.700031182796545082e+01 7.000000000000000000e+00 2.000000000000000000e+00
2.800031182796546503e+01 6.000000000000000000e+00 1.000000000000000000e+00
2.900031182796547924e+01 6.000000000000000000e+00 1.000000000000000000e+00
3.000031182796549345e+01 4.000000000000000000e+00 1.000000000000000000e+00
3.100031182796550766e+01 4.000000000000000000e+00 0.000000000000000000e+00
3.200031182796551832e+01 5.000000000000000000e+00 2.000000000000000000e+00
3.300031182796553253e+01 4.000000000000000000e+00 1.000000000000000000e+00
3.400031182796554674e+01 2.000000000000000000e+00 1.000000000000000000e+00
3.500031182796556095e+01 1.000000000000000000e+00 1.000000000000000000e+00
3.600031182796557516e+01 1.000000000000000000e+00 1.000000000000000000e+00
3.700031182796558937e+01 1.000000000000000000e+00 1.000000000000000000e+00
3.800031182796560358e+01 3.000000000000000000e+00 1.000000000000000000e+00
3.900031182796561779e+01 3.000000000000000000e+00 2.000000000000000000e+00
4.000031182796563201e+01 6.000000000000000000e+00 4.000000000000000000e+00
4.100031182796564622e+01 5.000000000000000000e+00 4.000000000000000000e+00
4.200031182796566043e+01 4.000000000000000000e+00 4.000000000000000000e+00
4.300031182796567464e+01 3.000000000000000000e+00 5.000000000000000000e+00
4.400031182796568885e+01 4.000000000000000000e+00 8.000000000000000000e+00
4.500031182796570306e+01 0.000000000000000000e+00 6.000000000000000000e+00
4.600031182796571727e+01 0.000000000000000000e+00 6.000000000000000000e+00
4.700031182796573148e+01 0.000000000000000000e+00 3.000000000000000000e+00
4.800031182796574569e+01 0.000000000000000000e+00 3.000000000000000000e+00
4.900031182796575990e+01 3.000000000000000000e+00 3.000000000000000000e+00
5.000031182796577411e+01 2.000000000000000000e+00 2.000000000000000000e+00
5.100031182796578832e+01 2.000000000000000000e+00 0.000000000000000000e+00
5.200031182796580254e+01 4.000000000000000000e+00 3.000000000000000000e+00
5.300031182796581675e+01 5.000000000000000000e+00 2.000000000000000000e+00
5.400031182796583096e+01 5.000000000000000000e+00 1.000000000000000000e+00
5.500031182796584517e+01 5.000000000000000000e+00 1.000000000000000000e+00
5.600031182796585938e+01 6.000000000000000000e+00 2.000000000000000000e+00
5.700031182796587359e+01 4.000000000000000000e+00 2.000000000000000000e+00
5.800031182796588780e+01 4.000000000000000000e+00 1.000000000000000000e+00
5.900031182796590201e+01 6.000000000000000000e+00 3.000000000000000000e+00
6.000031182796591622e+01 3.000000000000000000e+00 3.000000000000000000e+00
6.100031182796593043e+01 2.000000000000000000e+00 2.000000000000000000e+00
6.200031182796594464e+01 2.000000000000000000e+00 2.000000000000000000e+00
6.300031182796595886e+01 3.000000000000000000e+00 2.000000000000000000e+00
6.400031182796597307e+01 4.000000000000000000e+00 3.000000000000000000e+00
6.500031182796591622e+01 5.000000000000000000e+00 3.000000000000000000e+00
6.600031182796585938e+01 4.000000000000000000e+00 3.000000000000000000e+00
6.700031182796580254e+01 4.000000000000000000e+00 4.000000000000000000e+00
6.800031182796574569e+01 4.000000000000000000e+00 4.000000000000000000e+00
6.900031182796568885e+01 4.000000000000000000e+00 4.000000000000000000e+00
7.000031182796563201e+01 4.000000000000000000e+00 5.000000000000000000e+00
7.100031182796557516e+01 4.000000000000000000e+00 6.000000000000000000e+00
7.200031182796551832e+01 5.000000000000000000e+00 5.000000000000000000e+00
7.300031182796546148e+01 4.000000000000000000e+00 5.000000000000000000e+00
7.400031182796540463e+01 4.000000000000000000e+00 6.000000000000000000e+00
7.500031182796534779e+01 5.000000000000000000e+00 6.000000000000000000e+00
7.600031182796529095e+01 6.000000000000000000e+00 5.000000000000000000e+00
7.700031182796523410e+01 8.000000000000000000e+00 4.000000000000000000e+00
7.800031182796517726e+01 8.000000000000000000e+00 3.000000000000000000e+00
7.900031182796512041e+01 8.000000000000000000e+00 3.000000000000000000e+00
8.000031182796506357e+01 8.000000000000000000e+00 3.000000000000000000e+00
8.100031182796500673e+01 8.000000000000000000e+00 4.000000000000000000e+00
8.200031182796494988e+01 1.000000000000000000e+01 5.000000000000000000e+00
8.300031182796489304e+01 1.000000000000000000e+01 7.000000000000000000e+00
8.400031182796483620e+01 1.000000000000000000e+01 9.000000000000000000e+00
8.500031182796477935e+01 1.200000000000000000e+01 1.100000000000000000e+01
8.600031182796472251e+01 1.200000000000000000e+01 1.000000000000000000e+01
8.700031182796466567e+01 1.200000000000000000e+01 1.000000000000000000e+01
8.800031182796460882e+01 1.200000000000000000e+01 9.000000000000000000e+00
8.900031182796455198e+01 1.300000000000000000e+01 8.000000000000000000e+00
9.000031182796449514e+01 1.400000000000000000e+01 8.000000000000000000e+00
9.100031182796443829e+01 1.300000000000000000e+01 8.000000000000000000e+00
9.200031182796438145e+01 1.200000000000000000e+01 1.000000000000000000e+01
9.300031182796432461e+01 1.100000000000000000e+01 9.000000000000000000e+00
9.400031182796426776e+01 1.000000000000000000e+01 7.000000000000000000e+00
9.500031182796421092e+01 9.000000000000000000e+00 8.000000000000000000e+00
9.600028396290922217e+01 9.000000000000000000e+00 1.100000000000000000e+01
9.700031182796409723e+01 9.000000000000000000e+00 1.000000000000000000e+01
9.800031182796404039e+01 1.000000000000000000e+01 9.000000000000000000e+00
9.900031182796398355e+01 1.100000000000000000e+01 9.000000000000000000e+00
1.000003118279639267e+02 1.300000000000000000e+01 1.100000000000000000e+01
1.010003118279638699e+02 1.400000000000000000e+01 1.200000000000000000e+01
1.020003118279638130e+02 1.500000000000000000e+01 1.600000000000000000e+01
1.030003118279637562e+02 1.600000000000000000e+01 1.400000000000000000e+01
1.040003118279636993e+02 1.600000000000000000e+01 9.000000000000000000e+00
1.050003118279636425e+02 1.400000000000000000e+01 9.000000000000000000e+00
1.060003118279635856e+02 1.400000000000000000e+01 9.000000000000000000e+00
1.070003118279635288e+02 1.500000000000000000e+01 8.000000000000000000e+00
1.080003118279634720e+02 1.500000000000000000e+01 8.000000000000000000e+00
1.090003118279634151e+02 1.400000000000000000e+01 8.000000000000000000e+00
1.100003118279633583e+02 1.800000000000000000e+01 7.000000000000000000e+00
1.110003118279633014e+02 1.900000000000000000e+01 7.000000000000000000e+00
1.120003118279632446e+02 1.800000000000000000e+01 5.000000000000000000e+00
1.130003118279631877e+02 1.900000000000000000e+01 5.000000000000000000e+00
1.140003118279631309e+02 2.200000000000000000e+01 7.000000000000000000e+00
1.150003118279630741e+02 2.000000000000000000e+01 5.000000000000000000e+00
1.160003118279630172e+02 2.000000000000000000e+01 4.000000000000000000e+00
1.170003118279629604e+02 1.800000000000000000e+01 4.000000000000000000e+00
1.180003118279629035e+02 1.800000000000000000e+01 7.000000000000000000e+00
1.190003118279628467e+02 1.500000000000000000e+01 4.000000000000000000e+00
1.200003118279627898e+02 1.500000000000000000e+01 3.000000000000000000e+00
1.210001921389261241e+02 1.500000000000000000e+01 5.000000000000000000e+00
1.220003118279626761e+02 1.600000000000000000e+01 4.000000000000000000e+00
1.230003118279626193e+02 1.900000000000000000e+01 6.000000000000000000e+00
1.240003118279625625e+02 1.900000000000000000e+01 6.000000000000000000e+00
1.250003118279625056e+02 1.900000000000000000e+01 7.000000000000000000e+00
1.260003118279624488e+02 1.800000000000000000e+01 7.000000000000000000e+00
1.270003118279623919e+02 1.600000000000000000e+01 6.000000000000000000e+00
1.280003118279623493e+02 1.700000000000000000e+01 9.000000000000000000e+00
1.290003118279622925e+02 1.800000000000000000e+01 7.000000000000000000e+00
1.300003118279622356e+02 1.900000000000000000e+01 7.000000000000000000e+00
1.310003118279621788e+02 2.200000000000000000e+01 8.000000000000000000e+00
1.320003118279621219e+02 1.900000000000000000e+01 8.000000000000000000e+00
1.330000382515453339e+02 1.900000000000000000e+01 9.000000000000000000e+00
1.340003118279620082e+02 2.000000000000000000e+01 9.000000000000000000e+00
1.350003118279619514e+02 1.500000000000000000e+01 1.300000000000000000e+01
1.360003118279618946e+02 1.300000000000000000e+01 1.200000000000000000e+01
1.370003118279618377e+02 1.200000000000000000e+01 1.100000000000000000e+01
1.380003118279617809e+02 1.300000000000000000e+01 1.100000000000000000e+01
1.390003118279617240e+02 1.400000000000000000e+01 8.000000000000000000e+00
1.400003118279616672e+02 1.500000000000000000e+01 5.000000000000000000e+00
1.410003118279616103e+02 1.600000000000000000e+01 6.000000000000000000e+00
1.420000848441688390e+02 1.500000000000000000e+01 8.000000000000000000e+00
1.430003118279614966e+02 1.400000000000000000e+01 8.000000000000000000e+00
1.440003118279614398e+02 1.400000000000000000e+01 8.000000000000000000e+00
1.450003118279613830e+02 1.400000000000000000e+01 9.000000000000000000e+00
1.460003118279613261e+02 1.200000000000000000e+01 9.000000000000000000e+00
1.470003118279612693e+02 1.200000000000000000e+01 1.000000000000000000e+01
1.480003118279612124e+02 1.200000000000000000e+01 9.000000000000000000e+00
1.490003118279611556e+02 1.200000000000000000e+01 9.000000000000000000e+00
1.500003118279610987e+02 1.100000000000000000e+01 1.000000000000000000e+01
1.510003118279610419e+02 1.200000000000000000e+01 7.000000000000000000e+00
1.520003118279609851e+02 1.100000000000000000e+01 7.000000000000000000e+00
1.530003118279609282e+02 1.100000000000000000e+01 5.000000000000000000e+00
1.540003118279608714e+02 1.200000000000000000e+01 7.000000000000000000e+00
1.550003118279608145e+02 1.300000000000000000e+01 7.000000000000000000e+00
1.560003118279607577e+02 1.400000000000000000e+01 9.000000000000000000e+00
1.570003118279607008e+02 1.400000000000000000e+01 1.100000000000000000e+01
1.580003118279606440e+02 1.500000000000000000e+01 1.200000000000000000e+01
1.590003118279605872e+02 1.500000000000000000e+01 1.400000000000000000e+01
1.600003118279605303e+02 1.000000000000000000e+01 1.400000000000000000e+01
1.610003118279604735e+02 5.000000000000000000e+00 1.400000000000000000e+01
1.620003118279604166e+02 5.000000000000000000e+00 1.600000000000000000e+01
1.630003118279603598e+02 5.000000000000000000e+00 1.800000000000000000e+01
1.640003118279603029e+02 6.000000000000000000e+00 1.900000000000000000e+01
1.650003118279602461e+02 7.000000000000000000e+00 1.900000000000000000e+01
1.660003118279601892e+02 6.000000000000000000e+00 1.800000000000000000e+01
1.670003118279601324e+02 6.000000000000000000e+00 1.800000000000000000e+01
1.680003118279600756e+02 6.000000000000000000e+00 1.800000000000000000e+01
1.690003118279600187e+02 7.000000000000000000e+00 1.500000000000000000e+01
1.700003118279599619e+02 7.000000000000000000e+00 1.500000000000000000e+01
1.710003118279599050e+02 7.000000000000000000e+00 1.300000000000000000e+01
1.720003118279598482e+02 6.000000000000000000e+00 1.000000000000000000e+01
1.730003118279597913e+02 9.000000000000000000e+00 1.100000000000000000e+01
1.740003118279597345e+02 8.000000000000000000e+00 1.100000000000000000e+01
1.750003118279596777e+02 9.000000000000000000e+00 7.000000000000000000e+00
1.760003118279596208e+02 1.100000000000000000e+01 4.000000000000000000e+00
1.770003118279595640e+02 1.200000000000000000e+01 3.000000000000000000e+00
1.780003118279595071e+02 1.100000000000000000e+01 1.000000000000000000e+00
1.790003118279594503e+02 1.200000000000000000e+01 2.000000000000000000e+00
1.800003118279593934e+02 1.200000000000000000e+01 0.000000000000000000e+00
1.810003118279593366e+02 1.300000000000000000e+01 2.000000000000000000e+00
1.820003118279592798e+02 1.500000000000000000e+01 2.000000000000000000e+00
1.830003118279592229e+02 1.400000000000000000e+01 2.000000000000000000e+00
1.840003118279591661e+02 1.300000000000000000e+01 2.000000000000000000e+00
1.850003118279591092e+02 1.500000000000000000e+01 3.000000000000000000e+00
1.860002714577922802e+02 1.300000000000000000e+01 4.000000000000000000e+00
1.870003118279589955e+02 1.000000000000000000e+01 4.000000000000000000e+00
1.880003118279589387e+02 1.100000000000000000e+01 4.000000000000000000e+00
1.890003118279588818e+02 1.100000000000000000e+01 2.000000000000000000e+00
1.900003118279588250e+02 1.200000000000000000e+01 2.000000000000000000e+00
1.910003118279587682e+02 1.200000000000000000e+01 4.000000000000000000e+00
1.920003118279587113e+02 1.200000000000000000e+01 3.000000000000000000e+00
1.930003118279586545e+02 1.300000000000000000e+01 3.000000000000000000e+00
1.940003118279585976e+02 1.300000000000000000e+01 4.000000000000000000e+00
1.950003118279585408e+02 1.300000000000000000e+01 6.000000000000000000e+00
1.960003118279584839e+02 1.400000000000000000e+01 8.000000000000000000e+00
1.970001540288928936e+02 1.300000000000000000e+01 1.000000000000000000e+01
1.980003118279583703e+02 1.300000000000000000e+01 7.000000000000000000e+00
1.990003118279583134e+02 1.400000000000000000e+01 7.000000000000000000e+00
2.000003118279582566e+02 1.500000000000000000e+01 5.000000000000000000e+00
2.010003118279581997e+02 1.500000000000000000e+01 5.000000000000000000e+00
2.020003118279581429e+02 1.200000000000000000e+01 5.000000000000000000e+00
2.030003118279580860e+02 1.000000000000000000e+01 6.000000000000000000e+00
2.040003118279580292e+02 9.000000000000000000e+00 8.000000000000000000e+00
2.050003118279579724e+02 9.000000000000000000e+00 9.000000000000000000e+00
2.060003118279579155e+02 1.000000000000000000e+01 1.200000000000000000e+01
2.070003118279578587e+02 1.100000000000000000e+01 8.000000000000000000e+00
2.080003118279578018e+02 1.100000000000000000e+01 9.000000000000000000e+00
2.090003118279577450e+02 1.000000000000000000e+01 9.000000000000000000e+00
2.100003118279576881e+02 1.000000000000000000e+01 1.000000000000000000e+01
2.110003118279576313e+02 1.000000000000000000e+01 1.000000000000000000e+01
2.120003118279575745e+02 1.000000000000000000e+01 1.000000000000000000e+01
2.130003118279575176e+02 9.000000000000000000e+00 9.000000000000000000e+00
2.140003118279574608e+02 1.200000000000000000e+01 9.000000000000000000e+00
2.150000455143401439e+02 1.400000000000000000e+01 8.000000000000000000e+00
2.160003118279573471e+02 1.300000000000000000e+01 7.000000000000000000e+00
2.170003118279572902e+02 1.300000000000000000e+01 6.000000000000000000e+00
2.180003118279572334e+02 1.400000000000000000e+01 5.000000000000000000e+00
2.190003118279571765e+02 1.300000000000000000e+01 4.000000000000000000e+00
2.200003118279571197e+02 1.300000000000000000e+01 4.000000000000000000e+00
2.210003118279570629e+02 1.300000000000000000e+01 4.000000000000000000e+00
2.220003118279570060e+02 1.400000000000000000e+01 4.000000000000000000e+00
2.230003118279569492e+02 1.400000000000000000e+01 4.000000000000000000e+00
2.240003118279568923e+02 1.400000000000000000e+01 5.000000000000000000e+00
2.250003118279568355e+02 1.500000000000000000e+01 5.000000000000000000e+00
2.260003118279567786e+02 1.700000000000000000e+01 5.000000000000000000e+00
2.270003118279567218e+02 1.900000000000000000e+01 7.000000000000000000e+00
2.280003118279566650e+02 1.900000000000000000e+01 6.000000000000000000e+00
2.290003118279566081e+02 1.900000000000000000e+01 3.000000000000000000e+00
2.300003118279565513e+02 2.100000000000000000e+01 3.000000000000000000e+00
2.310003118279564944e+02 2.300000000000000000e+01 2.000000000000000000e+00
2.320003118279564376e+02 2.300000000000000000e+01 3.000000000000000000e+00
2.330003118279563807e+02 2.000000000000000000e+01 2.000000000000000000e+00
2.340003118279563239e+02 1.900000000000000000e+01 2.000000000000000000e+00
2.350003118279562671e+02 1.600000000000000000e+01 2.000000000000000000e+00
2.360003118279562102e+02 1.600000000000000000e+01 4.000000000000000000e+00
2.370003118279561534e+02 1.400000000000000000e+01 5.000000000000000000e+00
2.380003118279560965e+02 1.600000000000000000e+01 6.000000000000000000e+00
2.390002699789859548e+02 1.600000000000000000e+01 7.000000000000000000e+00
2.400001455732223974e+02 1.600000000000000000e+01 7.000000000000000000e+00
2.410003118279559260e+02 1.600000000000000000e+01 8.000000000000000000e+00
2.420003118279558691e+02 1.700000000000000000e+01 7.000000000000000000e+00
2.430003118279558123e+02 1.700000000000000000e+01 8.000000000000000000e+00
2.440003118279557555e+02 1.400000000000000000e+01 7.000000000000000000e+00
2.450003118279556986e+02 1.100000000000000000e+01 8.000000000000000000e+00
2.460003118279556418e+02 1.200000000000000000e+01 7.000000000000000000e+00
2.470003118279555849e+02 8.000000000000000000e+00 6.000000000000000000e+00
2.480003118279555281e+02 7.000000000000000000e+00 5.000000000000000000e+00
2.490003118279554712e+02 7.000000000000000000e+00 7.000000000000000000e+00
2.500002793420125613e+02 7.000000000000000000e+00 7.000000000000000000e+00
2.510003118279553576e+02 8.000000000000000000e+00 7.000000000000000000e+00
2.520003118279553007e+02 8.000000000000000000e+00 7.000000000000000000e+00
2.530003118279552439e+02 8.000000000000000000e+00 7.000000000000000000e+00
2.540003118279551870e+02 7.000000000000000000e+00 8.000000000000000000e+00
2.550003118279551302e+02 8.000000000000000000e+00 9.000000000000000000e+00
2.560003118279551018e+02 7.000000000000000000e+00 9.000000000000000000e+00
2.570003118279553291e+02 6.000000000000000000e+00 1.200000000000000000e+01
2.580003118279555565e+02 4.000000000000000000e+00 1.200000000000000000e+01
2.590003118279557839e+02 4.000000000000000000e+00 1.200000000000000000e+01
2.600003118279560113e+02 3.000000000000000000e+00 1.200000000000000000e+01
2.610003118279562386e+02 5.000000000000000000e+00 1.400000000000000000e+01
2.620003118279564660e+02 3.000000000000000000e+00 1.400000000000000000e+01
2.630003118279566934e+02 3.000000000000000000e+00 1.600000000000000000e+01
2.640003118279569208e+02 3.000000000000000000e+00 1.500000000000000000e+01
2.650003118279571481e+02 3.000000000000000000e+00 1.500000000000000000e+01
2.660003118279573755e+02 4.000000000000000000e+00 1.400000000000000000e+01
2.670003118279576029e+02 4.000000000000000000e+00 1.300000000000000000e+01
2.680003118279578302e+02 4.000000000000000000e+00 1.300000000000000000e+01
2.690003118279580576e+02 6.000000000000000000e+00 1.400000000000000000e+01
2.700003118279582850e+02 7.000000000000000000e+00 1.500000000000000000e+01
2.710003118279585124e+02 6.000000000000000000e+00 1.600000000000000000e+01
2.720003118279587397e+02 6.000000000000000000e+00 1.600000000000000000e+01
2.730003118279589671e+02 7.000000000000000000e+00 1.700000000000000000e+01
2.740003118279591945e+02 1.000000000000000000e+01 1.700000000000000000e+01
2.750003118279594219e+02 9.000000000000000000e+00 1.700000000000000000e+01
2.760003118279596492e+02 9.000000000000000000e+00 1.500000000000000000e+01
2.770003118279598766e+02 9.000000000000000000e+00 1.600000000000000000e+01
2.780003118279601040e+02 8.000000000000000000e+00 1.700000000000000000e+01
2.790003118279603314e+02 8.000000000000000000e+00 1.700000000000000000e+01
2.800003118279605587e+02 9.000000000000000000e+00 1.700000000000000000e+01
2.810003118279607861e+02 1.100000000000000000e+01 1.800000000000000000e+01
2.820000345902117260e+02 1.400000000000000000e+01 1.900000000000000000e+01
2.830003118279612409e+02 1.700000000000000000e+01 1.600000000000000000e+01
2.840003118279614682e+02 1.900000000000000000e+01 1.700000000000000000e+01
2.850003118279616956e+02 1.900000000000000000e+01 1.300000000000000000e+01
2.860003118279619230e+02 1.900000000000000000e+01 1.300000000000000000e+01
2.870003118279621503e+02 1.900000000000000000e+01 1.100000000000000000e+01
2.880003118279623777e+02 1.700000000000000000e+01 1.100000000000000000e+01
2.890003118279626051e+02 1.400000000000000000e+01 8.000000000000000000e+00
2.900003118279628325e+02 1.500000000000000000e+01 8.000000000000000000e+00
2.910003118279630598e+02 1.500000000000000000e+01 8.000000000000000000e+00
2.920003118279632872e+02 1.600000000000000000e+01 8.000000000000000000e+00
2.930003118279635146e+02 1.600000000000000000e+01 8.000000000000000000e+00
2.940000663558662382e+02 1.600000000000000000e+01 9.000000000000000000e+00
2.950003118279639693e+02 1.600000000000000000e+01 1.000000000000000000e+01
2.960003118279641967e+02 1.700000000000000000e+01 1.200000000000000000e+01
2.970003118279644241e+02 1.600000000000000000e+01 1.400000000000000000e+01
2.980003118279646515e+02 1.700000000000000000e+01 1.500000000000000000e+01
2.990003118279648788e+02 1.300000000000000000e+01 1.500000000000000000e+01
3.000003118279651062e+02 8.000000000000000000e+00 1.400000000000000000e+01
