0.000000000000000000e+00 0.000000000000000000e+00 0.000000000000000000e+00
1.001170604581601786e+00 0.000000000000000000e+00 0.000000000000000000e+00
2.001170604581602674e+00 0.000000000000000000e+00 0.000000000000000000e+00
3.001170604581603563e+00 1.000000000000000000e+00 1.000000000000000000e+00
4.000133112903000665e+00 3.000000000000000000e+00 3.000000000000000000e+00
5.001170604581600898e+00 2.000000000000000000e+00 2.000000000000000000e+00
6.001170604581597345e+00 3.000000000000000000e+00 3.000000000000000000e+00
7.001170604581593793e+00 2.000000000000000000e+00 2.000000000000000000e+00
8.001170604581590240e+00 4.000000000000000000e+00 4.000000000000000000e+00
9.000704638666377377e+00 3.000000000000000000e+00 3.000000000000000000e+00
1.000117060458158313e+01 3.000000000000000000e+00 3.000000000000000000e+00
1.100117060458157958e+01 4.000000000000000000e+00 4.000000000000000000e+00
1.200072053550447571e+01 4.000000000000000000e+00 4.000000000000000000e+00
1.300117060458157248e+01 4.000000000000000000e+00 4.000000000000000000e+00
1.400117060458156892e+01 5.000000000000000000e+00 5.000000000000000000e+00
1.500117060458156537e+01 4.000000000000000000e+00 4.000000000000000000e+00
1.600117060458156359e+01 4.000000000000000000e+00 4.000000000000000000e+00
1.700117060458157781e+01 3.000000000000000000e+00 3.000000000000000000e+00
1.800117060458159202e+01 3.000000000000000000e+00 3.000000000000000000e+00
1.900117060458160623e+01 3.000000000000000000e+00 3.000000000000000000e+00
2.000117060458162044e+01 3.000000000000000000e+00 3.000000000000000000e+00
2.100048054716007329e+01 6.000000000000000000e+00 7.000000000000000000e+00
2.200117060458164886e+01 5.000000000000000000e+00 6.000000000000000000e+00
2.300117060458166307e+01 5.000000000000000000e+00 6.000000000000000000e+00
2.400117060458167728e+01 5.000000000000000000e+00 5.000000000000000000e+00
2.500117060458169149e+01 5.000000000000000000e+00 5.000000000000000000e+00
2.600117060458170570e+01 6.000000000000000000e+00 6.000000000000000000e+00
2.700117060458171991e+01 7.000000000000000000e+00 7.000000000000000000e+00
2.800117060458173412e+01 7.000000000000000000e+00 7.000000000000000000e+00
2.900117060458174834e+01 9.000000000000000000e+00 9.000000000000000000e+00
3.000117060458176255e+01 1.000000000000000000e+01 1.000000000000000000e+01
3.100012387110458079e+01 1.000000000000000000e+01 1.000000000000000000e+01
3.200071833094096263e+01 9.000000000000000000e+00 1.000000000000000000e+01
3.300021713349092067e+01 7.000000000000000000e+00 1.000000000000000000e+01
3.400117060458181584e+01 9.000000000000000000e+00 1.300000000000000000e+01
3.500117060458183005e+01 6.000000000000000000e+00 1.100000000000000000e+01
3.600092411046097141e+01 4.000000000000000000e+00 9.000000000000000000e+00
3.700052858709473469e+01 5.000000000000000000e+00 6.000000000000000000e+00
3.800108346763973088e+01 4.000000000000000000e+00 4.000000000000000000e+00
3.900117060458188689e+01 3.000000000000000000e+00 5.000000000000000000e+00
4.000117060458190110e+01 3.000000000000000000e+00 4.000000000000000000e+00
4.100117060458191531e+01 3.000000000000000000e+00 4.000000000000000000e+00
4.200117060458192952e+01 4.000000000000000000e+00 4.000000000000000000e+00
4.300117060458194373e+01 7.000000000000000000e+00 6.000000000000000000e+00
4.400117060458195795e+01 8.000000000000000000e+00 7.000000000000000000e+00
4.500117060458197216e+01 9.000000000000000000e+00 7.000000000000000000e+00
4.600015009898113050e+01 9.000000000000000000e+00 7.000000000000000000e+00
4.700117060458200058e+01 1.000000000000000000e+01 8.000000000000000000e+00
4.800088693656674366e+01 1.100000000000000000e+01 1.000000000000000000e+01
4.900016182030389444e+01 1.000000000000000000e+01 1.000000000000000000e+01
5.000069232622271898e+01 1.100000000000000000e+01 1.100000000000000000e+01
5.100117060458205742e+01 1.200000000000000000e+01 1.200000000000000000e+01
5.200083060501630428e+01 1.200000000000000000e+01 1.200000000000000000e+01
5.300037564071477902e+01 1.500000000000000000e+01 1.000000000000000000e+01
5.400117060458210005e+01 1.400000000000000000e+01 8.000000000000000000e+00
5.500117060458211427e+01 1.500000000000000000e+01 7.000000000000000000e+00
5.600117060458212848e+01 1.500000000000000000e+01 6.000000000000000000e+00
5.700018061280270132e+01 1.500000000000000000e+01 7.000000000000000000e+00
5.800117060458215690e+01 1.600000000000000000e+01 3.000000000000000000e+00
5.900117060458217111e+01 1.600000000000000000e+01 2.000000000000000000e+00
6.000117060458218532e+01 1.800000000000000000e+01 6.000000000000000000e+00
6.100117060458219953e+01 1.700000000000000000e+01 4.000000000000000000e+00
6.200117060458221374e+01 1.700000000000000000e+01 2.000000000000000000e+00
6.300059323095523212e+01 1.700000000000000000e+01 2.000000000000000000e+00
6.400117060458224216e+01 1.600000000000000000e+01 3.000000000000000000e+00
6.500117060458218532e+01 1.700000000000000000e+01 4.000000000000000000e+00
6.600117060458212848e+01 1.800000000000000000e+01 5.000000000000000000e+00
6.700117060458207163e+01 1.700000000000000000e+01 4.000000000000000000e+00
6.800117060458201479e+01 1.800000000000000000e+01 4.000000000000000000e+00
6.900117060458195795e+01 1.800000000000000000e+01 4.000000000000000000e+00
7.000117060458190110e+01 2.000000000000000000e+01 6.000000000000000000e+00
7.100095597808004300e+01 1.900000000000000000e+01 9.000000000000000000e+00
7.200117060458178742e+01 1.900000000000000000e+01 1.000000000000000000e+01
7.300117060458173057e+01 1.900000000000000000e+01 1.000000000000000000e+01
7.400117060458167373e+01 2.000000000000000000e+01 1.000000000000000000e+01
7.500117060458161689e+01 2.000000000000000000e+01 8.000000000000000000e+00
7.600117060458156004e+01 2.100000000000000000e+01 9.000000000000000000e+00
7.700117060458150320e+01 1.900000000000000000e+01 8.000000000000000000e+00
7.800117060458144636e+01 1.900000000000000000e+01 4.000000000000000000e+00
7.900117060458138951e+01 2.000000000000000000e+01 3.000000000000000000e+00
8.000117060458133267e+01 1.800000000000000000e+01 4.000000000000000000e+00
8.100117060458127582e+01 2.000000000000000000e+01 4.000000000000000000e+00
8.200117060458121898e+01 2.200000000000000000e+01 3.000000000000000000e+00
8.300117060458116214e+01 2.400000000000000000e+01 4.000000000000000000e+00
8.400117060458110529e+01 2.300000000000000000e+01 3.000000000000000000e+00
8.500117060458104845e+01 2.200000000000000000e+01 2.000000000000000000e+00
8.600117060458099161e+01 1.800000000000000000e+01 2.000000000000000000e+00
8.700117060458093476e+01 1.500000000000000000e+01 3.000000000000000000e+00
8.800117060458087792e+01 1.500000000000000000e+01 2.000000000000000000e+00
8.900117060458082108e+01 1.500000000000000000e+01 2.000000000000000000e+00
9.000104234444067686e+01 1.400000000000000000e+01 3.000000000000000000e+00
9.100117060458070739e+01 8.000000000000000000e+00 3.000000000000000000e+00
9.200117060458065055e+01 8.000000000000000000e+00 4.000000000000000000e+00
9.300017228714469297e+01 5.000000000000000000e+00 4.000000000000000000e+00
9.400052061507325618e+01 6.000000000000000000e+00 7.000000000000000000e+00
9.500117060458048002e+01 5.000000000000000000e+00 7.000000000000000000e+00
9.600117060458042317e+01 6.000000000000000000e+00 5.000000000000000000e+00
9.700032335882926304e+01 5.000000000000000000e+00 6.000000000000000000e+00
9.800067112745765030e+01 5.000000000000000000e+00 6.000000000000000000e+00
9.900117060458025264e+01 5.000000000000000000e+00 6.000000000000000000e+00
1.000011706045801958e+02 6.000000000000000000e+00 6.000000000000000000e+00
1.010003089736301405e+02 7.000000000000000000e+00 7.000000000000000000e+00
1.020007995667146048e+02 7.000000000000000000e+00 8.000000000000000000e+00
1.030011706045800253e+02 6.000000000000000000e+00 8.000000000000000000e+00
1.040011706045799684e+02 8.000000000000000000e+00 1.000000000000000000e+01
1.050011706045799116e+02 7.000000000000000000e+00 1.000000000000000000e+01
1.060005971047158653e+02 6.000000000000000000e+00 1.000000000000000000e+01
1.070011706045797979e+02 6.000000000000000000e+00 1.100000000000000000e+01
1.080011706045797411e+02 6.000000000000000000e+00 1.300000000000000000e+01
1.090010737275095067e+02 7.000000000000000000e+00 1.200000000000000000e+01
1.100000528705167255e+02 7.000000000000000000e+00 1.400000000000000000e+01
1.110011706045795705e+02 7.000000000000000000e+00 1.400000000000000000e+01
1.120011706045795137e+02 8.000000000000000000e+00 1.300000000000000000e+01
1.130011706045794568e+02 8.000000000000000000e+00 1.300000000000000000e+01
1.140001101770494785e+02 9.000000000000000000e+00 1.300000000000000000e+01
1.150008332546162961e+02 1.000000000000000000e+01 1.400000000000000000e+01
1.160011706045792863e+02 1.000000000000000000e+01 1.500000000000000000e+01
1.170004161219278842e+02 1.100000000000000000e+01 1.400000000000000000e+01
1.180011706045791726e+02 1.300000000000000000e+01 1.400000000000000000e+01
1.190011706045791158e+02 1.100000000000000000e+01 1.700000000000000000e+01
1.200011706045790589e+02 9.000000000000000000e+00 1.800000000000000000e+01
1.210011706045790021e+02 6.000000000000000000e+00 1.800000000000000000e+01
1.220011706045789452e+02 5.000000000000000000e+00 1.800000000000000000e+01
1.230011706045788884e+02 4.000000000000000000e+00 1.800000000000000000e+01
1.240011706045788316e+02 6.000000000000000000e+00 1.900000000000000000e+01
1.250011706045787747e+02 6.000000000000000000e+00 1.800000000000000000e+01
1.260001409793488136e+02 5.000000000000000000e+00 1.800000000000000000e+01
1.270011706045786610e+02 5.000000000000000000e+00 1.900000000000000000e+01
1.280011706045786184e+02 6.000000000000000000e+00 2.000000000000000000e+01
1.290011706045785616e+02 5.000000000000000000e+00 2.100000000000000000e+01
1.300011706045785047e+02 7.000000000000000000e+00 2.200000000000000000e+01
1.310011706045784479e+02 7.000000000000000000e+00 2.200000000000000000e+01
1.320011706045783910e+02 8.000000000000000000e+00 2.100000000000000000e+01
1.330011706045783342e+02 8.000000000000000000e+00 2.300000000000000000e+01
1.340011706045782773e+02 9.000000000000000000e+00 2.400000000000000000e+01
1.350011530388329390e+02 9.000000000000000000e+00 2.500000000000000000e+01
1.360011706045781636e+02 9.000000000000000000e+00 2.500000000000000000e+01
1.370011706045781068e+02 8.000000000000000000e+00 2.600000000000000000e+01
1.380011706045780500e+02 7.000000000000000000e+00 2.600000000000000000e+01
1.390005982054155709e+02 8.000000000000000000e+00 2.800000000000000000e+01
1.400005857162443590e+02 6.000000000000000000e+00 2.800000000000000000e+01
1.410011706045778794e+02 6.000000000000000000e+00 2.800000000000000000e+01
1.420003582259722918e+02 5.000000000000000000e+00 2.800000000000000000e+01
1.430006929769569126e+02 7.000000000000000000e+00 2.800000000000000000e+01
1.440011706045777089e+02 6.000000000000000000e+00 2.600000000000000000e+01
1.450011706045776521e+02 4.000000000000000000e+00 2.500000000000000000e+01
1.460011706045775952e+02 4.000000000000000000e+00 2.300000000000000000e+01
1.470011706045775384e+02 4.000000000000000000e+00 2.600000000000000000e+01
1.480011706045774815e+02 4.000000000000000000e+00 2.400000000000000000e+01
1.490005291254545341e+02 4.000000000000000000e+00 2.500000000000000000e+01
1.500011706045773678e+02 4.000000000000000000e+00 2.600000000000000000e+01
1.510011706045773110e+02 4.000000000000000000e+00 2.700000000000000000e+01
1.520011706045772542e+02 5.000000000000000000e+00 2.900000000000000000e+01
1.530011706045771973e+02 4.000000000000000000e+00 2.900000000000000000e+01
1.540001590284435053e+02 1.000000000000000000e+00 2.700000000000000000e+01
1.550011706045770836e+02 1.000000000000000000e+00 2.500000000000000000e+01
1.560011706045770268e+02 1.000000000000000000e+00 2.400000000000000000e+01
1.570011706045769699e+02 1.000000000000000000e+00 2.400000000000000000e+01
1.580011706045769131e+02 2.000000000000000000e+00 2.300000000000000000e+01
1.590011706045768562e+02 3.000000000000000000e+00 2.500000000000000000e+01
1.600011706045767994e+02 3.000000000000000000e+00 2.500000000000000000e+01
1.610004382580268611e+02 4.000000000000000000e+00 2.500000000000000000e+01
1.620011706045766857e+02 5.000000000000000000e+00 2.200000000000000000e+01
1.630011706045766289e+02 6.000000000000000000e+00 1.700000000000000000e+01
1.640011706045765720e+02 5.000000000000000000e+00 1.700000000000000000e+01
1.650011706045765152e+02 5.000000000000000000e+00 1.700000000000000000e+01
1.660007697407684475e+02 4.000000000000000000e+00 1.700000000000000000e+01
1.670011706045764015e+02 6.000000000000000000e+00 1.700000000000000000e+01
1.680011706045763447e+02 4.000000000000000000e+00 1.500000000000000000e+01
1.690011706045762878e+02 4.000000000000000000e+00 1.600000000000000000e+01
1.700011706045762310e+02 4.000000000000000000e+00 1.600000000000000000e+01
1.710011706045761741e+02 6.000000000000000000e+00 1.900000000000000000e+01
1.720011706045761173e+02 6.000000000000000000e+00 1.900000000000000000e+01
1.730011706045760604e+02 5.000000000000000000e+00 2.000000000000000000e+01
1.740011706045760036e+02 5.000000000000000000e+00 1.900000000000000000e+01
1.750011706045759468e+02 5.000000000000000000e+00 2.000000000000000000e+01
1.760011706045758899e+02 7.000000000000000000e+00 1.900000000000000000e+01
1.770008936803647543e+02 6.000000000000000000e+00 2.100000000000000000e+01
1.780011706045757762e+02 5.000000000000000000e+00 2.000000000000000000e+01
1.790011706045757194e+02 5.000000000000000000e+00 2.000000000000000000e+01
1.800011706045756625e+02 6.000000000000000000e+00 2.000000000000000000e+01
1.810009505373735408e+02 7.000000000000000000e+00 2.000000000000000000e+01
1.820011706045755489e+02 6.000000000000000000e+00 2.000000000000000000e+01
1.830011706045754920e+02 7.000000000000000000e+00 2.000000000000000000e+01
1.840011706045754352e+02 6.000000000000000000e+00 2.100000000000000000e+01
1.850011706045753783e+02 7.000000000000000000e+00 2.200000000000000000e+01
1.860011706045753215e+02 9.000000000000000000e+00 2.200000000000000000e+01
1.870011706045752646e+02 1.100000000000000000e+01 2.300000000000000000e+01
1.880011706045752078e+02 1.200000000000000000e+01 2.300000000000000000e+01
1.890011706045751509e+02 1.100000000000000000e+01 2.300000000000000000e+01
1.900011706045750941e+02 1.200000000000000000e+01 2.200000000000000000e+01
1.910002837177943036e+02 1.300000000000000000e+01 2.100000000000000000e+01
1.920011706045749804e+02 1.300000000000000000e+01 2.000000000000000000e+01
1.930011706045749236e+02 1.300000000000000000e+01 1.800000000000000000e+01
1.940003271362787132e+02 1.400000000000000000e+01 1.800000000000000000e+01
1.950004853008526311e+02 1.400000000000000000e+01 1.900000000000000000e+01
1.960003458144626904e+02 1.400000000000000000e+01 1.800000000000000000e+01
1.970001906257928397e+02 1.300000000000000000e+01 1.700000000000000000e+01
1.980004176829005473e+02 1.300000000000000000e+01 1.700000000000000000e+01
1.990011706045745825e+02 1.100000000000000000e+01 1.700000000000000000e+01
2.000011706045745257e+02 1.100000000000000000e+01 1.800000000000000000e+01
2.010000344933905012e+02 1.200000000000000000e+01 1.900000000000000000e+01
2.020011706045744120e+02 1.200000000000000000e+01 2.000000000000000000e+01
2.030011706045743551e+02 1.200000000000000000e+01 2.000000000000000000e+01
2.040000191585899643e+02 1.300000000000000000e+01 2.000000000000000000e+01
2.050011706045742415e+02 1.300000000000000000e+01 2.000000000000000000e+01
2.060011706045741846e+02 1.200000000000000000e+01 2.000000000000000000e+01
2.070011706045741278e+02 1.300000000000000000e+01 2.200000000000000000e+01
2.080011706045740709e+02 1.200000000000000000e+01 2.400000000000000000e+01
2.090011706045740141e+02 1.200000000000000000e+01 2.400000000000000000e+01
2.100011706045739572e+02 1.200000000000000000e+01 2.400000000000000000e+01
2.110011706045739004e+02 1.300000000000000000e+01 1.800000000000000000e+01
2.120011706045738435e+02 1.300000000000000000e+01 1.600000000000000000e+01
2.130011706045737867e+02 1.400000000000000000e+01 1.200000000000000000e+01
2.140011706045737299e+02 1.300000000000000000e+01 1.100000000000000000e+01
2.150011706045736730e+02 1.400000000000000000e+01 1.300000000000000000e+01
2.160011706045736162e+02 1.500000000000000000e+01 1.600000000000000000e+01
2.170011706045735593e+02 1.400000000000000000e+01 1.700000000000000000e+01
2.180011706045735025e+02 1.300000000000000000e+01 1.600000000000000000e+01
2.190011706045734456e+02 1.400000000000000000e+01 1.600000000000000000e+01
2.200011706045733888e+02 1.300000000000000000e+01 1.400000000000000000e+01
2.210011706045733320e+02 1.400000000000000000e+01 1.500000000000000000e+01
2.220011626376642084e+02 1.400000000000000000e+01 1.300000000000000000e+01
2.230011706045732183e+02 1.300000000000000000e+01 1.200000000000000000e+01
2.240011706045731614e+02 1.400000000000000000e+01 1.200000000000000000e+01
2.250011706045731046e+02 1.400000000000000000e+01 9.000000000000000000e+00
2.260011706045730477e+02 1.400000000000000000e+01 8.000000000000000000e+00
2.270011706045729909e+02 1.400000000000000000e+01 6.000000000000000000e+00
2.280011706045729341e+02 1.400000000000000000e+01 7.000000000000000000e+00
2.290004531091683759e+02 1.600000000000000000e+01 5.000000000000000000e+00
2.300011706045728204e+02 1.600000000000000000e+01 3.000000000000000000e+00
2.310011706045727635e+02 1.400000000000000000e+01 2.000000000000000000e+00
2.320001276061812234e+02 1.300000000000000000e+01 1.000000000000000000e+00
2.330011706045726498e+02 1.400000000000000000e+01 0.000000000000000000e+00
2.340009912586509984e+02 1.400000000000000000e+01 1.000000000000000000e+00
2.350011706045725361e+02 1.300000000000000000e+01 1.000000000000000000e+00
2.360011706045724793e+02 1.400000000000000000e+01 1.000000000000000000e+00
2.370004686118072357e+02 1.600000000000000000e+01 2.000000000000000000e+00
2.380011706045723656e+02 1.600000000000000000e+01 1.000000000000000000e+00
2.390011706045723088e+02 1.600000000000000000e+01 1.000000000000000000e+00
2.400011706045722519e+02 1.600000000000000000e+01 2.000000000000000000e+00
2.410011706045721951e+02 1.800000000000000000e+01 4.000000000000000000e+00
2.420011706045721382e+02 1.800000000000000000e+01 4.000000000000000000e+00
2.430004988722568555e+02 1.900000000000000000e+01 5.000000000000000000e+00
2.440011706045720246e+02 1.900000000000000000e+01 5.000000000000000000e+00
2.450000430511600484e+02 1.900000000000000000e+01 5.000000000000000000e+00
2.460006913864340561e+02 1.900000000000000000e+01 5.000000000000000000e+00
2.470011706045718540e+02 1.900000000000000000e+01 6.000000000000000000e+00
2.480011706045717972e+02 1.800000000000000000e+01 5.000000000000000000e+00
2.490002338104273178e+02 1.600000000000000000e+01 5.000000000000000000e+00
2.500011706045716835e+02 1.600000000000000000e+01 5.000000000000000000e+00
2.510009981922836744e+02 1.400000000000000000e+01 6.000000000000000000e+00
2.520011706045715698e+02 1.300000000000000000e+01 6.000000000000000000e+00
2.530011706045715130e+02 1.300000000000000000e+01 6.000000000000000000e+00
2.540011706045714561e+02 1.300000000000000000e+01 5.000000000000000000e+00
2.550005777338958239e+02 1.400000000000000000e+01 7.000000000000000000e+00
2.560011706045713709e+02 1.500000000000000000e+01 7.000000000000000000e+00
2.570011706045715982e+02 1.500000000000000000e+01 8.000000000000000000e+00
2.580011134668247337e+02 1.500000000000000000e+01 8.000000000000000000e+00
2.590011706045720530e+02 1.300000000000000000e+01 8.000000000000000000e+00
2.600011706045722804e+02 8.000000000000000000e+00 9.000000000000000000e+00
2.610011706045725077e+02 6.000000000000000000e+00 7.000000000000000000e+00
2.620011706045727351e+02 6.000000000000000000e+00 7.000000000000000000e+00
2.630005500672181711e+02 6.000000000000000000e+00 8.000000000000000000e+00
2.640011336719655333e+02 4.000000000000000000e+00 9.000000000000000000e+00
2.650011706045734172e+02 4.000000000000000000e+00 9.000000000000000000e+00
2.660011706045736446e+02 3.000000000000000000e+00 9.000000000000000000e+00
2.670011706045738720e+02 4.000000000000000000e+00 1.100000000000000000e+01
2.680011706045740993e+02 4.000000000000000000e+00 1.000000000000000000e+01
2.690008720047753741e+02 4.000000000000000000e+00 1.100000000000000000e+01
2.700011706045745541e+02 4.000000000000000000e+00 1.300000000000000000e+01
2.710011706045747815e+02 5.000000000000000000e+00 1.100000000000000000e+01
2.720011287191199472e+02 7.000000000000000000e+00 1.100000000000000000e+01
2.730006413388631472e+02 9.000000000000000000e+00 1.100000000000000000e+01
2.740011706045754636e+02 9.000000000000000000e+00 1.100000000000000000e+01
2.750011706045756910e+02 9.000000000000000000e+00 1.100000000000000000e+01
2.760011706045759183e+02 9.000000000000000000e+00 1.100000000000000000e+01
2.770011706045761457e+02 1.000000000000000000e+01 1.200000000000000000e+01
2.780011706045763731e+02 1.000000000000000000e+01 1.200000000000000000e+01
2.790011706045766005e+02 1.000000000000000000e+01 1.300000000000000000e+01
2.800011706045768278e+02 1.100000000000000000e+01 1.300000000000000000e+01
2.810011706045770552e+02 1.100000000000000000e+01 7.000000000000000000e+00
2.820011706045772826e+02 1.100000000000000000e+01 8.000000000000000000e+00
2.830011706045775099e+02 9.000000000000000000e+00 9.000000000000000000e+00
2.840011706045777373e+02 9.000000000000000000e+00 8.000000000000000000e+00
2.850011706045779647e+02 1.000000000000000000e+01 8.000000000000000000e+00
2.860011706045781921e+02 1.100000000000000000e+01 8.000000000000000000e+00
2.870011706045784194e+02 1.100000000000000000e+01 8.000000000000000000e+00
2.880011706045786468e+02 1.000000000000000000e+01 8.000000000000000000e+00
2.890011706045788742e+02 1.100000000000000000e+01 8.000000000000000000e+00
2.900011706045791016e+02 1.100000000000000000e+01 8.000000000000000000e+00
2.910011706045793289e+02 1.300000000000000000e+01 8.000000000000000000e+00
2.920011706045795563e+02 1.500000000000000000e+01 9.000000000000000000e+00
2.930011706045797837e+02 1.300000000000000000e+01 9.000000000000000000e+00
2.940011706045800111e+02 1.400000000000000000e+01 9.000000000000000000e+00
2.950011706045802384e+02 1.400000000000000000e+01 9.000000000000000000e+00
2.960011706045804658e+02 1.400000000000000000e+01 6.000000000000000000e+00
2.970011706045806932e+02 1.300000000000000000e+01 4.000000000000000000e+00
2.980006621703505516e+02 1.300000000000000000e+01 4.000000000000000000e+00
2.990011706045811479e+02 1.500000000000000000e+01 5.000000000000000000e+00
3.000011706045813753e+02 1.400000000000000000e+01 5.000000000000000000e+00
