0.000000000000000000e+00 0.000000000000000000e+00 0.000000000000000000e+00
1.001126170386851255e+00 1.000000000000000000e+00 1.000000000000000000e+00
2.001126170386851921e+00 1.000000000000000000e+00 1.000000000000000000e+00
3.001126170386852809e+00 3.000000000000000000e+00 3.000000000000000000e+00
4.001126170386853254e+00 6.000000000000000000e+00 6.000000000000000000e+00
5.001126170386849701e+00 5.000000000000000000e+00 5.000000000000000000e+00
6.001126170386846148e+00 5.000000000000000000e+00 5.000000000000000000e+00
7.001126170386842595e+00 6.000000000000000000e+00 6.000000000000000000e+00
8.001126170386839931e+00 7.000000000000000000e+00 7.000000000000000000e+00
9.001126170386836378e+00 7.000000000000000000e+00 7.000000000000000000e+00
1.000112617038683283e+01 8.000000000000000000e+00 8.000000000000000000e+00
1.100112617038682927e+01 1.000000000000000000e+01 1.000000000000000000e+01
1.200112617038682572e+01 1.100000000000000000e+01 1.100000000000000000e+01
1.300112617038682217e+01 1.000000000000000000e+01 1.000000000000000000e+01
1.400069385637578101e+01 1.000000000000000000e+01 1.000000000000000000e+01
1.500102694134723436e+01 1.200000000000000000e+01 1.200000000000000000e+01
1.600112617038681151e+01 1.100000000000000000e+01 1.100000000000000000e+01
1.700112617038682572e+01 1.100000000000000000e+01 1.100000000000000000e+01
1.800112617038683993e+01 1.100000000000000000e+01 1.100000000000000000e+01
1.900068888480230100e+01 1.300000000000000000e+01 1.300000000000000000e+01
2.000042010248903068e+01 1.300000000000000000e+01 1.300000000000000000e+01
2.100112617038688256e+01 1.200000000000000000e+01 1.200000000000000000e+01
2.200112617038689677e+01 1.200000000000000000e+01 1.200000000000000000e+01
2.300112617038691099e+01 1.300000000000000000e+01 1.300000000000000000e+01
2.400112617038692520e+01 1.300000000000000000e+01 1.300000000000000000e+01
2.500027200662506743e+01 1.200000000000000000e+01 1.100000000000000000e+01
2.600112617038695362e+01 9.000000000000000000e+00 8.000000000000000000e+00
2.700112617038696783e+01 6.000000000000000000e+00 6.000000000000000000e+00
2.800032833484674200e+01 5.000000000000000000e+00 5.000000000000000000e+00
2.900112617038699625e+01 5.000000000000000000e+00 7.000000000000000000e+00
3.000112617038701046e+01 3.000000000000000000e+00 3.000000000000000000e+00
3.100112617038702467e+01 4.000000000000000000e+00 4.000000000000000000e+00
3.200077046725512275e+01 2.000000000000000000e+00 2.000000000000000000e+00
3.300112617038705309e+01 2.000000000000000000e+00 3.000000000000000000e+00
3.400104003082333293e+01 3.000000000000000000e+00 2.000000000000000000e+00
3.500096791133668006e+01 3.000000000000000000e+00 2.000000000000000000e+00
3.600112617038709573e+01 3.000000000000000000e+00 2.000000000000000000e+00
3.700031109983144262e+01 3.000000000000000000e+00 2.000000000000000000e+00
3.800112617038712415e+01 4.000000000000000000e+00 2.000000000000000000e+00
3.900112617038713836e+01 5.000000000000000000e+00 5.000000000000000000e+00
4.000112617038715257e+01 6.000000000000000000e+00 5.000000000000000000e+00
4.100112617038716678e+01 7.000000000000000000e+00 6.000000000000000000e+00
4.200112617038718099e+01 7.000000000000000000e+00 6.000000000000000000e+00
4.300112617038719520e+01 7.000000000000000000e+00 7.000000000000000000e+00
4.400112617038720941e+01 7.000000000000000000e+00 7.000000000000000000e+00
4.500112617038722362e+01 7.000000000000000000e+00 6.000000000000000000e+00
4.600043494145023715e+01 9.000000000000000000e+00 6.000000000000000000e+00
4.700112617038725205e+01 7.000000000000000000e+00 5.000000000000000000e+00
4.800112617038726626e+01 9.000000000000000000e+00 5.000000000000000000e+00
4.900112617038728047e+01 1.000000000000000000e+01 7.000000000000000000e+00
5.000112617038729468e+01 1.000000000000000000e+01 7.000000000000000000e+00
5.100112617038730889e+01 1.000000000000000000e+01 7.000000000000000000e+00
5.200112617038732310e+01 1.000000000000000000e+01 7.000000000000000000e+00
5.300112617038733731e+01 1.100000000000000000e+01 7.000000000000000000e+00
5.400112617038735152e+01 1.100000000000000000e+01 7.000000000000000000e+00
5.500112617038736573e+01 1.200000000000000000e+01 8.000000000000000000e+00
5.600112617038737994e+01 1.500000000000000000e+01 1.100000000000000000e+01
5.700112617038739415e+01 1.600000000000000000e+01 1.100000000000000000e+01
5.800112617038740837e+01 1.800000000000000000e+01 1.000000000000000000e+01
5.900035171424770652e+01 1.600000000000000000e+01 7.000000000000000000e+00
6.000112617038743679e+01 1.600000000000000000e+01 6.000000000000000000e+00
6.100112617038745100e+01 1.600000000000000000e+01 5.000000000000000000e+00
6.200112617038746521e+01 1.300000000000000000e+01 3.000000000000000000e+00
6.300112617038747942e+01 1.300000000000000000e+01 4.000000000000000000e+00
6.400005692829898862e+01 1.500000000000000000e+01 3.000000000000000000e+00
6.500107783857130528e+01 1.500000000000000000e+01 4.000000000000000000e+00
6.600112617038737994e+01 1.600000000000000000e+01 4.000000000000000000e+00
6.700112617038732310e+01 1.600000000000000000e+01 5.000000000000000000e+00
6.800112617038726626e+01 1.400000000000000000e+01 3.000000000000000000e+00
6.900112617038720941e+01 1.100000000000000000e+01 3.000000000000000000e+00
7.000112617038715257e+01 1.200000000000000000e+01 3.000000000000000000e+00
7.100092998071069417e+01 1.000000000000000000e+01 4.000000000000000000e+00
7.200112617038703888e+01 1.100000000000000000e+01 4.000000000000000000e+00
7.300112617038698204e+01 1.200000000000000000e+01 4.000000000000000000e+00
7.400112617038692520e+01 1.100000000000000000e+01 2.000000000000000000e+00
7.500112617038686835e+01 1.400000000000000000e+01 1.000000000000000000e+00
7.600112617038681151e+01 1.300000000000000000e+01 2.000000000000000000e+00
7.700112617038675467e+01 1.400000000000000000e+01 3.000000000000000000e+00
7.800112617038669782e+01 1.400000000000000000e+01 2.000000000000000000e+00
7.900112617038664098e+01 1.400000000000000000e+01 2.000000000000000000e+00
8.000112617038658414e+01 1.400000000000000000e+01 2.000000000000000000e+00
8.100112617038652729e+01 1.600000000000000000e+01 2.000000000000000000e+00
8.200112617038647045e+01 1.400000000000000000e+01 2.000000000000000000e+00
8.300099755558375136e+01 5.000000000000000000e+00 2.000000000000000000e+00
8.400112617038635676e+01 2.000000000000000000e+00 2.000000000000000000e+00
8.500112617038629992e+01 3.000000000000000000e+00 4.000000000000000000e+00
8.600025275199433850e+01 3.000000000000000000e+00 5.000000000000000000e+00
8.700112617038618623e+01 4.000000000000000000e+00 5.000000000000000000e+00
8.800112617038612939e+01 5.000000000000000000e+00 7.000000000000000000e+00
8.900112617038607254e+01 6.000000000000000000e+00 9.000000000000000000e+00
9.000112617038601570e+01 6.000000000000000000e+00 7.000000000000000000e+00
9.100112617038595886e+01 6.000000000000000000e+00 9.000000000000000000e+00
9.200112617038590201e+01 4.000000000000000000e+00 9.000000000000000000e+00
9.300039288718619446e+01 4.000000000000000000e+00 1.000000000000000000e+01
9.400021665979274132e+01 8.000000000000000000e+00 1.100000000000000000e+01
9.500081273366782852e+01 1.000000000000000000e+01 1.300000000000000000e+01
9.600112617038567464e+01 1.200000000000000000e+01 1.300000000000000000e+01
9.700011734123798135e+01 1.000000000000000000e+01 1.400000000000000000e+01
9.800112617038556095e+01 1.200000000000000000e+01 1.400000000000000000e+01
9.900112617038550411e+01 1.400000000000000000e+01 1.300000000000000000e+01
1.000011261703854473e+02 1.200000000000000000e+01 1.100000000000000000e+01
1.010000371691397305e+02 1.100000000000000000e+01 1.100000000000000000e+01
1.020011261703853336e+02 1.000000000000000000e+01 1.200000000000000000e+01
1.030011261703852767e+02 1.000000000000000000e+01 1.200000000000000000e+01
1.040011261703852199e+02 9.000000000000000000e+00 1.100000000000000000e+01
1.050011261703851631e+02 6.000000000000000000e+00 1.100000000000000000e+01
1.060011261703851062e+02 6.000000000000000000e+00 1.000000000000000000e+01
1.070011261703850494e+02 7.000000000000000000e+00 1.000000000000000000e+01
1.080011261703849925e+02 7.000000000000000000e+00 1.000000000000000000e+01
1.090011261703849357e+02 5.000000000000000000e+00 1.100000000000000000e+01
1.100005453272604541e+02 6.000000000000000000e+00 1.300000000000000000e+01
1.110011261703848220e+02 6.000000000000000000e+00 1.100000000000000000e+01
1.120000905132595932e+02 6.000000000000000000e+00 1.100000000000000000e+01
1.130011261703847083e+02 7.000000000000000000e+00 1.300000000000000000e+01
1.140011261703846515e+02 5.000000000000000000e+00 1.200000000000000000e+01
1.150011261703845946e+02 6.000000000000000000e+00 1.000000000000000000e+01
1.160011261703845378e+02 6.000000000000000000e+00 1.000000000000000000e+01
1.170011261703844809e+02 7.000000000000000000e+00 8.000000000000000000e+00
1.180000320851735864e+02 7.000000000000000000e+00 5.000000000000000000e+00
1.190011261703843672e+02 9.000000000000000000e+00 6.000000000000000000e+00
1.200011261703843104e+02 8.000000000000000000e+00 5.000000000000000000e+00
1.210011261703842536e+02 8.000000000000000000e+00 7.000000000000000000e+00
1.220011261703841967e+02 9.000000000000000000e+00 8.000000000000000000e+00
1.230011261703841399e+02 1.000000000000000000e+01 7.000000000000000000e+00
1.240011261703840830e+02 8.000000000000000000e+00 6.000000000000000000e+00
1.250011261703840262e+02 9.000000000000000000e+00 7.000000000000000000e+00
1.260011261703839693e+02 1.000000000000000000e+01 8.000000000000000000e+00
1.270011261703839125e+02 1.100000000000000000e+01 7.000000000000000000e+00
1.280008089067444530e+02 1.000000000000000000e+01 6.000000000000000000e+00
1.290011261703837988e+02 8.000000000000000000e+00 6.000000000000000000e+00
1.300011261703837420e+02 8.000000000000000000e+00 7.000000000000000000e+00
1.310003809580051950e+02 8.000000000000000000e+00 8.000000000000000000e+00
1.320011261703836283e+02 9.000000000000000000e+00 9.000000000000000000e+00
1.330011261703835714e+02 1.000000000000000000e+01 9.000000000000000000e+00
1.340011261703835146e+02 1.000000000000000000e+01 1.000000000000000000e+01
1.350011261703834577e+02 1.100000000000000000e+01 1.000000000000000000e+01
1.360000197705775236e+02 1.200000000000000000e+01 8.000000000000000000e+00
1.370002542144272297e+02 1.000000000000000000e+01 7.000000000000000000e+00
1.380010619237219771e+02 1.100000000000000000e+01 4.000000000000000000e+00
1.390011261703832304e+02 1.000000000000000000e+01 3.000000000000000000e+00
1.400011261703831735e+02 8.000000000000000000e+00 3.000000000000000000e+00
1.410006837085414304e+02 9.000000000000000000e+00 3.000000000000000000e+00
1.420011261703830598e+02 7.000000000000000000e+00 1.000000000000000000e+00
1.430011261703830030e+02 8.000000000000000000e+00 1.000000000000000000e+00
1.440011261703829462e+02 8.000000000000000000e+00 2.000000000000000000e+00
1.450011261703828893e+02 8.000000000000000000e+00 3.000000000000000000e+00
1.460011261703828325e+02 8.000000000000000000e+00 3.000000000000000000e+00
1.470011261703827756e+02 9.000000000000000000e+00 2.000000000000000000e+00
1.480011261703827188e+02 1.000000000000000000e+01 2.000000000000000000e+00
1.490011261703826619e+02 1.100000000000000000e+01 2.000000000000000000e+00
1.500011261703826051e+02 1.300000000000000000e+01 3.000000000000000000e+00
1.510011261703825483e+02 1.500000000000000000e+01 2.000000000000000000e+00
1.520010574044541158e+02 1.700000000000000000e+01 2.000000000000000000e+00
1.530011261703824346e+02 1.800000000000000000e+01 2.000000000000000000e+00
1.540011261703823777e+02 1.700000000000000000e+01 3.000000000000000000e+00
1.550010169023153992e+02 1.900000000000000000e+01 4.000000000000000000e+00
1.560011261703822640e+02 1.900000000000000000e+01 4.000000000000000000e+00
1.570011261703822072e+02 1.900000000000000000e+01 6.000000000000000000e+00
1.580002749135346107e+02 1.700000000000000000e+01 6.000000000000000000e+00
1.590011261703820935e+02 1.700000000000000000e+01 6.000000000000000000e+00
1.600011261703820367e+02 1.800000000000000000e+01 5.000000000000000000e+00
1.610011261703819798e+02 1.800000000000000000e+01 4.000000000000000000e+00
1.620011261703819230e+02 1.600000000000000000e+01 4.000000000000000000e+00
1.630011261703818661e+02 1.700000000000000000e+01 5.000000000000000000e+00
1.640011261703818093e+02 1.700000000000000000e+01 5.000000000000000000e+00
1.650011261703817524e+02 1.700000000000000000e+01 5.000000000000000000e+00
1.660011261703816956e+02 1.600000000000000000e+01 5.000000000000000000e+00
1.670011261703816388e+02 1.500000000000000000e+01 6.000000000000000000e+00
1.680011261703815819e+02 1.400000000000000000e+01 7.000000000000000000e+00
1.690011261703815251e+02 1.500000000000000000e+01 7.000000000000000000e+00
1.700011261703814682e+02 1.500000000000000000e+01 8.000000000000000000e+00
1.710011261703814114e+02 1.500000000000000000e+01 9.000000000000000000e+00
1.720011261703813545e+02 1.500000000000000000e+01 1.000000000000000000e+01
1.730011261703812977e+02 1.300000000000000000e+01 1.100000000000000000e+01
1.740011261703812409e+02 1.300000000000000000e+01 1.300000000000000000e+01
1.750011261703811840e+02 1.600000000000000000e+01 1.100000000000000000e+01
1.760011261703811272e+02 1.600000000000000000e+01 1.000000000000000000e+01
1.770011261703810703e+02 1.600000000000000000e+01 1.100000000000000000e+01
1.780011261703810135e+02 1.600000000000000000e+01 1.100000000000000000e+01
1.790011261703809566e+02 1.700000000000000000e+01 1.100000000000000000e+01
1.800011261703808998e+02 1.800000000000000000e+01 1.100000000000000000e+01
1.810011261703808430e+02 2.000000000000000000e+01 1.100000000000000000e+01
1.820010018380866654e+02 2.100000000000000000e+01 1.200000000000000000e+01
1.830011261703807293e+02 1.800000000000000000e+01 1.400000000000000000e+01
1.840011261703806724e+02 1.800000000000000000e+01 1.500000000000000000e+01
1.850011261703806156e+02 1.900000000000000000e+01 1.600000000000000000e+01
1.860004378856100686e+02 1.900000000000000000e+01 1.700000000000000000e+01
1.870010428033081666e+02 1.900000000000000000e+01 2.000000000000000000e+01
1.880011261703804450e+02 1.800000000000000000e+01 1.600000000000000000e+01
1.890011261703803882e+02 1.700000000000000000e+01 1.500000000000000000e+01
1.900011261703803314e+02 1.700000000000000000e+01 1.600000000000000000e+01
1.910011261703802745e+02 1.800000000000000000e+01 1.600000000000000000e+01
1.920011261703802177e+02 2.100000000000000000e+01 1.500000000000000000e+01
1.930011261703801608e+02 2.200000000000000000e+01 1.800000000000000000e+01
1.940011261703801040e+02 2.200000000000000000e+01 1.600000000000000000e+01
1.950011261703800471e+02 2.200000000000000000e+01 1.200000000000000000e+01
1.960011261703799903e+02 2.500000000000000000e+01 1.200000000000000000e+01
1.970010948366549712e+02 2.500000000000000000e+01 9.000000000000000000e+00
1.980005555410386933e+02 2.600000000000000000e+01 1.000000000000000000e+01
1.990011261703798198e+02 2.500000000000000000e+01 8.000000000000000000e+00
2.000004480786928127e+02 2.500000000000000000e+01 8.000000000000000000e+00
2.010011261703797061e+02 2.500000000000000000e+01 8.000000000000000000e+00
2.020011261703796492e+02 2.700000000000000000e+01 9.000000000000000000e+00
2.030011261703795924e+02 2.800000000000000000e+01 9.000000000000000000e+00
2.040003747225059669e+02 2.800000000000000000e+01 9.000000000000000000e+00
2.050011261703794787e+02 2.800000000000000000e+01 1.100000000000000000e+01
2.060008473568130398e+02 2.600000000000000000e+01 1.100000000000000000e+01
2.070011261703793650e+02 2.400000000000000000e+01 1.000000000000000000e+01
2.080009400776839641e+02 2.400000000000000000e+01 1.100000000000000000e+01
2.090011261703792513e+02 2.300000000000000000e+01 1.100000000000000000e+01
2.100011261703791945e+02 1.700000000000000000e+01 1.100000000000000000e+01
2.110011261703791376e+02 1.400000000000000000e+01 1.000000000000000000e+01
2.120011261703790808e+02 1.100000000000000000e+01 1.000000000000000000e+01
2.130005177072481501e+02 9.000000000000000000e+00 1.000000000000000000e+01
2.140011261703789671e+02 1.000000000000000000e+01 1.000000000000000000e+01
2.150011261703789103e+02 8.000000000000000000e+00 1.100000000000000000e+01
2.160011261703788534e+02 8.000000000000000000e+00 1.100000000000000000e+01
2.170011261703787966e+02 1.000000000000000000e+01 1.300000000000000000e+01
2.180011261703787397e+02 9.000000000000000000e+00 1.400000000000000000e+01
2.190011261703786829e+02 5.000000000000000000e+00 1.500000000000000000e+01
2.200011261703786261e+02 4.000000000000000000e+00 1.400000000000000000e+01
2.210011261703785692e+02 4.000000000000000000e+00 1.400000000000000000e+01
2.220011261703785124e+02 4.000000000000000000e+00 1.200000000000000000e+01
2.230005309404298259e+02 4.000000000000000000e+00 1.200000000000000000e+01
2.240011261703783987e+02 3.000000000000000000e+00 8.000000000000000000e+00
2.250007139306518980e+02 5.000000000000000000e+00 4.000000000000000000e+00
2.260011261703782850e+02 4.000000000000000000e+00 3.000000000000000000e+00
2.270005164218036100e+02 4.000000000000000000e+00 3.000000000000000000e+00
2.280011261703781713e+02 3.000000000000000000e+00 3.000000000000000000e+00
2.290011261703781145e+02 3.000000000000000000e+00 3.000000000000000000e+00
2.300011261703780576e+02 4.000000000000000000e+00 3.000000000000000000e+00
2.310011261703780008e+02 4.000000000000000000e+00 4.000000000000000000e+00
2.320011261703779439e+02 4.000000000000000000e+00 5.000000000000000000e+00
2.330011261703778871e+02 4.000000000000000000e+00 4.000000000000000000e+00
2.340011261703778302e+02 5.000000000000000000e+00 4.000000000000000000e+00
2.350011261703777734e+02 5.000000000000000000e+00 5.000000000000000000e+00
2.360011261703777166e+02 6.000000000000000000e+00 5.000000000000000000e+00
2.370003842008566153e+02 6.000000000000000000e+00 5.000000000000000000e+00
2.380011261703776029e+02 7.000000000000000000e+00 6.000000000000000000e+00
2.390011261703775460e+02 6.000000000000000000e+00 7.000000000000000000e+00
2.400011261703774892e+02 5.000000000000000000e+00 7.000000000000000000e+00
2.410011261703774323e+02 6.000000000000000000e+00 7.000000000000000000e+00
2.420011261703773755e+02 6.000000000000000000e+00 8.000000000000000000e+00
2.430010885887326708e+02 6.000000000000000000e+00 7.000000000000000000e+00
2.440011261703772618e+02 5.000000000000000000e+00 9.000000000000000000e+00
2.450011261703772050e+02 6.000000000000000000e+00 9.000000000000000000e+00
2.460010201837428667e+02 5.000000000000000000e+00 1.000000000000000000e+01
2.470011261703770913e+02 5.000000000000000000e+00 9.000000000000000000e+00
2.480011261703770344e+02 5.000000000000000000e+00 8.000000000000000000e+00
2.490011261703769776e+02 6.000000000000000000e+00 8.000000000000000000e+00
2.500011261703769208e+02 7.000000000000000000e+00 8.000000000000000000e+00
2.510011261703768639e+02 9.000000000000000000e+00 8.000000000000000000e+00
2.520011261703768071e+02 8.000000000000000000e+00 7.000000000000000000e+00
2.530011261703767502e+02 8.000000000000000000e+00 1.000000000000000000e+01
2.540011261703766934e+02 7.000000000000000000e+00 1.000000000000000000e+01
2.550011261703766365e+02 8.000000000000000000e+00 1.100000000000000000e+01
2.560011261703766081e+02 8.000000000000000000e+00 1.300000000000000000e+01
2.570011261703768355e+02 8.000000000000000000e+00 1.100000000000000000e+01
2.580011261703770629e+02 8.000000000000000000e+00 8.000000000000000000e+00
2.590011261703772902e+02 8.000000000000000000e+00 1.000000000000000000e+01
2.600007165257322868e+02 8.000000000000000000e+00 9.000000000000000000e+00
2.610011261703777450e+02 7.000000000000000000e+00 1.000000000000000000e+01
2.620011261703779724e+02 1.000000000000000000e+01 1.200000000000000000e+01
2.630011261703781997e+02 1.100000000000000000e+01 1.200000000000000000e+01
2.640011261703784271e+02 1.200000000000000000e+01 1.200000000000000000e+01
2.650011261703786545e+02 1.100000000000000000e+01 1.200000000000000000e+01
2.660000815658486886e+02 1.100000000000000000e+01 1.200000000000000000e+01
2.670011261703791092e+02 1.300000000000000000e+01 1.100000000000000000e+01
2.680009357858293129e+02 1.300000000000000000e+01 1.100000000000000000e+01
2.690011261703795640e+02 1.300000000000000000e+01 1.000000000000000000e+01
2.700011261703797913e+02 1.400000000000000000e+01 9.000000000000000000e+00
2.710011261703800187e+02 1.400000000000000000e+01 9.000000000000000000e+00
2.720011261703802461e+02 1.500000000000000000e+01 1.100000000000000000e+01
2.730011261703804735e+02 1.400000000000000000e+01 1.100000000000000000e+01
2.740011261703807008e+02 1.200000000000000000e+01 1.100000000000000000e+01
2.750011261703809282e+02 1.200000000000000000e+01 1.100000000000000000e+01
2.760011261703811556e+02 1.500000000000000000e+01 1.100000000000000000e+01
2.770011261703813830e+02 1.300000000000000000e+01 1.300000000000000000e+01
2.780011261703816103e+02 1.400000000000000000e+01 1.400000000000000000e+01
2.790011261703818377e+02 1.400000000000000000e+01 1.500000000000000000e+01
2.800011261703820651e+02 1.400000000000000000e+01 1.500000000000000000e+01
2.810002927236986920e+02 1.500000000000000000e+01 1.500000000000000000e+01
2.820011261703825198e+02 1.600000000000000000e+01 1.500000000000000000e+01
2.830011261703827472e+02 1.600000000000000000e+01 1.400000000000000000e+01
2.840011261703829746e+02 1.700000000000000000e+01 1.500000000000000000e+01
2.850005926435576384e+02 1.700000000000000000e+01 1.700000000000000000e+01
2.860005194961103143e+02 1.700000000000000000e+01 1.700000000000000000e+01
2.870007607806689975e+02 2.000000000000000000e+01 1.800000000000000000e+01
2.880011261703838841e+02 2.000000000000000000e+01 1.700000000000000000e+01
2.890011261703841114e+02 2.100000000000000000e+01 1.500000000000000000e+01
2.900011261703843388e+02 2.200000000000000000e+01 1.200000000000000000e+01
2.910011261703845662e+02 2.200000000000000000e+01 1.100000000000000000e+01
2.920011261703847936e+02 2.400000000000000000e+01 1.100000000000000000e+01
2.930011261703850209e+02 2.400000000000000000e+01 1.300000000000000000e+01
2.940011261703852483e+02 2.500000000000000000e+01 1.200000000000000000e+01
2.950006091775154573e+02 2.400000000000000000e+01 1.100000000000000000e+01
2.960011261703857031e+02 2.500000000000000000e+01 1.200000000000000000e+01
2.970011261703859304e+02 2.200000000000000000e+01 1.300000000000000000e+01
2.980011261703861578e+02 1.800000000000000000e+01 1.300000000000000000e+01
2.990011261703863852e+02 1.500000000000000000e+01 1.400000000000000000e+01
3.000011261703866126e+02 1.300000000000000000e+01 1.500000000000000000e+01
