0.000000000000000000e+00 0.000000000000000000e+00 0.000000000000000000e+00
1.001077982956274370e+00 0.000000000000000000e+00 0.000000000000000000e+00
2.001077982956275036e+00 2.000000000000000000e+00 2.000000000000000000e+00
3.000287155246355475e+00 2.000000000000000000e+00 2.000000000000000000e+00
4.001077982956276813e+00 3.000000000000000000e+00 3.000000000000000000e+00
5.001077982956273260e+00 5.000000000000000000e+00 5.000000000000000000e+00
6.001077982956269707e+00 4.000000000000000000e+00 4.000000000000000000e+00
7.001077982956266155e+00 6.000000000000000000e+00 6.000000000000000000e+00
8.001077982956262602e+00 8.000000000000000000e+00 8.000000000000000000e+00
9.001077982956259049e+00 9.000000000000000000e+00 9.000000000000000000e+00
1.000107798295625550e+01 9.000000000000000000e+00 9.000000000000000000e+00
1.100107798295625194e+01 7.000000000000000000e+00 7.000000000000000000e+00
1.200107798295624839e+01 7.000000000000000000e+00 7.000000000000000000e+00
1.300107798295624484e+01 6.000000000000000000e+00 6.000000000000000000e+00
1.400107798295624129e+01 4.000000000000000000e+00 4.000000000000000000e+00
1.500107798295623773e+01 5.000000000000000000e+00 5.000000000000000000e+00
1.600107798295623596e+01 5.000000000000000000e+00 5.000000000000000000e+00
1.700107798295625017e+01 3.000000000000000000e+00 4.000000000000000000e+00
1.800015930313985635e+01 2.000000000000000000e+00 2.000000000000000000e+00
1.900107798295627859e+01 0.000000000000000000e+00 1.000000000000000000e+00
2.000107798295629280e+01 2.000000000000000000e+00 3.000000000000000000e+00
2.100107798295630701e+01 2.000000000000000000e+00 3.000000000000000000e+00
2.200107798295632122e+01 3.000000000000000000e+00 4.000000000000000000e+00
2.300107798295633543e+01 3.000000000000000000e+00 5.000000000000000000e+00
2.400107798295634964e+01 3.000000000000000000e+00 6.000000000000000000e+00
2.500061792946140571e+01 1.000000000000000000e+00 5.000000000000000000e+00
2.600107798295637807e+01 3.000000000000000000e+00 4.000000000000000000e+00
2.700040516639111488e+01 3.000000000000000000e+00 4.000000000000000000e+00
2.800107798295640649e+01 7.000000000000000000e+00 6.000000000000000000e+00
2.900107798295642070e+01 7.000000000000000000e+00 6.000000000000000000e+00
3.000107798295643491e+01 7.000000000000000000e+00 4.000000000000000000e+00
3.100107798295644912e+01 8.000000000000000000e+00 6.000000000000000000e+00
3.200107798295645978e+01 9.000000000000000000e+00 7.000000000000000000e+00
3.300015442807958976e+01 6.000000000000000000e+00 6.000000000000000000e+00
3.400107798295648820e+01 4.000000000000000000e+00 5.000000000000000000e+00
3.500047932520892147e+01 4.000000000000000000e+00 5.000000000000000000e+00
3.600070298127374713e+01 4.000000000000000000e+00 5.000000000000000000e+00
3.700107798295653083e+01 4.000000000000000000e+00 5.000000000000000000e+00
3.800107798295654504e+01 6.000000000000000000e+00 7.000000000000000000e+00
3.900072419653943712e+01 6.000000000000000000e+00 7.000000000000000000e+00
4.000107798295657346e+01 6.000000000000000000e+00 7.000000000000000000e+00
4.100107798295658768e+01 8.000000000000000000e+00 9.000000000000000000e+00
4.200107798295660189e+01 8.000000000000000000e+00 9.000000000000000000e+00
4.300107798295661610e+01 8.000000000000000000e+00 9.000000000000000000e+00
4.400100072538938889e+01 7.000000000000000000e+00 7.000000000000000000e+00
4.500107798295664452e+01 6.000000000000000000e+00 9.000000000000000000e+00
4.600107798295665873e+01 5.000000000000000000e+00 7.000000000000000000e+00
4.700107798295667294e+01 6.000000000000000000e+00 8.000000000000000000e+00
4.800107798295668715e+01 7.000000000000000000e+00 8.000000000000000000e+00
4.900046472919353846e+01 6.000000000000000000e+00 7.000000000000000000e+00
5.000107798295671557e+01 6.000000000000000000e+00 6.000000000000000000e+00
5.100107798295672978e+01 4.000000000000000000e+00 6.000000000000000000e+00
5.200107798295674399e+01 5.000000000000000000e+00 7.000000000000000000e+00
5.300107798295675821e+01 4.000000000000000000e+00 7.000000000000000000e+00
5.400107798295677242e+01 7.000000000000000000e+00 9.000000000000000000e+00
5.500107798295678663e+01 5.000000000000000000e+00 9.000000000000000000e+00
5.600044876625525347e+01 5.000000000000000000e+00 8.000000000000000000e+00
5.700107798295681505e+01 5.000000000000000000e+00 1.000000000000000000e+01
5.800029739996431744e+01 4.000000000000000000e+00 1.100000000000000000e+01
5.900107798295684347e+01 5.000000000000000000e+00 1.100000000000000000e+01
6.000107798295685768e+01 7.000000000000000000e+00 1.200000000000000000e+01
6.100107798295687189e+01 7.000000000000000000e+00 1.200000000000000000e+01
6.200081396112581444e+01 7.000000000000000000e+00 1.200000000000000000e+01
6.300107798295690031e+01 6.000000000000000000e+00 1.200000000000000000e+01
6.400107798295691452e+01 6.000000000000000000e+00 1.200000000000000000e+01
6.500107798295685768e+01 7.000000000000000000e+00 1.200000000000000000e+01
6.600107798295680084e+01 9.000000000000000000e+00 1.400000000000000000e+01
6.700107798295674399e+01 8.000000000000000000e+00 1.400000000000000000e+01
6.800107798295668715e+01 9.000000000000000000e+00 1.500000000000000000e+01
6.900036591777526951e+01 5.000000000000000000e+00 1.500000000000000000e+01
7.000037803147755255e+01 6.000000000000000000e+00 1.500000000000000000e+01
7.100107798295651662e+01 6.000000000000000000e+00 1.600000000000000000e+01
7.200107798295645978e+01 6.000000000000000000e+00 1.600000000000000000e+01
7.300107798295640293e+01 7.000000000000000000e+00 1.800000000000000000e+01
7.400057011035617904e+01 8.000000000000000000e+00 2.000000000000000000e+01
7.500107798295628925e+01 9.000000000000000000e+00 2.100000000000000000e+01
7.600107798295623240e+01 8.000000000000000000e+00 2.000000000000000000e+01
7.700107798295617556e+01 9.000000000000000000e+00 1.900000000000000000e+01
7.800107798295611872e+01 9.000000000000000000e+00 1.700000000000000000e+01
7.900107798295606187e+01 9.000000000000000000e+00 1.600000000000000000e+01
8.000107798295600503e+01 1.000000000000000000e+01 1.900000000000000000e+01
8.100107798295594819e+01 1.000000000000000000e+01 1.800000000000000000e+01
8.200107798295589134e+01 1.100000000000000000e+01 1.700000000000000000e+01
8.300107798295583450e+01 1.000000000000000000e+01 1.400000000000000000e+01
8.400107798295577766e+01 1.000000000000000000e+01 1.300000000000000000e+01
8.500107798295572081e+01 9.000000000000000000e+00 1.100000000000000000e+01
8.600012707047976335e+01 8.000000000000000000e+00 1.000000000000000000e+01
8.700107798295560713e+01 8.000000000000000000e+00 1.000000000000000000e+01
8.800107798295555028e+01 9.000000000000000000e+00 1.300000000000000000e+01
8.900107798295549344e+01 6.000000000000000000e+00 1.200000000000000000e+01
9.000107798295543660e+01 1.100000000000000000e+01 1.400000000000000000e+01
9.100107798295537975e+01 8.000000000000000000e+00 1.400000000000000000e+01
9.200061233875844380e+01 9.000000000000000000e+00 1.700000000000000000e+01
9.300107798295526607e+01 9.000000000000000000e+00 1.700000000000000000e+01
9.400107798295520922e+01 9.000000000000000000e+00 1.700000000000000000e+01
9.500107798295515238e+01 9.000000000000000000e+00 1.900000000000000000e+01
9.600044994929629638e+01 1.000000000000000000e+01 2.000000000000000000e+01
9.700046711451113879e+01 1.100000000000000000e+01 1.900000000000000000e+01
9.800107798295498185e+01 1.100000000000000000e+01 1.900000000000000000e+01
9.900107798295492501e+01 1.000000000000000000e+01 1.900000000000000000e+01
1.000008300476647776e+02 1.100000000000000000e+01 1.900000000000000000e+01
1.010000053815449235e+02 1.200000000000000000e+01 1.900000000000000000e+01
1.020010779829547545e+02 1.200000000000000000e+01 1.900000000000000000e+01
1.030010779829546976e+02 1.300000000000000000e+01 2.100000000000000000e+01
1.040010779829546408e+02 1.200000000000000000e+01 2.000000000000000000e+01
1.050010779829545839e+02 1.200000000000000000e+01 1.700000000000000000e+01
1.060010779829545271e+02 1.300000000000000000e+01 1.600000000000000000e+01
1.070010779829544703e+02 1.500000000000000000e+01 1.900000000000000000e+01
1.080010779829544134e+02 1.800000000000000000e+01 1.800000000000000000e+01
1.090010779829543566e+02 1.800000000000000000e+01 1.800000000000000000e+01
1.100010779829542997e+02 1.800000000000000000e+01 2.000000000000000000e+01
1.110010779829542429e+02 1.800000000000000000e+01 2.100000000000000000e+01
1.120010779829541860e+02 1.700000000000000000e+01 2.100000000000000000e+01
1.130010779829541292e+02 1.400000000000000000e+01 2.200000000000000000e+01
1.140010779829540724e+02 9.000000000000000000e+00 2.400000000000000000e+01
1.150010779829540155e+02 9.000000000000000000e+00 2.400000000000000000e+01
1.160010779829539587e+02 9.000000000000000000e+00 2.500000000000000000e+01
1.170010779829539018e+02 9.000000000000000000e+00 2.400000000000000000e+01
1.180010779829538450e+02 8.000000000000000000e+00 2.400000000000000000e+01
1.190010779829537881e+02 9.000000000000000000e+00 2.600000000000000000e+01
1.200010779829537313e+02 9.000000000000000000e+00 2.400000000000000000e+01
1.210010779829536745e+02 9.000000000000000000e+00 2.400000000000000000e+01
1.220010779829536176e+02 1.100000000000000000e+01 2.300000000000000000e+01
1.230010779829535608e+02 1.000000000000000000e+01 2.100000000000000000e+01
1.240010779829535039e+02 1.000000000000000000e+01 2.000000000000000000e+01
1.250010779829534471e+02 1.000000000000000000e+01 2.200000000000000000e+01
1.260010779829533902e+02 1.100000000000000000e+01 2.300000000000000000e+01
1.270010779829533334e+02 1.200000000000000000e+01 2.300000000000000000e+01
1.280010779829532908e+02 1.200000000000000000e+01 2.300000000000000000e+01
1.290010779829532339e+02 1.300000000000000000e+01 2.500000000000000000e+01
1.300010779829531771e+02 1.300000000000000000e+01 2.500000000000000000e+01
1.310010779829531202e+02 1.400000000000000000e+01 2.500000000000000000e+01
1.320010779829530634e+02 1.200000000000000000e+01 2.500000000000000000e+01
1.330010779829530065e+02 1.000000000000000000e+01 2.500000000000000000e+01
1.340010779829529497e+02 1.100000000000000000e+01 2.500000000000000000e+01
1.350010779829528929e+02 1.100000000000000000e+01 2.500000000000000000e+01
1.360010779829528360e+02 1.200000000000000000e+01 2.500000000000000000e+01
1.370001510849839690e+02 1.200000000000000000e+01 2.600000000000000000e+01
1.380010779829527223e+02 9.000000000000000000e+00 2.600000000000000000e+01
1.390010779829526655e+02 5.000000000000000000e+00 2.600000000000000000e+01
1.400010779829526086e+02 6.000000000000000000e+00 2.500000000000000000e+01
1.410001282504870517e+02 8.000000000000000000e+00 2.200000000000000000e+01
1.420010779829524949e+02 9.000000000000000000e+00 2.200000000000000000e+01
1.430010779829524381e+02 9.000000000000000000e+00 2.000000000000000000e+01
1.440010779829523813e+02 9.000000000000000000e+00 2.000000000000000000e+01
1.450010779829523244e+02 1.100000000000000000e+01 2.200000000000000000e+01
1.460010779829522676e+02 1.200000000000000000e+01 2.200000000000000000e+01
1.470010779829522107e+02 1.200000000000000000e+01 2.100000000000000000e+01
1.480010779829521539e+02 1.200000000000000000e+01 2.200000000000000000e+01
1.490000976099705383e+02 1.300000000000000000e+01 2.300000000000000000e+01
1.500003541462664600e+02 1.200000000000000000e+01 2.300000000000000000e+01
1.510010779829519834e+02 1.100000000000000000e+01 2.300000000000000000e+01
1.520010779829519265e+02 1.200000000000000000e+01 2.300000000000000000e+01
1.530010779829518697e+02 1.300000000000000000e+01 2.300000000000000000e+01
1.540010779829518128e+02 1.500000000000000000e+01 2.400000000000000000e+01
1.550003555635132670e+02 1.700000000000000000e+01 2.500000000000000000e+01
1.560010779829516991e+02 1.600000000000000000e+01 2.700000000000000000e+01
1.570010779829516423e+02 1.500000000000000000e+01 2.700000000000000000e+01
1.580010779829515855e+02 1.500000000000000000e+01 2.600000000000000000e+01
1.590010779829515286e+02 1.600000000000000000e+01 2.100000000000000000e+01
1.600010779829514718e+02 1.500000000000000000e+01 1.900000000000000000e+01
1.610010779829514149e+02 1.500000000000000000e+01 1.500000000000000000e+01
1.620010779829513581e+02 1.400000000000000000e+01 1.600000000000000000e+01
1.630010779829513012e+02 1.300000000000000000e+01 1.500000000000000000e+01
1.640010779829512444e+02 1.600000000000000000e+01 1.600000000000000000e+01
1.650010779829511876e+02 1.600000000000000000e+01 1.400000000000000000e+01
1.660010779829511307e+02 1.600000000000000000e+01 1.400000000000000000e+01
1.670010779829510739e+02 1.700000000000000000e+01 1.400000000000000000e+01
1.680006257663297902e+02 1.600000000000000000e+01 1.400000000000000000e+01
1.690010779829509602e+02 1.700000000000000000e+01 1.500000000000000000e+01
1.700010779829509033e+02 1.700000000000000000e+01 1.500000000000000000e+01
1.710010779829508465e+02 1.700000000000000000e+01 1.600000000000000000e+01
1.720010779829507896e+02 1.700000000000000000e+01 1.600000000000000000e+01
1.730010779829507328e+02 1.700000000000000000e+01 1.700000000000000000e+01
1.740010779829506760e+02 1.700000000000000000e+01 1.700000000000000000e+01
1.750010779829506191e+02 1.700000000000000000e+01 1.600000000000000000e+01
1.760008399115220925e+02 1.900000000000000000e+01 1.800000000000000000e+01
1.770002571688443140e+02 1.900000000000000000e+01 1.800000000000000000e+01
1.780010779829504486e+02 1.700000000000000000e+01 1.900000000000000000e+01
1.790010779829503917e+02 1.700000000000000000e+01 2.000000000000000000e+01
1.800010779829503349e+02 1.700000000000000000e+01 2.100000000000000000e+01
1.810010779829502781e+02 1.700000000000000000e+01 1.800000000000000000e+01
1.820010779829502212e+02 1.300000000000000000e+01 1.700000000000000000e+01
1.830003051180086402e+02 1.300000000000000000e+01 1.400000000000000000e+01
1.840010779829501075e+02 1.200000000000000000e+01 1.300000000000000000e+01
1.850010779829500507e+02 1.200000000000000000e+01 1.400000000000000000e+01
1.860010779829499938e+02 1.200000000000000000e+01 1.300000000000000000e+01
1.870010779829499370e+02 1.300000000000000000e+01 1.100000000000000000e+01
1.880010779829498802e+02 1.100000000000000000e+01 1.000000000000000000e+01
1.890010779829498233e+02 1.000000000000000000e+01 9.000000000000000000e+00
1.900010779829497665e+02 6.000000000000000000e+00 1.000000000000000000e+01
1.910010779829497096e+02 8.000000000000000000e+00 1.100000000000000000e+01
1.920010779829496528e+02 4.000000000000000000e+00 1.100000000000000000e+01
1.930010779829495959e+02 4.000000000000000000e+00 1.200000000000000000e+01
1.940010779829495391e+02 5.000000000000000000e+00 1.000000000000000000e+01
1.950010779829494822e+02 5.000000000000000000e+00 8.000000000000000000e+00
1.960010779829494254e+02 5.000000000000000000e+00 9.000000000000000000e+00
1.970010779829493686e+02 5.000000000000000000e+00 1.100000000000000000e+01
1.980010779829493117e+02 6.000000000000000000e+00 1.400000000000000000e+01
1.990010779829492549e+02 6.000000000000000000e+00 1.500000000000000000e+01
2.000010779829491980e+02 7.000000000000000000e+00 1.500000000000000000e+01
2.010010779829491412e+02 8.000000000000000000e+00 1.600000000000000000e+01
2.020010779829490843e+02 9.000000000000000000e+00 1.700000000000000000e+01
2.030010779829490275e+02 1.000000000000000000e+01 1.700000000000000000e+01
2.040010779829489707e+02 1.000000000000000000e+01 1.800000000000000000e+01
2.050010779829489138e+02 1.200000000000000000e+01 1.900000000000000000e+01
2.060010779829488570e+02 1.400000000000000000e+01 1.900000000000000000e+01
2.070004924470309220e+02 1.500000000000000000e+01 2.100000000000000000e+01
2.080010779829487433e+02 1.500000000000000000e+01 2.100000000000000000e+01
2.090010779829486864e+02 1.500000000000000000e+01 2.100000000000000000e+01
2.100007137255934992e+02 1.500000000000000000e+01 2.100000000000000000e+01
2.110010779829485728e+02 1.500000000000000000e+01 2.300000000000000000e+01
2.120005749531877086e+02 1.600000000000000000e+01 2.400000000000000000e+01
2.130000635711849384e+02 1.400000000000000000e+01 2.400000000000000000e+01
2.140010779829484022e+02 1.300000000000000000e+01 2.400000000000000000e+01
2.150010779829483454e+02 1.300000000000000000e+01 2.100000000000000000e+01
2.160010779829482885e+02 1.300000000000000000e+01 2.100000000000000000e+01
2.170007234141490926e+02 1.500000000000000000e+01 2.300000000000000000e+01
2.180006486516487030e+02 1.500000000000000000e+01 2.300000000000000000e+01
2.190010779829481180e+02 1.700000000000000000e+01 2.400000000000000000e+01
2.200010052327660617e+02 1.700000000000000000e+01 2.500000000000000000e+01
2.210010779829480043e+02 1.900000000000000000e+01 2.600000000000000000e+01
2.220010779829479475e+02 1.900000000000000000e+01 2.900000000000000000e+01
2.230010779829478906e+02 2.000000000000000000e+01 3.000000000000000000e+01
2.240010779829478338e+02 2.000000000000000000e+01 2.900000000000000000e+01
2.250010779829477769e+02 2.100000000000000000e+01 2.800000000000000000e+01
2.260010779829477201e+02 2.200000000000000000e+01 2.500000000000000000e+01
2.270010779829476633e+02 2.300000000000000000e+01 2.600000000000000000e+01
2.280010779829476064e+02 2.300000000000000000e+01 2.600000000000000000e+01
2.290010779829475496e+02 2.200000000000000000e+01 2.600000000000000000e+01
2.300010779829474927e+02 2.200000000000000000e+01 2.600000000000000000e+01
2.310003719830833688e+02 2.200000000000000000e+01 2.500000000000000000e+01
2.320010779829473790e+02 2.200000000000000000e+01 2.400000000000000000e+01
2.330010779829473222e+02 2.200000000000000000e+01 2.600000000000000000e+01
2.340010779829472654e+02 2.200000000000000000e+01 2.700000000000000000e+01
2.350006667192609768e+02 2.300000000000000000e+01 2.800000000000000000e+01
2.360010779829471517e+02 2.200000000000000000e+01 2.900000000000000000e+01
2.370010779829470948e+02 2.100000000000000000e+01 3.000000000000000000e+01
2.380010779829470380e+02 2.100000000000000000e+01 3.000000000000000000e+01
2.390010779829469811e+02 2.100000000000000000e+01 2.900000000000000000e+01
2.400010779829469243e+02 2.300000000000000000e+01 2.800000000000000000e+01
2.410010779829468675e+02 2.400000000000000000e+01 3.000000000000000000e+01
2.420010779829468106e+02 2.500000000000000000e+01 2.800000000000000000e+01
2.430006365114548430e+02 2.300000000000000000e+01 2.700000000000000000e+01
2.440010779829466969e+02 2.300000000000000000e+01 2.800000000000000000e+01
2.450010779829466401e+02 2.300000000000000000e+01 2.800000000000000000e+01
2.460010779829465832e+02 2.100000000000000000e+01 2.800000000000000000e+01
2.470010779829465264e+02 2.100000000000000000e+01 2.700000000000000000e+01
2.480010779829464695e+02 2.100000000000000000e+01 2.400000000000000000e+01
2.490010779829464127e+02 2.100000000000000000e+01 1.800000000000000000e+01
2.500010779829463559e+02 2.200000000000000000e+01 1.200000000000000000e+01
2.510002505156751624e+02 2.200000000000000000e+01 1.200000000000000000e+01
2.520010779829462422e+02 2.400000000000000000e+01 1.200000000000000000e+01
2.530001647589036793e+02 2.500000000000000000e+01 1.100000000000000000e+01
2.540010779829461285e+02 2.600000000000000000e+01 1.100000000000000000e+01
2.550010779829460716e+02 2.700000000000000000e+01 1.100000000000000000e+01
2.560010779829460148e+02 2.900000000000000000e+01 1.000000000000000000e+01
2.570003931006019116e+02 3.100000000000000000e+01 1.100000000000000000e+01
2.580010779829464695e+02 3.200000000000000000e+01 1.200000000000000000e+01
2.590007863328300459e+02 3.200000000000000000e+01 1.200000000000000000e+01
2.600010779829469243e+02 3.300000000000000000e+01 1.300000000000000000e+01
2.610008103600284812e+02 3.300000000000000000e+01 1.400000000000000000e+01
2.620010779829473790e+02 3.300000000000000000e+01 1.500000000000000000e+01
2.630010779829476064e+02 3.300000000000000000e+01 1.600000000000000000e+01
2.640010779829478338e+02 3.400000000000000000e+01 1.800000000000000000e+01
2.650010779829480612e+02 3.500000000000000000e+01 1.800000000000000000e+01
2.660010779829482885e+02 3.500000000000000000e+01 1.800000000000000000e+01
2.670010779829485159e+02 3.500000000000000000e+01 2.000000000000000000e+01
2.680010779829487433e+02 3.500000000000000000e+01 2.000000000000000000e+01
2.690010779829489707e+02 3.500000000000000000e+01 2.100000000000000000e+01
2.700007287082842140e+02 3.500000000000000000e+01 2.100000000000000000e+01
2.710010779829494254e+02 3.600000000000000000e+01 2.000000000000000000e+01
2.720010779829496528e+02 3.600000000000000000e+01 1.900000000000000000e+01
2.730010779829498802e+02 3.800000000000000000e+01 1.700000000000000000e+01
2.740010779829501075e+02 3.800000000000000000e+01 1.800000000000000000e+01
2.750010779829503349e+02 3.800000000000000000e+01 1.800000000000000000e+01
2.760010779829505623e+02 3.700000000000000000e+01 1.900000000000000000e+01
2.770000554155486725e+02 3.800000000000000000e+01 1.900000000000000000e+01
2.780010779829510170e+02 3.800000000000000000e+01 2.000000000000000000e+01
2.790010779829512444e+02 4.000000000000000000e+01 2.200000000000000000e+01
2.800010779829514718e+02 4.000000000000000000e+01 2.400000000000000000e+01
2.810010637467457855e+02 4.100000000000000000e+01 2.600000000000000000e+01
2.820010779829519265e+02 4.100000000000000000e+01 2.700000000000000000e+01
2.830010593109442993e+02 4.200000000000000000e+01 2.700000000000000000e+01
2.840010779829523813e+02 4.200000000000000000e+01 2.800000000000000000e+01
2.850010779829526086e+02 4.300000000000000000e+01 2.800000000000000000e+01
2.860010779829528360e+02 4.300000000000000000e+01 2.500000000000000000e+01
2.870010779829530634e+02 4.300000000000000000e+01 2.000000000000000000e+01
2.880010779829532908e+02 4.300000000000000000e+01 1.600000000000000000e+01
2.890005512650448054e+02 4.200000000000000000e+01 1.500000000000000000e+01
2.900009890038360254e+02 4.200000000000000000e+01 1.400000000000000000e+01
2.910010779829539729e+02 4.200000000000000000e+01 1.500000000000000000e+01
2.920010779829542003e+02 4.300000000000000000e+01 1.500000000000000000e+01
2.930007658381445026e+02 4.300000000000000000e+01 1.600000000000000000e+01
2.940010779829546550e+02 4.300000000000000000e+01 1.800000000000000000e+01
2.950003656438956341e+02 4.200000000000000000e+01 1.900000000000000000e+01
2.960010779829551097e+02 4.000000000000000000e+01 1.600000000000000000e+01
2.970010779829553371e+02 4.000000000000000000e+01 1.600000000000000000e+01
2.980010779829555645e+02 4.100000000000000000e+01 1.700000000000000000e+01
2.990010779829557919e+02 4.100000000000000000e+01 1.600000000000000000e+01
3.000010779829560192e+02 4.100000000000000000e+01 1.800000000000000000e+01
