0.000000000000000000e+00 0.000000000000000000e+00 0.000000000000000000e+00
1.000076878849174511e+00 0.000000000000000000e+00 0.000000000000000000e+00
2.000076878849175177e+00 1.000000000000000000e+00 1.000000000000000000e+00
3.000076878849176065e+00 1.000000000000000000e+00 1.000000000000000000e+00
4.000076878849176509e+00 0.000000000000000000e+00 0.000000000000000000e+00
5.000076878849172957e+00 0.000000000000000000e+00 0.000000000000000000e+00
6.000076878849169404e+00 2.000000000000000000e+00 2.000000000000000000e+00
7.000076878849165851e+00 4.000000000000000000e+00 4.000000000000000000e+00
8.000076878849162298e+00 3.000000000000000000e+00 3.000000000000000000e+00
9.000076878849158746e+00 3.000000000000000000e+00 3.000000000000000000e+00
1.000007687884915519e+01 4.000000000000000000e+00 4.000000000000000000e+00
1.100007687884915164e+01 5.000000000000000000e+00 5.000000000000000000e+00
1.200007687884914809e+01 5.000000000000000000e+00 5.000000000000000000e+00
1.300007687884914453e+01 5.000000000000000000e+00 5.000000000000000000e+00
1.400007687884914098e+01 6.000000000000000000e+00 6.000000000000000000e+00
1.500007687884913743e+01 8.000000000000000000e+00 8.000000000000000000e+00
1.600007687884913565e+01 8.000000000000000000e+00 8.000000000000000000e+00
1.700007687884914986e+01 8.000000000000000000e+00 8.000000000000000000e+00
1.800007687884916407e+01 9.000000000000000000e+00 9.000000000000000000e+00
1.900007687884917829e+01 7.000000000000000000e+00 7.000000000000000000e+00
2.000007687884919250e+01 4.000000000000000000e+00 4.000000000000000000e+00
2.100007687884920671e+01 3.000000000000000000e+00 3.000000000000000000e+00
2.200007687884922092e+01 5.000000000000000000e+00 5.000000000000000000e+00
2.300007687884923513e+01 6.000000000000000000e+00 5.000000000000000000e+00
2.400007687884924934e+01 6.000000000000000000e+00 6.000000000000000000e+00
2.500007687884926355e+01 5.000000000000000000e+00 6.000000000000000000e+00
2.600007687884927776e+01 5.000000000000000000e+00 5.000000000000000000e+00
2.700007687884929197e+01 4.000000000000000000e+00 5.000000000000000000e+00
2.800007687884930618e+01 1.000000000000000000e+00 3.000000000000000000e+00
2.900007687884932039e+01 1.000000000000000000e+00 1.000000000000000000e+00
3.000007687884933461e+01 1.000000000000000000e+00 2.000000000000000000e+00
3.100007687884934882e+01 0.000000000000000000e+00 2.000000000000000000e+00
3.200007687884936303e+01 0.000000000000000000e+00 2.000000000000000000e+00
3.300007687884937724e+01 2.000000000000000000e+00 3.000000000000000000e+00
3.400007687884939145e+01 1.000000000000000000e+00 3.000000000000000000e+00
3.500007687884940566e+01 1.000000000000000000e+00 2.000000000000000000e+00
3.600007687884941987e+01 1.000000000000000000e+00 2.000000000000000000e+00
3.700007687884943408e+01 1.000000000000000000e+00 2.000000000000000000e+00
3.800007687884944829e+01 2.000000000000000000e+00 2.000000000000000000e+00
3.900007687884946250e+01 2.000000000000000000e+00 2.000000000000000000e+00
4.000007687884947671e+01 3.000000000000000000e+00 1.000000000000000000e+00
4.100007687884949092e+01 2.000000000000000000e+00 1.000000000000000000e+00
4.200007687884950514e+01 2.000000000000000000e+00 1.000000000000000000e+00
4.300007687884951935e+01 2.000000000000000000e+00 1.000000000000000000e+00
4.400007687884953356e+01 1.000000000000000000e+00 1.000000000000000000e+00
4.500007687884954777e+01 1.000000000000000000e+00 1.000000000000000000e+00
4.600007687884956198e+01 3.000000000000000000e+00 2.000000000000000000e+00
4.700007687884957619e+01 2.000000000000000000e+00 2.000000000000000000e+00
4.800007687884959040e+01 3.000000000000000000e+00 2.000000000000000000e+00
4.900007687884960461e+01 3.000000000000000000e+00 2.000000000000000000e+00
5.000007687884961882e+01 4.000000000000000000e+00 3.000000000000000000e+00
5.100007687884963303e+01 5.000000000000000000e+00 1.000000000000000000e+00
5.200007687884964724e+01 5.000000000000000000e+00 1.000000000000000000e+00
5.300007687884966145e+01 4.000000000000000000e+00 1.000000000000000000e+00
5.400007687884967567e+01 6.000000000000000000e+00 4.000000000000000000e+00
5.500007687884968988e+01 7.000000000000000000e+00 3.000000000000000000e+00
5.600007687884970409e+01 7.000000000000000000e+00 4.000000000000000000e+00
5.700007687884971830e+01 7.000000000000000000e+00 4.000000000000000000e+00
5.800007687884973251e+01 7.000000000000000000e+00 1.000000000000000000e+00
5.900007687884974672e+01 6.000000000000000000e+00 2.000000000000000000e+00
6.000007687884976093e+01 6.000000000000000000e+00 1.000000000000000000e+00
6.100007687884977514e+01 6.000000000000000000e+00 3.000000000000000000e+00
6.200007687884978935e+01 6.000000000000000000e+00 3.000000000000000000e+00
6.300007687884980356e+01 5.000000000000000000e+00 2.000000000000000000e+00
6.400007687884981067e+01 5.000000000000000000e+00 2.000000000000000000e+00
6.500007687884975383e+01 5.000000000000000000e+00 2.000000000000000000e+00
6.600007687884969698e+01 5.000000000000000000e+00 3.000000000000000000e+00
6.700007687884964014e+01 4.000000000000000000e+00 3.000000000000000000e+00
6.800007687884958330e+01 6.000000000000000000e+00 4.000000000000000000e+00
6.900007687884952645e+01 6.000000000000000000e+00 4.000000000000000000e+00
7.000007687884946961e+01 8.000000000000000000e+00 6.000000000000000000e+00
7.100007687884941276e+01 8.000000000000000000e+00 8.000000000000000000e+00
7.200007687884935592e+01 8.000000000000000000e+00 1.000000000000000000e+01
7.300007687884929908e+01 9.000000000000000000e+00 1.000000000000000000e+01
7.400007687884924223e+01 9.000000000000000000e+00 8.000000000000000000e+00
7.500007687884918539e+01 8.000000000000000000e+00 7.000000000000000000e+00
7.600007687884912855e+01 8.000000000000000000e+00 6.000000000000000000e+00
7.700007687884907170e+01 9.000000000000000000e+00 6.000000000000000000e+00
7.800007687884901486e+01 6.000000000000000000e+00 4.000000000000000000e+00
7.900007687884895802e+01 6.000000000000000000e+00 1.000000000000000000e+00
8.000007687884890117e+01 6.000000000000000000e+00 1.000000000000000000e+00
8.100007687884884433e+01 8.000000000000000000e+00 2.000000000000000000e+00
8.200007687884878749e+01 6.000000000000000000e+00 2.000000000000000000e+00
8.300007687884873064e+01 7.000000000000000000e+00 1.000000000000000000e+00
8.400007687884867380e+01 8.000000000000000000e+00 2.000000000000000000e+00
8.500007687884861696e+01 1.000000000000000000e+01 4.000000000000000000e+00
8.600007687884856011e+01 1.000000000000000000e+01 3.000000000000000000e+00
8.700007687884850327e+01 1.000000000000000000e+01 3.000000000000000000e+00
8.800007687884844643e+01 8.000000000000000000e+00 3.000000000000000000e+00
8.900007687884838958e+01 7.000000000000000000e+00 2.000000000000000000e+00
9.000004201779455570e+01 7.000000000000000000e+00 2.000000000000000000e+00
9.100007687884827590e+01 8.000000000000000000e+00 4.000000000000000000e+00
9.200007687884821905e+01 8.000000000000000000e+00 3.000000000000000000e+00
9.300007687884816221e+01 7.000000000000000000e+00 1.000000000000000000e+00
9.400007687884810537e+01 6.000000000000000000e+00 1.000000000000000000e+00
9.500007687884804852e+01 6.000000000000000000e+00 4.000000000000000000e+00
9.600007687884799168e+01 6.000000000000000000e+00 4.000000000000000000e+00
9.700007687884793484e+01 6.000000000000000000e+00 5.000000000000000000e+00
9.800007687884787799e+01 6.000000000000000000e+00 6.000000000000000000e+00
9.900007687884782115e+01 6.000000000000000000e+00 6.000000000000000000e+00
1.000000768788477643e+02 7.000000000000000000e+00 5.000000000000000000e+00
1.010000768788477075e+02 9.000000000000000000e+00 7.000000000000000000e+00
1.020000768788476506e+02 9.000000000000000000e+00 5.000000000000000000e+00
1.030000768788475938e+02 1.000000000000000000e+01 5.000000000000000000e+00
1.040000768788475369e+02 1.000000000000000000e+01 5.000000000000000000e+00
1.050000768788474801e+02 1.000000000000000000e+01 5.000000000000000000e+00
1.060000768788474232e+02 1.000000000000000000e+01 5.000000000000000000e+00
1.070000768788473664e+02 9.000000000000000000e+00 5.000000000000000000e+00
1.080000768788473096e+02 9.000000000000000000e+00 4.000000000000000000e+00
1.090000768788472527e+02 9.000000000000000000e+00 4.000000000000000000e+00
1.100000768788471959e+02 1.000000000000000000e+01 6.000000000000000000e+00
1.110000768788471390e+02 1.100000000000000000e+01 5.000000000000000000e+00
1.120000768788470822e+02 1.200000000000000000e+01 6.000000000000000000e+00
1.130000768788470253e+02 1.400000000000000000e+01 5.000000000000000000e+00
1.140000768788469685e+02 1.500000000000000000e+01 7.000000000000000000e+00
1.150000768788469117e+02 1.600000000000000000e+01 7.000000000000000000e+00
1.160000343079038316e+02 1.500000000000000000e+01 7.000000000000000000e+00
1.170000768788467980e+02 1.600000000000000000e+01 9.000000000000000000e+00
1.180000768788467411e+02 1.700000000000000000e+01 9.000000000000000000e+00
1.190000768788466843e+02 1.600000000000000000e+01 1.000000000000000000e+01
1.200000768788466274e+02 1.900000000000000000e+01 1.100000000000000000e+01
1.210000768788465706e+02 1.900000000000000000e+01 1.200000000000000000e+01
1.220000768788465138e+02 1.800000000000000000e+01 9.000000000000000000e+00
1.230000768788464569e+02 1.800000000000000000e+01 8.000000000000000000e+00
1.240000768788464001e+02 1.800000000000000000e+01 7.000000000000000000e+00
1.250000768788463432e+02 1.800000000000000000e+01 6.000000000000000000e+00
1.260000768788462864e+02 1.700000000000000000e+01 6.000000000000000000e+00
1.270000768788462295e+02 1.600000000000000000e+01 5.000000000000000000e+00
1.280000768788461869e+02 1.700000000000000000e+01 5.000000000000000000e+00
1.290000768788461301e+02 1.700000000000000000e+01 5.000000000000000000e+00
1.300000768788460732e+02 1.600000000000000000e+01 5.000000000000000000e+00
1.310000768788460164e+02 1.700000000000000000e+01 5.000000000000000000e+00
1.320000768788459595e+02 1.700000000000000000e+01 5.000000000000000000e+00
1.330000768788459027e+02 1.700000000000000000e+01 6.000000000000000000e+00
1.340000768788458458e+02 1.800000000000000000e+01 6.000000000000000000e+00
1.350000768788457890e+02 1.800000000000000000e+01 6.000000000000000000e+00
1.360000768788457322e+02 1.700000000000000000e+01 8.000000000000000000e+00
1.370000768788456753e+02 1.700000000000000000e+01 8.000000000000000000e+00
1.380000768788456185e+02 1.700000000000000000e+01 9.000000000000000000e+00
1.390000768788455616e+02 1.700000000000000000e+01 8.000000000000000000e+00
1.400000768788455048e+02 1.800000000000000000e+01 5.000000000000000000e+00
1.410000768788454479e+02 2.200000000000000000e+01 5.000000000000000000e+00
1.420000768788453911e+02 2.200000000000000000e+01 5.000000000000000000e+00
1.430000768788453342e+02 1.900000000000000000e+01 5.000000000000000000e+00
1.440000768788452774e+02 1.900000000000000000e+01 7.000000000000000000e+00
1.450000768788452206e+02 1.900000000000000000e+01 9.000000000000000000e+00
1.460000768788451637e+02 1.800000000000000000e+01 9.000000000000000000e+00
1.470000768788451069e+02 1.800000000000000000e+01 9.000000000000000000e+00
1.480000768788450500e+02 1.700000000000000000e+01 8.000000000000000000e+00
1.490000768788449932e+02 1.800000000000000000e+01 9.000000000000000000e+00
1.500000768788449363e+02 1.900000000000000000e+01 8.000000000000000000e+00
1.510000768788448795e+02 1.900000000000000000e+01 9.000000000000000000e+00
1.520000768788448227e+02 2.000000000000000000e+01 9.000000000000000000e+00
1.530000768788447658e+02 1.900000000000000000e+01 9.000000000000000000e+00
1.540000768788447090e+02 1.900000000000000000e+01 9.000000000000000000e+00
1.550000768788446521e+02 1.700000000000000000e+01 8.000000000000000000e+00
1.560000768788445953e+02 1.500000000000000000e+01 9.000000000000000000e+00
1.570000768788445384e+02 1.300000000000000000e+01 1.000000000000000000e+01
1.580000768788444816e+02 1.100000000000000000e+01 1.000000000000000000e+01
1.590000768788444248e+02 9.000000000000000000e+00 1.100000000000000000e+01
1.600000768788443679e+02 9.000000000000000000e+00 1.300000000000000000e+01
1.610000768788443111e+02 9.000000000000000000e+00 1.300000000000000000e+01
1.620000768788442542e+02 9.000000000000000000e+00 1.400000000000000000e+01
1.630000768788441974e+02 1.100000000000000000e+01 1.600000000000000000e+01
1.640000768788441405e+02 1.100000000000000000e+01 1.700000000000000000e+01
1.650000768788440837e+02 1.200000000000000000e+01 1.700000000000000000e+01
1.660000768788440269e+02 1.200000000000000000e+01 1.700000000000000000e+01
1.670000768788439700e+02 1.300000000000000000e+01 1.700000000000000000e+01
1.680000768788439132e+02 1.400000000000000000e+01 1.700000000000000000e+01
1.690000768788438563e+02 1.400000000000000000e+01 1.800000000000000000e+01
1.700000768788437995e+02 1.500000000000000000e+01 1.900000000000000000e+01
1.710000768788437426e+02 1.500000000000000000e+01 2.000000000000000000e+01
1.720000768788436858e+02 1.500000000000000000e+01 1.600000000000000000e+01
1.730000768788436289e+02 1.500000000000000000e+01 1.600000000000000000e+01
1.740000768788435721e+02 1.500000000000000000e+01 1.600000000000000000e+01
1.750000768788435153e+02 1.600000000000000000e+01 1.500000000000000000e+01
1.760000768788434584e+02 1.600000000000000000e+01 1.500000000000000000e+01
1.770000768788434016e+02 1.400000000000000000e+01 1.500000000000000000e+01
1.780000768788433447e+02 1.300000000000000000e+01 1.500000000000000000e+01
1.790000768788432879e+02 1.300000000000000000e+01 1.200000000000000000e+01
1.800000768788432310e+02 1.300000000000000000e+01 1.000000000000000000e+01
1.810000768788431742e+02 1.100000000000000000e+01 9.000000000000000000e+00
1.820000768788431174e+02 1.100000000000000000e+01 1.200000000000000000e+01
1.830000768788430605e+02 1.100000000000000000e+01 1.200000000000000000e+01
1.840000768788430037e+02 1.100000000000000000e+01 1.000000000000000000e+01
1.850000768788429468e+02 1.100000000000000000e+01 7.000000000000000000e+00
1.860000768788428900e+02 1.300000000000000000e+01 6.000000000000000000e+00
1.870000768788428331e+02 1.300000000000000000e+01 7.000000000000000000e+00
1.880000768788427763e+02 1.300000000000000000e+01 7.000000000000000000e+00
1.890000768788427195e+02 1.400000000000000000e+01 7.000000000000000000e+00
1.900000768788426626e+02 1.400000000000000000e+01 7.000000000000000000e+00
1.910000768788426058e+02 1.500000000000000000e+01 7.000000000000000000e+00
1.920000768788425489e+02 1.300000000000000000e+01 9.000000000000000000e+00
1.930000768788424921e+02 1.400000000000000000e+01 9.000000000000000000e+00
1.940000768788424352e+02 1.300000000000000000e+01 9.000000000000000000e+00
1.950000768788423784e+02 1.400000000000000000e+01 1.000000000000000000e+01
1.960000768788423215e+02 1.200000000000000000e+01 9.000000000000000000e+00
1.970000768788422647e+02 1.300000000000000000e+01 9.000000000000000000e+00
1.980000768788422079e+02 1.400000000000000000e+01 9.000000000000000000e+00
1.990000768788421510e+02 1.400000000000000000e+01 8.000000000000000000e+00
2.000000768788420942e+02 1.300000000000000000e+01 8.000000000000000000e+00
2.010000768788420373e+02 1.400000000000000000e+01 9.000000000000000000e+00
2.020000768788419805e+02 1.400000000000000000e+01 8.000000000000000000e+00
2.030000768788419236e+02 1.600000000000000000e+01 1.000000000000000000e+01
2.040000768788418668e+02 1.600000000000000000e+01 1.000000000000000000e+01
2.050000768788418100e+02 1.700000000000000000e+01 1.000000000000000000e+01
2.060000768788417531e+02 1.700000000000000000e+01 8.000000000000000000e+00
2.070000768788416963e+02 1.400000000000000000e+01 8.000000000000000000e+00
2.080000768788416394e+02 1.300000000000000000e+01 7.000000000000000000e+00
2.090000768788415826e+02 1.500000000000000000e+01 8.000000000000000000e+00
2.100000768788415257e+02 1.500000000000000000e+01 9.000000000000000000e+00
2.110000176993945900e+02 9.000000000000000000e+00 9.000000000000000000e+00
2.120000768788414121e+02 9.000000000000000000e+00 7.000000000000000000e+00
2.130000768788413552e+02 8.000000000000000000e+00 9.000000000000000000e+00
2.140000768788412984e+02 1.000000000000000000e+01 1.000000000000000000e+01
2.150000768788412415e+02 9.000000000000000000e+00 1.200000000000000000e+01
2.160000768788411847e+02 1.100000000000000000e+01 1.300000000000000000e+01
2.170000768788411278e+02 9.000000000000000000e+00 1.300000000000000000e+01
2.180000768788410710e+02 9.000000000000000000e+00 1.400000000000000000e+01
2.190000768788410141e+02 9.000000000000000000e+00 1.300000000000000000e+01
2.200000768788409573e+02 9.000000000000000000e+00 1.300000000000000000e+01
2.210000768788409005e+02 1.000000000000000000e+01 1.300000000000000000e+01
2.220000768788408436e+02 1.200000000000000000e+01 1.300000000000000000e+01
2.230000768788407868e+02 1.300000000000000000e+01 1.100000000000000000e+01
2.240000768788407299e+02 1.300000000000000000e+01 1.100000000000000000e+01
2.250000768788406731e+02 1.000000000000000000e+01 1.100000000000000000e+01
2.260000768788406162e+02 5.000000000000000000e+00 1.100000000000000000e+01
2.270000768788405594e+02 2.000000000000000000e+00 1.100000000000000000e+01
2.280000768788405026e+02 4.000000000000000000e+00 1.300000000000000000e+01
2.290000768788404457e+02 3.000000000000000000e+00 1.300000000000000000e+01
2.300000768788403889e+02 3.000000000000000000e+00 1.400000000000000000e+01
2.310000768788403320e+02 3.000000000000000000e+00 1.300000000000000000e+01
2.320000768788402752e+02 3.000000000000000000e+00 1.200000000000000000e+01
2.330000768788402183e+02 4.000000000000000000e+00 1.200000000000000000e+01
2.340000768788401615e+02 5.000000000000000000e+00 1.200000000000000000e+01
2.350000768788401047e+02 5.000000000000000000e+00 1.100000000000000000e+01
2.360000768788400478e+02 5.000000000000000000e+00 1.100000000000000000e+01
2.370000768788399910e+02 5.000000000000000000e+00 1.200000000000000000e+01
2.380000768788399341e+02 6.000000000000000000e+00 1.000000000000000000e+01
2.390000768788398773e+02 9.000000000000000000e+00 1.100000000000000000e+01
2.400000768788398204e+02 9.000000000000000000e+00 1.000000000000000000e+01
2.410000768788397636e+02 9.000000000000000000e+00 1.000000000000000000e+01
2.420000344371229914e+02 1.100000000000000000e+01 1.100000000000000000e+01
2.430000768788396499e+02 1.000000000000000000e+01 1.400000000000000000e+01
2.440000768788395931e+02 9.000000000000000000e+00 1.200000000000000000e+01
2.450000768788395362e+02 9.000000000000000000e+00 1.200000000000000000e+01
2.460000768788394794e+02 9.000000000000000000e+00 1.200000000000000000e+01
2.470000768788394225e+02 9.000000000000000000e+00 1.200000000000000000e+01
2.480000768788393657e+02 9.000000000000000000e+00 1.300000000000000000e+01
2.490000768788393088e+02 1.000000000000000000e+01 1.300000000000000000e+01
2.500000768788392520e+02 1.100000000000000000e+01 1.400000000000000000e+01
2.510000768788391952e+02 1.100000000000000000e+01 1.500000000000000000e+01
2.520000768788391383e+02 1.100000000000000000e+01 1.500000000000000000e+01
2.530000768788390815e+02 1.300000000000000000e+01 1.600000000000000000e+01
2.540000020348100236e+02 1.300000000000000000e+01 1.500000000000000000e+01
2.550000768788389678e+02 1.500000000000000000e+01 1.600000000000000000e+01
2.560000768788389109e+02 1.700000000000000000e+01 1.700000000000000000e+01
2.570000768788391383e+02 2.000000000000000000e+01 1.800000000000000000e+01
2.580000768788393657e+02 2.100000000000000000e+01 1.900000000000000000e+01
2.590000768788395931e+02 2.100000000000000000e+01 2.100000000000000000e+01
2.600000768788398204e+02 2.100000000000000000e+01 2.000000000000000000e+01
2.610000768788400478e+02 1.900000000000000000e+01 2.200000000000000000e+01
2.620000768788402752e+02 1.900000000000000000e+01 2.200000000000000000e+01
2.630000768788405026e+02 1.600000000000000000e+01 2.300000000000000000e+01
2.640000768788407299e+02 1.500000000000000000e+01 2.300000000000000000e+01
2.650000768788409573e+02 1.700000000000000000e+01 2.300000000000000000e+01
2.660000360509854431e+02 1.800000000000000000e+01 2.100000000000000000e+01
2.670000768788414121e+02 1.600000000000000000e+01 1.800000000000000000e+01
2.680000768788416394e+02 1.500000000000000000e+01 1.400000000000000000e+01
2.690000768788418668e+02 1.500000000000000000e+01 1.200000000000000000e+01
2.700000768788420942e+02 1.400000000000000000e+01 1.200000000000000000e+01
2.710000768788423215e+02 1.400000000000000000e+01 1.000000000000000000e+01
2.720000768788425489e+02 1.300000000000000000e+01 8.000000000000000000e+00
2.730000768788427763e+02 1.200000000000000000e+01 6.000000000000000000e+00
2.740000768788430037e+02 1.200000000000000000e+01 7.000000000000000000e+00
2.750000768788432310e+02 1.300000000000000000e+01 7.000000000000000000e+00
2.760000768788434584e+02 1.200000000000000000e+01 7.000000000000000000e+00
2.770000768788436858e+02 1.200000000000000000e+01 8.000000000000000000e+00
2.780000768788439132e+02 1.200000000000000000e+01 8.000000000000000000e+00
2.790000768788441405e+02 1.400000000000000000e+01 8.000000000000000000e+00
2.800000768788443679e+02 1.100000000000000000e+01 9.000000000000000000e+00
2.810000768788445953e+02 1.300000000000000000e+01 8.000000000000000000e+00
2.820000768788448227e+02 1.400000000000000000e+01 8.000000000000000000e+00
2.830000768788450500e+02 1.300000000000000000e+01 4.000000000000000000e+00
2.840000768788452774e+02 1.300000000000000000e+01 7.000000000000000000e+00
2.850000768788455048e+02 1.500000000000000000e+01 6.000000000000000000e+00
2.860000768788457322e+02 1.400000000000000000e+01 6.000000000000000000e+00
2.870000768788459595e+02 1.400000000000000000e+01 7.000000000000000000e+00
2.880000768788461869e+02 1.400000000000000000e+01 6.000000000000000000e+00
2.890000768788464143e+02 1.400000000000000000e+01 7.000000000000000000e+00
2.900000768788466416e+02 1.400000000000000000e+01 7.000000000000000000e+00
2.910000768788468690e+02 1.200000000000000000e+01 5.000000000000000000e+00
2.920000768788470964e+02 1.100000000000000000e+01 6.000000000000000000e+00
2.930000768788473238e+02 9.000000000000000000e+00 8.000000000000000000e+00
2.940000768788475511e+02 8.000000000000000000e+00 1.100000000000000000e+01
2.950000768788477785e+02 6.000000000000000000e+00 1.300000000000000000e+01
2.960000768788480059e+02 7.000000000000000000e+00 1.400000000000000000e+01
2.970000768788482333e+02 6.000000000000000000e+00 1.600000000000000000e+01
2.980000768788484606e+02 6.000000000000000000e+00 1.700000000000000000e+01
2.990000768788486880e+02 7.000000000000000000e+00 1.700000000000000000e+01
3.000000768788489154e+02 7.000000000000000000e+00 1.800000000000000000e+01
