0.000000000000000000e+00 0.000000000000000000e+00 0.000000000000000000e+00
1.000376197298063152e+00 1.000000000000000000e+00 1.000000000000000000e+00
2.000376197298063818e+00 2.000000000000000000e+00 2.000000000000000000e+00
3.000376197298064707e+00 1.000000000000000000e+00 1.000000000000000000e+00
4.000376197298065151e+00 2.000000000000000000e+00 2.000000000000000000e+00
5.000376197298061598e+00 4.000000000000000000e+00 4.000000000000000000e+00
6.000376197298058045e+00 4.000000000000000000e+00 4.000000000000000000e+00
7.000376197298054493e+00 6.000000000000000000e+00 6.000000000000000000e+00
8.000376197298050940e+00 6.000000000000000000e+00 6.000000000000000000e+00
9.000376197298047387e+00 6.000000000000000000e+00 6.000000000000000000e+00
1.000037619729804383e+01 6.000000000000000000e+00 6.000000000000000000e+00
1.100037619729804028e+01 6.000000000000000000e+00 6.000000000000000000e+00
1.200037619729803673e+01 7.000000000000000000e+00 7.000000000000000000e+00
1.300037619729803318e+01 7.000000000000000000e+00 7.000000000000000000e+00
1.400037619729802962e+01 6.000000000000000000e+00 6.000000000000000000e+00
1.500037619729802607e+01 5.000000000000000000e+00 5.000000000000000000e+00
1.600037619729802429e+01 5.000000000000000000e+00 5.000000000000000000e+00
1.700037619729803851e+01 7.000000000000000000e+00 7.000000000000000000e+00
1.800037619729805272e+01 9.000000000000000000e+00 9.000000000000000000e+00
1.900037619729806693e+01 8.000000000000000000e+00 8.000000000000000000e+00
2.000037619729808114e+01 8.000000000000000000e+00 9.000000000000000000e+00
2.100037619729809535e+01 6.000000000000000000e+00 8.000000000000000000e+00
2.200037619729810956e+01 1.000000000000000000e+00 4.000000000000000000e+00
2.300037619729812377e+01 1.000000000000000000e+00 3.000000000000000000e+00
2.400037619729813798e+01 1.000000000000000000e+00 3.000000000000000000e+00
2.500037619729815219e+01 0.000000000000000000e+00 4.000000000000000000e+00
2.600037619729816640e+01 1.000000000000000000e+00 4.000000000000000000e+00
2.700037619729818061e+01 2.000000000000000000e+00 5.000000000000000000e+00
2.800037619729819482e+01 1.000000000000000000e+00 4.000000000000000000e+00
2.900037619729820904e+01 1.000000000000000000e+00 3.000000000000000000e+00
3.000037619729822325e+01 1.000000000000000000e+00 3.000000000000000000e+00
3.100037619729823746e+01 4.000000000000000000e+00 4.000000000000000000e+00
3.200037619729825167e+01 2.000000000000000000e+00 2.000000000000000000e+00
3.300037619729826588e+01 3.000000000000000000e+00 4.000000000000000000e+00
3.400037619729828009e+01 2.000000000000000000e+00 3.000000000000000000e+00
3.500012336416629921e+01 3.000000000000000000e+00 4.000000000000000000e+00
3.600037619729830851e+01 4.000000000000000000e+00 3.000000000000000000e+00
3.700037619729832272e+01 3.000000000000000000e+00 3.000000000000000000e+00
3.800037619729833693e+01 4.000000000000000000e+00 2.000000000000000000e+00
3.900012402684522783e+01 5.000000000000000000e+00 2.000000000000000000e+00
4.000037619729836535e+01 6.000000000000000000e+00 2.000000000000000000e+00
4.100000391268547872e+01 9.000000000000000000e+00 2.000000000000000000e+00
4.200013917174842959e+01 9.000000000000000000e+00 0.000000000000000000e+00
4.300037619729840799e+01 9.000000000000000000e+00 0.000000000000000000e+00
4.400037619729842220e+01 1.100000000000000000e+01 2.000000000000000000e+00
4.500037619729843641e+01 1.200000000000000000e+01 2.000000000000000000e+00
4.600037619729845062e+01 1.200000000000000000e+01 3.000000000000000000e+00
4.700037619729846483e+01 1.200000000000000000e+01 2.000000000000000000e+00
4.800037619729847904e+01 1.400000000000000000e+01 4.000000000000000000e+00
4.900037619729849325e+01 1.400000000000000000e+01 4.000000000000000000e+00
5.000037619729850746e+01 1.500000000000000000e+01 4.000000000000000000e+00
5.100037619729852167e+01 1.400000000000000000e+01 3.000000000000000000e+00
5.200037619729853589e+01 1.500000000000000000e+01 5.000000000000000000e+00
5.300037619729855010e+01 1.600000000000000000e+01 5.000000000000000000e+00
5.400037619729856431e+01 1.300000000000000000e+01 6.000000000000000000e+00
5.500014338863065433e+01 1.400000000000000000e+01 8.000000000000000000e+00
5.600037619729859273e+01 1.400000000000000000e+01 8.000000000000000000e+00
5.700037619729860694e+01 1.400000000000000000e+01 8.000000000000000000e+00
5.800037619729862115e+01 1.400000000000000000e+01 7.000000000000000000e+00
5.900037619729863536e+01 1.400000000000000000e+01 6.000000000000000000e+00
6.000014807476635070e+01 1.500000000000000000e+01 5.000000000000000000e+00
6.100037619729866378e+01 1.400000000000000000e+01 4.000000000000000000e+00
6.200037619729867799e+01 1.200000000000000000e+01 4.000000000000000000e+00
6.300037619729869220e+01 1.200000000000000000e+01 3.000000000000000000e+00
6.400037619729870642e+01 1.300000000000000000e+01 3.000000000000000000e+00
6.500037619729864957e+01 1.500000000000000000e+01 3.000000000000000000e+00
6.600037619729859273e+01 1.500000000000000000e+01 3.000000000000000000e+00
6.700037619729853589e+01 1.500000000000000000e+01 3.000000000000000000e+00
6.800037619729847904e+01 1.600000000000000000e+01 3.000000000000000000e+00
6.900037619729842220e+01 1.700000000000000000e+01 2.000000000000000000e+00
7.000037619729836535e+01 1.500000000000000000e+01 2.000000000000000000e+00
7.100037619729830851e+01 1.400000000000000000e+01 1.000000000000000000e+00
7.200037619729825167e+01 1.400000000000000000e+01 1.000000000000000000e+00
7.300025597956170031e+01 1.600000000000000000e+01 3.000000000000000000e+00
7.400037619729813798e+01 1.600000000000000000e+01 2.000000000000000000e+00
7.500037619729808114e+01 1.500000000000000000e+01 2.000000000000000000e+00
7.600037619729802429e+01 1.500000000000000000e+01 2.000000000000000000e+00
7.700037619729796745e+01 1.500000000000000000e+01 2.000000000000000000e+00
7.800037619729791061e+01 1.600000000000000000e+01 2.000000000000000000e+00
7.900037619729785376e+01 1.700000000000000000e+01 3.000000000000000000e+00
8.000037619729779692e+01 1.700000000000000000e+01 3.000000000000000000e+00
8.100037619729774008e+01 1.600000000000000000e+01 2.000000000000000000e+00
8.200036101741146410e+01 1.600000000000000000e+01 2.000000000000000000e+00
8.300037619729762639e+01 1.700000000000000000e+01 2.000000000000000000e+00
8.400037619729756955e+01 1.600000000000000000e+01 2.000000000000000000e+00
8.500037619729751270e+01 1.700000000000000000e+01 3.000000000000000000e+00
8.600037619729745586e+01 1.700000000000000000e+01 3.000000000000000000e+00
8.700037619729739902e+01 1.700000000000000000e+01 5.000000000000000000e+00
8.800037619729734217e+01 1.700000000000000000e+01 5.000000000000000000e+00
8.900037619729728533e+01 2.000000000000000000e+01 7.000000000000000000e+00
9.000037619729722849e+01 1.500000000000000000e+01 7.000000000000000000e+00
9.100037619729717164e+01 1.500000000000000000e+01 8.000000000000000000e+00
9.200037619729711480e+01 1.300000000000000000e+01 9.000000000000000000e+00
9.300033376769408733e+01 1.100000000000000000e+01 1.000000000000000000e+01
9.400037619729700111e+01 1.200000000000000000e+01 1.000000000000000000e+01
9.500037619729694427e+01 1.200000000000000000e+01 1.100000000000000000e+01
9.600037619729688743e+01 1.300000000000000000e+01 1.200000000000000000e+01
9.700037619729683058e+01 1.200000000000000000e+01 1.200000000000000000e+01
9.800037619729677374e+01 1.200000000000000000e+01 1.200000000000000000e+01
9.900037619729671690e+01 1.400000000000000000e+01 1.400000000000000000e+01
1.000003761972966601e+02 1.400000000000000000e+01 1.400000000000000000e+01
1.010003761972966032e+02 1.300000000000000000e+01 1.400000000000000000e+01
1.020003761972965464e+02 1.400000000000000000e+01 1.500000000000000000e+01
1.030003761972964895e+02 1.200000000000000000e+01 1.500000000000000000e+01
1.040003761972964327e+02 1.100000000000000000e+01 1.500000000000000000e+01
1.050003761972963758e+02 9.000000000000000000e+00 1.700000000000000000e+01
1.060003761972963190e+02 1.000000000000000000e+01 1.800000000000000000e+01
1.070003761972962621e+02 1.000000000000000000e+01 2.000000000000000000e+01
1.080003761972962053e+02 9.000000000000000000e+00 2.100000000000000000e+01
1.090003761972961485e+02 9.000000000000000000e+00 2.100000000000000000e+01
1.100003761972960916e+02 9.000000000000000000e+00 2.200000000000000000e+01
1.110003761972960348e+02 9.000000000000000000e+00 2.000000000000000000e+01
1.120003761972959779e+02 6.000000000000000000e+00 1.700000000000000000e+01
1.130003761972959211e+02 3.000000000000000000e+00 1.600000000000000000e+01
1.140003761972958642e+02 3.000000000000000000e+00 1.700000000000000000e+01
1.150003761972958074e+02 4.000000000000000000e+00 1.600000000000000000e+01
1.160003761972957506e+02 5.000000000000000000e+00 1.700000000000000000e+01
1.170003761972956937e+02 6.000000000000000000e+00 1.700000000000000000e+01
1.180003761972956369e+02 4.000000000000000000e+00 1.700000000000000000e+01
1.190003761972955800e+02 3.000000000000000000e+00 1.700000000000000000e+01
1.200003761972955232e+02 2.000000000000000000e+00 1.800000000000000000e+01
1.210003761972954663e+02 3.000000000000000000e+00 1.600000000000000000e+01
1.220003761972954095e+02 3.000000000000000000e+00 1.700000000000000000e+01
1.230001072492218981e+02 3.000000000000000000e+00 1.500000000000000000e+01
1.240003761972952958e+02 1.000000000000000000e+00 1.600000000000000000e+01
1.250003761972952390e+02 3.000000000000000000e+00 1.500000000000000000e+01
1.260003761972951821e+02 3.000000000000000000e+00 1.600000000000000000e+01
1.270003761972951253e+02 3.000000000000000000e+00 1.600000000000000000e+01
1.280003761972950826e+02 4.000000000000000000e+00 1.700000000000000000e+01
1.290003761972950258e+02 6.000000000000000000e+00 1.800000000000000000e+01
1.300003761972949690e+02 6.000000000000000000e+00 1.700000000000000000e+01
1.310003761972949121e+02 6.000000000000000000e+00 1.400000000000000000e+01
1.320003761972948553e+02 6.000000000000000000e+00 1.300000000000000000e+01
1.330003761972947984e+02 6.000000000000000000e+00 1.000000000000000000e+01
1.340002303225156481e+02 6.000000000000000000e+00 9.000000000000000000e+00
1.350003761972946847e+02 6.000000000000000000e+00 9.000000000000000000e+00
1.360003761972946279e+02 6.000000000000000000e+00 9.000000000000000000e+00
1.370003761972945711e+02 4.000000000000000000e+00 1.100000000000000000e+01
1.380003761972945142e+02 4.000000000000000000e+00 1.100000000000000000e+01
1.390003761972944574e+02 4.000000000000000000e+00 1.000000000000000000e+01
1.400003761972944005e+02 5.000000000000000000e+00 1.000000000000000000e+01
1.410003761972943437e+02 3.000000000000000000e+00 1.100000000000000000e+01
1.420003761972942868e+02 3.000000000000000000e+00 1.000000000000000000e+01
1.430003761972942300e+02 4.000000000000000000e+00 1.000000000000000000e+01
1.440003761972941732e+02 4.000000000000000000e+00 1.100000000000000000e+01
1.450003761972941163e+02 4.000000000000000000e+00 1.200000000000000000e+01
1.460003761972940595e+02 6.000000000000000000e+00 1.300000000000000000e+01
1.470003761972940026e+02 6.000000000000000000e+00 1.300000000000000000e+01
1.480002511273686707e+02 7.000000000000000000e+00 1.500000000000000000e+01
1.490003761972938889e+02 7.000000000000000000e+00 1.200000000000000000e+01
1.500003761972938321e+02 8.000000000000000000e+00 1.100000000000000000e+01
1.510003761972937752e+02 9.000000000000000000e+00 8.000000000000000000e+00
1.520003761972937184e+02 9.000000000000000000e+00 7.000000000000000000e+00
1.530003761972936616e+02 1.200000000000000000e+01 6.000000000000000000e+00
1.540003761972936047e+02 1.100000000000000000e+01 7.000000000000000000e+00
1.550003761972935479e+02 1.000000000000000000e+01 8.000000000000000000e+00
1.560003761972934910e+02 1.100000000000000000e+01 9.000000000000000000e+00
1.570003761972934342e+02 1.300000000000000000e+01 1.000000000000000000e+01
1.580003761972933773e+02 1.300000000000000000e+01 1.100000000000000000e+01
1.590003761972933205e+02 1.500000000000000000e+01 1.000000000000000000e+01
1.600003761972932637e+02 1.700000000000000000e+01 1.100000000000000000e+01
1.610003761972932068e+02 1.600000000000000000e+01 1.100000000000000000e+01
1.620003761972931500e+02 1.600000000000000000e+01 1.000000000000000000e+01
1.630003761972930931e+02 1.500000000000000000e+01 1.000000000000000000e+01
1.640003761972930363e+02 1.500000000000000000e+01 1.100000000000000000e+01
1.650003761972929794e+02 1.200000000000000000e+01 1.100000000000000000e+01
1.660003761972929226e+02 1.300000000000000000e+01 1.400000000000000000e+01
1.670003761972928658e+02 1.200000000000000000e+01 1.300000000000000000e+01
1.680003761972928089e+02 1.300000000000000000e+01 1.400000000000000000e+01
1.690003761972927521e+02 1.200000000000000000e+01 1.500000000000000000e+01
1.700003761972926952e+02 1.200000000000000000e+01 1.400000000000000000e+01
1.710003761972926384e+02 1.200000000000000000e+01 1.500000000000000000e+01
1.720003761972925815e+02 1.300000000000000000e+01 1.600000000000000000e+01
1.730003761972925247e+02 1.400000000000000000e+01 1.700000000000000000e+01
1.740003761972924679e+02 1.200000000000000000e+01 1.700000000000000000e+01
1.750003761972924110e+02 1.100000000000000000e+01 1.900000000000000000e+01
1.760003761972923542e+02 9.000000000000000000e+00 1.900000000000000000e+01
1.770003761972922973e+02 6.000000000000000000e+00 2.000000000000000000e+01
1.780003761972922405e+02 5.000000000000000000e+00 2.100000000000000000e+01
1.790003761972921836e+02 5.000000000000000000e+00 1.900000000000000000e+01
1.800003761972921268e+02 4.000000000000000000e+00 1.800000000000000000e+01
1.810003761972920699e+02 2.000000000000000000e+00 1.800000000000000000e+01
1.820003761972920131e+02 3.000000000000000000e+00 1.700000000000000000e+01
1.830003761972919563e+02 1.000000000000000000e+00 1.700000000000000000e+01
1.840003761972918994e+02 1.000000000000000000e+00 1.600000000000000000e+01
1.850003761972918426e+02 4.000000000000000000e+00 1.800000000000000000e+01
1.860003761972917857e+02 3.000000000000000000e+00 2.000000000000000000e+01
1.870003761972917289e+02 3.000000000000000000e+00 2.000000000000000000e+01
1.880003761972916720e+02 5.000000000000000000e+00 2.000000000000000000e+01
1.890003761972916152e+02 4.000000000000000000e+00 2.000000000000000000e+01
1.900003761972915584e+02 4.000000000000000000e+00 1.800000000000000000e+01
1.910000253652729043e+02 4.000000000000000000e+00 1.500000000000000000e+01
1.920003761972914447e+02 5.000000000000000000e+00 1.400000000000000000e+01
1.930003761972913878e+02 6.000000000000000000e+00 1.300000000000000000e+01
1.940003761972913310e+02 6.000000000000000000e+00 1.300000000000000000e+01
1.950001010324421031e+02 7.000000000000000000e+00 1.400000000000000000e+01
1.960003761972912173e+02 9.000000000000000000e+00 1.600000000000000000e+01
1.970003761972911605e+02 1.000000000000000000e+01 1.600000000000000000e+01
1.980003761972911036e+02 1.000000000000000000e+01 1.700000000000000000e+01
1.990003761972910468e+02 1.000000000000000000e+01 1.700000000000000000e+01
2.000003761972909899e+02 1.000000000000000000e+01 1.700000000000000000e+01
2.010003761972909331e+02 1.000000000000000000e+01 1.600000000000000000e+01
2.020003761972908762e+02 1.100000000000000000e+01 1.700000000000000000e+01
2.030003761972908194e+02 1.100000000000000000e+01 1.700000000000000000e+01
2.040003761972907625e+02 1.200000000000000000e+01 1.700000000000000000e+01
2.050003761972907057e+02 1.300000000000000000e+01 1.800000000000000000e+01
2.060003761972906489e+02 1.400000000000000000e+01 1.900000000000000000e+01
2.070003761972905920e+02 1.500000000000000000e+01 1.900000000000000000e+01
2.080003761972905352e+02 1.500000000000000000e+01 1.800000000000000000e+01
2.090002506836156329e+02 1.500000000000000000e+01 1.500000000000000000e+01
2.100003761972904215e+02 1.500000000000000000e+01 1.500000000000000000e+01
2.110003761972903646e+02 1.500000000000000000e+01 1.500000000000000000e+01
2.120003761972903078e+02 1.500000000000000000e+01 1.600000000000000000e+01
2.130003761972902510e+02 1.500000000000000000e+01 1.800000000000000000e+01
2.140003761972901941e+02 1.500000000000000000e+01 1.900000000000000000e+01
2.150003761972901373e+02 1.700000000000000000e+01 1.900000000000000000e+01
2.160000382104439609e+02 1.700000000000000000e+01 1.800000000000000000e+01
2.170003150873095592e+02 1.700000000000000000e+01 1.800000000000000000e+01
2.180003761972899667e+02 1.800000000000000000e+01 1.400000000000000000e+01
2.190003734420333501e+02 2.000000000000000000e+01 1.200000000000000000e+01
2.200002495379049492e+02 2.100000000000000000e+01 1.200000000000000000e+01
2.210003761972897962e+02 2.000000000000000000e+01 1.100000000000000000e+01
2.220003761972897394e+02 1.900000000000000000e+01 1.100000000000000000e+01
2.230003761972896825e+02 1.700000000000000000e+01 1.000000000000000000e+01
2.240003761972896257e+02 1.700000000000000000e+01 1.200000000000000000e+01
2.250003761972895688e+02 1.900000000000000000e+01 1.000000000000000000e+01
2.260001839998992921e+02 2.200000000000000000e+01 1.100000000000000000e+01
2.270003761972894551e+02 2.200000000000000000e+01 1.000000000000000000e+01
2.280003761972893983e+02 2.300000000000000000e+01 1.100000000000000000e+01
2.290003761972893415e+02 2.300000000000000000e+01 1.200000000000000000e+01
2.300003761972892846e+02 2.400000000000000000e+01 1.200000000000000000e+01
2.310003761972892278e+02 2.200000000000000000e+01 1.300000000000000000e+01
2.320001258897079879e+02 2.200000000000000000e+01 1.600000000000000000e+01
2.330003761972891141e+02 2.200000000000000000e+01 1.600000000000000000e+01
2.340003761972890572e+02 2.200000000000000000e+01 2.100000000000000000e+01
2.350003761972890004e+02 2.300000000000000000e+01 2.200000000000000000e+01
2.360003761972889436e+02 2.100000000000000000e+01 1.900000000000000000e+01
2.370003761972888867e+02 2.000000000000000000e+01 1.700000000000000000e+01
2.380003761972888299e+02 1.800000000000000000e+01 1.200000000000000000e+01
2.390003761972887730e+02 1.900000000000000000e+01 1.100000000000000000e+01
2.400003761972887162e+02 1.900000000000000000e+01 1.200000000000000000e+01
2.410003761972886593e+02 1.900000000000000000e+01 1.500000000000000000e+01
2.420003761972886025e+02 1.900000000000000000e+01 1.500000000000000000e+01
2.430003761972885457e+02 1.900000000000000000e+01 1.500000000000000000e+01
2.440003761972884888e+02 1.800000000000000000e+01 1.500000000000000000e+01
2.450003761972884320e+02 1.400000000000000000e+01 1.500000000000000000e+01
2.460003761972883751e+02 1.100000000000000000e+01 1.500000000000000000e+01
2.470003761972883183e+02 1.300000000000000000e+01 1.500000000000000000e+01
2.480003761972882614e+02 1.100000000000000000e+01 1.500000000000000000e+01
2.490003761972882046e+02 1.200000000000000000e+01 1.600000000000000000e+01
2.500003761972881478e+02 1.300000000000000000e+01 1.700000000000000000e+01
2.510003761972880909e+02 1.300000000000000000e+01 1.900000000000000000e+01
2.520003761972880341e+02 1.200000000000000000e+01 2.000000000000000000e+01
2.530003761972879772e+02 1.100000000000000000e+01 2.100000000000000000e+01
2.540003761972879204e+02 1.200000000000000000e+01 2.100000000000000000e+01
2.550003761972878635e+02 1.200000000000000000e+01 2.200000000000000000e+01
2.560003761972878351e+02 1.200000000000000000e+01 2.200000000000000000e+01
2.570003761972880625e+02 1.200000000000000000e+01 1.900000000000000000e+01
2.580003761972882899e+02 1.300000000000000000e+01 1.700000000000000000e+01
2.590003761972885172e+02 1.600000000000000000e+01 1.700000000000000000e+01
2.600003761972887446e+02 1.600000000000000000e+01 1.700000000000000000e+01
2.610003761972889720e+02 1.800000000000000000e+01 1.800000000000000000e+01
2.620003761972891994e+02 1.600000000000000000e+01 1.800000000000000000e+01
2.630003761972894267e+02 1.600000000000000000e+01 1.900000000000000000e+01
2.640001303579041405e+02 1.600000000000000000e+01 2.100000000000000000e+01
2.650003761972898815e+02 1.400000000000000000e+01 2.200000000000000000e+01
2.660003761972901088e+02 1.300000000000000000e+01 2.200000000000000000e+01
2.670003761972903362e+02 1.400000000000000000e+01 2.300000000000000000e+01
2.680003761972905636e+02 1.500000000000000000e+01 2.300000000000000000e+01
2.690003761972907910e+02 1.400000000000000000e+01 1.800000000000000000e+01
2.700003761972910183e+02 1.300000000000000000e+01 1.400000000000000000e+01
2.710003761972912457e+02 1.400000000000000000e+01 1.500000000000000000e+01
2.720003761972914731e+02 1.300000000000000000e+01 1.300000000000000000e+01
2.730003761972917005e+02 1.400000000000000000e+01 1.500000000000000000e+01
2.740003761972919278e+02 1.400000000000000000e+01 1.400000000000000000e+01
2.750003761972921552e+02 1.400000000000000000e+01 1.500000000000000000e+01
2.760003761972923826e+02 1.500000000000000000e+01 1.500000000000000000e+01
2.770003761972926100e+02 1.400000000000000000e+01 1.500000000000000000e+01
2.780003761972928373e+02 1.500000000000000000e+01 1.300000000000000000e+01
2.790003761972930647e+02 1.400000000000000000e+01 1.400000000000000000e+01
2.800003761972932921e+02 1.500000000000000000e+01 1.600000000000000000e+01
2.810003761972935195e+02 1.600000000000000000e+01 1.600000000000000000e+01
2.820003761972937468e+02 1.400000000000000000e+01 1.700000000000000000e+01
2.830003761972939742e+02 1.300000000000000000e+01 1.700000000000000000e+01
2.840003761972942016e+02 1.000000000000000000e+01 1.700000000000000000e+01
2.850003761972944289e+02 5.000000000000000000e+00 1.600000000000000000e+01
2.860003760538650113e+02 4.000000000000000000e+00 1.600000000000000000e+01
2.870003761972948837e+02 1.000000000000000000e+00 1.500000000000000000e+01
2.880003761972951111e+02 0.000000000000000000e+00 1.400000000000000000e+01
2.890003761972953384e+02 0.000000000000000000e+00 1.300000000000000000e+01
2.900003761972955658e+02 0.000000000000000000e+00 1.300000000000000000e+01
2.910003761972957932e+02 2.000000000000000000e+00 1.400000000000000000e+01
2.920003761972960206e+02 2.000000000000000000e+00 1.400000000000000000e+01
2.930003761972962479e+02 2.000000000000000000e+00 1.200000000000000000e+01
2.940003761972964753e+02 2.000000000000000000e+00 9.000000000000000000e+00
2.950003761972967027e+02 3.000000000000000000e+00 9.000000000000000000e+00
2.960003761972969301e+02 3.000000000000000000e+00 9.000000000000000000e+00
2.970003761972971574e+02 3.000000000000000000e+00 1.000000000000000000e+01
2.980003761972973848e+02 5.000000000000000000e+00 1.100000000000000000e+01
2.990003761972976122e+02 6.000000000000000000e+00 9.000000000000000000e+00
3.000000751134316488e+02 8.000000000000000000e+00 1.000000000000000000e+01
