0.000000000000000000e+00 0.000000000000000000e+00 0.000000000000000000e+00
1.000178264069407907e+00 0.000000000000000000e+00 0.000000000000000000e+00
2.000178264069408574e+00 0.000000000000000000e+00 0.000000000000000000e+00
3.000178264069409462e+00 1.000000000000000000e+00 1.000000000000000000e+00
4.000178264069409906e+00 2.000000000000000000e+00 2.000000000000000000e+00
5.000178264069406353e+00 2.000000000000000000e+00 2.000000000000000000e+00
6.000178264069402800e+00 3.000000000000000000e+00 3.000000000000000000e+00
7.000178264069399248e+00 3.000000000000000000e+00 3.000000000000000000e+00
8.000178264069395695e+00 3.000000000000000000e+00 3.000000000000000000e+00
9.000178264069392142e+00 3.000000000000000000e+00 3.000000000000000000e+00
1.000017826406938859e+01 5.000000000000000000e+00 5.000000000000000000e+00
1.100017826406938504e+01 5.000000000000000000e+00 5.000000000000000000e+00
1.200017826406938148e+01 5.000000000000000000e+00 5.000000000000000000e+00
1.300017826406937793e+01 5.000000000000000000e+00 5.000000000000000000e+00
1.400017826406937438e+01 5.000000000000000000e+00 5.000000000000000000e+00
1.500017826406937083e+01 5.000000000000000000e+00 5.000000000000000000e+00
1.600017826406936905e+01 8.000000000000000000e+00 8.000000000000000000e+00
1.700017826406938326e+01 8.000000000000000000e+00 8.000000000000000000e+00
1.800015546972910840e+01 9.000000000000000000e+00 9.000000000000000000e+00
1.900017826406941168e+01 1.000000000000000000e+01 1.000000000000000000e+01
2.000017826406942589e+01 1.100000000000000000e+01 1.200000000000000000e+01
2.100017826406944010e+01 1.200000000000000000e+01 1.300000000000000000e+01
2.200017826406945431e+01 1.200000000000000000e+01 1.200000000000000000e+01
2.300017826406946853e+01 1.200000000000000000e+01 1.200000000000000000e+01
2.400017826406948274e+01 1.300000000000000000e+01 1.000000000000000000e+01
2.500017826406949695e+01 1.300000000000000000e+01 8.000000000000000000e+00
2.600017826406951116e+01 1.100000000000000000e+01 7.000000000000000000e+00
2.700017826406952537e+01 9.000000000000000000e+00 7.000000000000000000e+00
2.800017826406953958e+01 1.100000000000000000e+01 9.000000000000000000e+00
2.900017826406955379e+01 1.300000000000000000e+01 1.100000000000000000e+01
3.000017826406956800e+01 1.500000000000000000e+01 1.200000000000000000e+01
3.100017826406958221e+01 1.500000000000000000e+01 1.200000000000000000e+01
3.200017826406959642e+01 1.500000000000000000e+01 1.300000000000000000e+01
3.300017826406961063e+01 1.200000000000000000e+01 1.200000000000000000e+01
3.400017826406962484e+01 1.100000000000000000e+01 1.200000000000000000e+01
3.500017826406963906e+01 1.000000000000000000e+01 1.000000000000000000e+01
3.600017826406965327e+01 9.000000000000000000e+00 9.000000000000000000e+00
3.700017826406966748e+01 7.000000000000000000e+00 8.000000000000000000e+00
3.800017826406968169e+01 7.000000000000000000e+00 6.000000000000000000e+00
3.900017826406969590e+01 8.000000000000000000e+00 7.000000000000000000e+00
4.000017826406971011e+01 7.000000000000000000e+00 5.000000000000000000e+00
4.100017826406972432e+01 8.000000000000000000e+00 5.000000000000000000e+00
4.200017826406973853e+01 9.000000000000000000e+00 4.000000000000000000e+00
4.300017826406975274e+01 1.000000000000000000e+01 5.000000000000000000e+00
4.400017826406976695e+01 1.000000000000000000e+01 4.000000000000000000e+00
4.500017826406978116e+01 9.000000000000000000e+00 4.000000000000000000e+00
4.600017826406979538e+01 7.000000000000000000e+00 4.000000000000000000e+00
4.700017826406980959e+01 6.000000000000000000e+00 4.000000000000000000e+00
4.800017826406982380e+01 7.000000000000000000e+00 4.000000000000000000e+00
4.900017826406983801e+01 7.000000000000000000e+00 5.000000000000000000e+00
5.000017826406985222e+01 6.000000000000000000e+00 5.000000000000000000e+00
5.100017826406986643e+01 6.000000000000000000e+00 5.000000000000000000e+00
5.200017826406988064e+01 6.000000000000000000e+00 6.000000000000000000e+00
5.300017826406989485e+01 7.000000000000000000e+00 7.000000000000000000e+00
5.400017826406990906e+01 9.000000000000000000e+00 8.000000000000000000e+00
5.500017826406992327e+01 1.000000000000000000e+01 1.000000000000000000e+01
5.600017826406993748e+01 1.100000000000000000e+01 8.000000000000000000e+00
5.700017826406995169e+01 1.100000000000000000e+01 5.000000000000000000e+00
5.800017826406996591e+01 1.200000000000000000e+01 1.000000000000000000e+00
5.900017826406998012e+01 1.300000000000000000e+01 0.000000000000000000e+00
6.000017826406999433e+01 1.300000000000000000e+01 0.000000000000000000e+00
6.100017826407000854e+01 1.300000000000000000e+01 0.000000000000000000e+00
6.200017826407002275e+01 1.400000000000000000e+01 1.000000000000000000e+00
6.300017826407003696e+01 1.400000000000000000e+01 1.000000000000000000e+00
6.400017826407004407e+01 1.500000000000000000e+01 3.000000000000000000e+00
6.500017826406998722e+01 1.500000000000000000e+01 3.000000000000000000e+00
6.600017826406993038e+01 1.600000000000000000e+01 2.000000000000000000e+00
6.700017826406987353e+01 1.500000000000000000e+01 1.000000000000000000e+00
6.800017826406981669e+01 1.600000000000000000e+01 1.000000000000000000e+00
6.900017826406975985e+01 1.400000000000000000e+01 1.000000000000000000e+00
7.000017826406970300e+01 1.400000000000000000e+01 3.000000000000000000e+00
7.100017826406964616e+01 1.400000000000000000e+01 3.000000000000000000e+00
7.200017826406958932e+01 1.300000000000000000e+01 4.000000000000000000e+00
7.300017826406953247e+01 1.200000000000000000e+01 4.000000000000000000e+00
7.400017826406947563e+01 1.200000000000000000e+01 4.000000000000000000e+00
7.500017826406941879e+01 1.400000000000000000e+01 5.000000000000000000e+00
7.600017826406936194e+01 1.300000000000000000e+01 5.000000000000000000e+00
7.700017826406930510e+01 1.300000000000000000e+01 5.000000000000000000e+00
7.800017826406924826e+01 1.300000000000000000e+01 5.000000000000000000e+00
7.900017826406919141e+01 1.300000000000000000e+01 5.000000000000000000e+00
8.000017826406913457e+01 1.300000000000000000e+01 5.000000000000000000e+00
8.100017826406907773e+01 8.000000000000000000e+00 5.000000000000000000e+00
8.200017826406902088e+01 6.000000000000000000e+00 5.000000000000000000e+00
8.300017826406896404e+01 5.000000000000000000e+00 5.000000000000000000e+00
8.400017826406890720e+01 6.000000000000000000e+00 7.000000000000000000e+00
8.500017826406885035e+01 6.000000000000000000e+00 8.000000000000000000e+00
8.600017826406879351e+01 5.000000000000000000e+00 9.000000000000000000e+00
8.700017826406873667e+01 4.000000000000000000e+00 1.100000000000000000e+01
8.800017826406867982e+01 3.000000000000000000e+00 1.100000000000000000e+01
8.900017826406862298e+01 3.000000000000000000e+00 1.100000000000000000e+01
9.000017826406856614e+01 3.000000000000000000e+00 1.100000000000000000e+01
9.100017826406850929e+01 2.000000000000000000e+00 1.100000000000000000e+01
9.200017826406845245e+01 2.000000000000000000e+00 1.100000000000000000e+01
9.300017826406839561e+01 2.000000000000000000e+00 1.100000000000000000e+01
9.400017826406833876e+01 2.000000000000000000e+00 1.100000000000000000e+01
9.500017826406828192e+01 3.000000000000000000e+00 1.100000000000000000e+01
9.600017826406822508e+01 4.000000000000000000e+00 9.000000000000000000e+00
9.700017826406816823e+01 4.000000000000000000e+00 8.000000000000000000e+00
9.800017826406811139e+01 5.000000000000000000e+00 7.000000000000000000e+00
9.900017826406805455e+01 6.000000000000000000e+00 7.000000000000000000e+00
1.000001782640679977e+02 7.000000000000000000e+00 8.000000000000000000e+00
1.010001782640679409e+02 7.000000000000000000e+00 7.000000000000000000e+00
1.020001782640678840e+02 7.000000000000000000e+00 6.000000000000000000e+00
1.030001782640678272e+02 8.000000000000000000e+00 7.000000000000000000e+00
1.040001782640677703e+02 8.000000000000000000e+00 3.000000000000000000e+00
1.050001782640677135e+02 7.000000000000000000e+00 3.000000000000000000e+00
1.060001782640676566e+02 7.000000000000000000e+00 2.000000000000000000e+00
1.070001782640675998e+02 8.000000000000000000e+00 2.000000000000000000e+00
1.080001782640675430e+02 1.000000000000000000e+01 3.000000000000000000e+00
1.090001782640674861e+02 8.000000000000000000e+00 4.000000000000000000e+00
1.100001782640674293e+02 9.000000000000000000e+00 5.000000000000000000e+00
1.110001782640673724e+02 8.000000000000000000e+00 5.000000000000000000e+00
1.120001782640673156e+02 9.000000000000000000e+00 6.000000000000000000e+00
1.130001782640672587e+02 9.000000000000000000e+00 5.000000000000000000e+00
1.140001782640672019e+02 9.000000000000000000e+00 6.000000000000000000e+00
1.150001782640671451e+02 9.000000000000000000e+00 6.000000000000000000e+00
1.160001782640670882e+02 9.000000000000000000e+00 6.000000000000000000e+00
1.170001782640670314e+02 1.100000000000000000e+01 5.000000000000000000e+00
1.180001782640669745e+02 1.100000000000000000e+01 4.000000000000000000e+00
1.190001782640669177e+02 1.200000000000000000e+01 6.000000000000000000e+00
1.200001782640668608e+02 1.200000000000000000e+01 8.000000000000000000e+00
1.210001782640668040e+02 1.200000000000000000e+01 4.000000000000000000e+00
1.220001782640667471e+02 1.100000000000000000e+01 4.000000000000000000e+00
1.230001782640666903e+02 1.200000000000000000e+01 6.000000000000000000e+00
1.240001782640666335e+02 1.100000000000000000e+01 4.000000000000000000e+00
1.250001782640665766e+02 1.100000000000000000e+01 4.000000000000000000e+00
1.260001782640665198e+02 1.100000000000000000e+01 6.000000000000000000e+00
1.270001782640664629e+02 1.300000000000000000e+01 8.000000000000000000e+00
1.280001782640664203e+02 1.400000000000000000e+01 8.000000000000000000e+00
1.290001782640663635e+02 1.500000000000000000e+01 8.000000000000000000e+00
1.300001782640663066e+02 1.600000000000000000e+01 8.000000000000000000e+00
1.310001782640662498e+02 1.200000000000000000e+01 7.000000000000000000e+00
1.320001782640661929e+02 8.000000000000000000e+00 9.000000000000000000e+00
1.330001782640661361e+02 9.000000000000000000e+00 9.000000000000000000e+00
1.340001782640660792e+02 8.000000000000000000e+00 9.000000000000000000e+00
1.350001782640660224e+02 7.000000000000000000e+00 9.000000000000000000e+00
1.360001782640659655e+02 7.000000000000000000e+00 9.000000000000000000e+00
1.370001782640659087e+02 7.000000000000000000e+00 1.200000000000000000e+01
1.380001782640658519e+02 7.000000000000000000e+00 1.200000000000000000e+01
1.390001782640657950e+02 8.000000000000000000e+00 1.300000000000000000e+01
1.400001782640657382e+02 7.000000000000000000e+00 1.500000000000000000e+01
1.410001782640656813e+02 7.000000000000000000e+00 1.500000000000000000e+01
1.420001782640656245e+02 6.000000000000000000e+00 1.600000000000000000e+01
1.430001782640655676e+02 7.000000000000000000e+00 1.500000000000000000e+01
1.440001782640655108e+02 6.000000000000000000e+00 1.600000000000000000e+01
1.450001782640654540e+02 7.000000000000000000e+00 1.700000000000000000e+01
1.460001782640653971e+02 8.000000000000000000e+00 1.800000000000000000e+01
1.470001782640653403e+02 8.000000000000000000e+00 1.600000000000000000e+01
1.480001782640652834e+02 9.000000000000000000e+00 1.700000000000000000e+01
1.490001782640652266e+02 8.000000000000000000e+00 1.700000000000000000e+01
1.500001782640651697e+02 9.000000000000000000e+00 1.400000000000000000e+01
1.510001782640651129e+02 9.000000000000000000e+00 1.100000000000000000e+01
1.520001782640650561e+02 1.000000000000000000e+01 1.200000000000000000e+01
1.530001782640649992e+02 1.200000000000000000e+01 1.000000000000000000e+01
1.540001782640649424e+02 1.100000000000000000e+01 9.000000000000000000e+00
1.550001782640648855e+02 8.000000000000000000e+00 7.000000000000000000e+00
1.560001782640648287e+02 6.000000000000000000e+00 4.000000000000000000e+00
1.570001782640647718e+02 7.000000000000000000e+00 4.000000000000000000e+00
1.580001782640647150e+02 8.000000000000000000e+00 4.000000000000000000e+00
1.590001782640646582e+02 7.000000000000000000e+00 2.000000000000000000e+00
1.600001782640646013e+02 7.000000000000000000e+00 3.000000000000000000e+00
1.610001782640645445e+02 7.000000000000000000e+00 2.000000000000000000e+00
1.620001782640644876e+02 7.000000000000000000e+00 3.000000000000000000e+00
1.630001782640644308e+02 8.000000000000000000e+00 4.000000000000000000e+00
1.640001782640643739e+02 6.000000000000000000e+00 5.000000000000000000e+00
1.650001782640643171e+02 4.000000000000000000e+00 3.000000000000000000e+00
1.660001782640642602e+02 3.000000000000000000e+00 4.000000000000000000e+00
1.670001782640642034e+02 2.000000000000000000e+00 4.000000000000000000e+00
1.680001782640641466e+02 2.000000000000000000e+00 5.000000000000000000e+00
1.690001782640640897e+02 2.000000000000000000e+00 5.000000000000000000e+00
1.700001782640640329e+02 3.000000000000000000e+00 5.000000000000000000e+00
1.710001782640639760e+02 5.000000000000000000e+00 7.000000000000000000e+00
1.720001782640639192e+02 5.000000000000000000e+00 6.000000000000000000e+00
1.730001782640638623e+02 5.000000000000000000e+00 7.000000000000000000e+00
1.740001782640638055e+02 6.000000000000000000e+00 6.000000000000000000e+00
1.750001782640637487e+02 7.000000000000000000e+00 6.000000000000000000e+00
1.760001782640636918e+02 9.000000000000000000e+00 7.000000000000000000e+00
1.770001782640636350e+02 1.200000000000000000e+01 1.000000000000000000e+01
1.780001782640635781e+02 1.200000000000000000e+01 1.000000000000000000e+01
1.790001782640635213e+02 1.200000000000000000e+01 1.000000000000000000e+01
1.800001782640634644e+02 1.400000000000000000e+01 1.000000000000000000e+01
1.810001782640634076e+02 1.500000000000000000e+01 8.000000000000000000e+00
1.820001782640633508e+02 1.500000000000000000e+01 6.000000000000000000e+00
1.830001782640632939e+02 1.500000000000000000e+01 7.000000000000000000e+00
1.840001782640632371e+02 1.400000000000000000e+01 6.000000000000000000e+00
1.850001782640631802e+02 1.000000000000000000e+01 7.000000000000000000e+00
1.860001782640631234e+02 9.000000000000000000e+00 8.000000000000000000e+00
1.870001782640630665e+02 9.000000000000000000e+00 8.000000000000000000e+00
1.880001782640630097e+02 8.000000000000000000e+00 9.000000000000000000e+00
1.890001782640629528e+02 8.000000000000000000e+00 1.000000000000000000e+01
1.900001782640628960e+02 8.000000000000000000e+00 1.000000000000000000e+01
1.910001782640628392e+02 8.000000000000000000e+00 1.000000000000000000e+01
1.920001782640627823e+02 1.000000000000000000e+01 1.300000000000000000e+01
1.930001782640627255e+02 9.000000000000000000e+00 1.500000000000000000e+01
1.940001782640626686e+02 9.000000000000000000e+00 1.700000000000000000e+01
1.950001782640626118e+02 1.100000000000000000e+01 1.800000000000000000e+01
1.960001782640625549e+02 1.000000000000000000e+01 1.700000000000000000e+01
1.970001782640624981e+02 1.100000000000000000e+01 1.700000000000000000e+01
1.980001782640624413e+02 1.200000000000000000e+01 1.600000000000000000e+01
1.990001782640623844e+02 1.300000000000000000e+01 1.700000000000000000e+01
2.000001782640623276e+02 1.200000000000000000e+01 1.600000000000000000e+01
2.010001438844864765e+02 1.300000000000000000e+01 1.600000000000000000e+01
2.020001782640622139e+02 1.100000000000000000e+01 1.700000000000000000e+01
2.030001782640621570e+02 1.100000000000000000e+01 1.700000000000000000e+01
2.040001782640621002e+02 1.100000000000000000e+01 1.700000000000000000e+01
2.050001782640620434e+02 1.200000000000000000e+01 1.800000000000000000e+01
2.060001782640619865e+02 1.300000000000000000e+01 1.800000000000000000e+01
2.070001782640619297e+02 1.400000000000000000e+01 1.500000000000000000e+01
2.080001782640618728e+02 1.400000000000000000e+01 1.400000000000000000e+01
2.090001782640618160e+02 1.300000000000000000e+01 1.300000000000000000e+01
2.100001782640617591e+02 1.200000000000000000e+01 1.200000000000000000e+01
2.110001782640617023e+02 1.100000000000000000e+01 9.000000000000000000e+00
2.120001782640616455e+02 1.000000000000000000e+01 8.000000000000000000e+00
2.130001782640615886e+02 1.000000000000000000e+01 6.000000000000000000e+00
2.140001782640615318e+02 1.000000000000000000e+01 4.000000000000000000e+00
2.150001782640614749e+02 1.000000000000000000e+01 3.000000000000000000e+00
2.160001782640614181e+02 1.100000000000000000e+01 3.000000000000000000e+00
2.170001782640613612e+02 1.300000000000000000e+01 4.000000000000000000e+00
2.180001782640613044e+02 1.200000000000000000e+01 3.000000000000000000e+00
2.190001782640612475e+02 1.200000000000000000e+01 5.000000000000000000e+00
2.200001782640611907e+02 1.200000000000000000e+01 6.000000000000000000e+00
2.210001782640611339e+02 1.300000000000000000e+01 6.000000000000000000e+00
2.220001782640610770e+02 1.400000000000000000e+01 8.000000000000000000e+00
2.230001782640610202e+02 1.500000000000000000e+01 8.000000000000000000e+00
2.240001782640609633e+02 1.600000000000000000e+01 6.000000000000000000e+00
2.250001782640609065e+02 1.700000000000000000e+01 6.000000000000000000e+00
2.260001782640608496e+02 1.600000000000000000e+01 8.000000000000000000e+00
2.270001782640607928e+02 1.500000000000000000e+01 7.000000000000000000e+00
2.280001782640607360e+02 1.500000000000000000e+01 7.000000000000000000e+00
2.290001782640606791e+02 1.600000000000000000e+01 6.000000000000000000e+00
2.300001782640606223e+02 1.700000000000000000e+01 7.000000000000000000e+00
2.310001782640605654e+02 1.700000000000000000e+01 8.000000000000000000e+00
2.320001782640605086e+02 1.700000000000000000e+01 8.000000000000000000e+00
2.330001782640604517e+02 1.700000000000000000e+01 6.000000000000000000e+00
2.340001782640603949e+02 1.800000000000000000e+01 6.000000000000000000e+00
2.350001782640603381e+02 1.700000000000000000e+01 6.000000000000000000e+00
2.360001782640602812e+02 1.900000000000000000e+01 7.000000000000000000e+00
2.370001782640602244e+02 1.900000000000000000e+01 6.000000000000000000e+00
2.380001782640601675e+02 1.900000000000000000e+01 5.000000000000000000e+00
2.390001782640601107e+02 1.100000000000000000e+01 4.000000000000000000e+00
2.400001782640600538e+02 9.000000000000000000e+00 5.000000000000000000e+00
2.410001782640599970e+02 8.000000000000000000e+00 5.000000000000000000e+00
2.420001782640599401e+02 1.000000000000000000e+01 6.000000000000000000e+00
2.430001782640598833e+02 5.000000000000000000e+00 6.000000000000000000e+00
2.440001782640598265e+02 5.000000000000000000e+00 8.000000000000000000e+00
2.450001782640597696e+02 6.000000000000000000e+00 9.000000000000000000e+00
2.460001782640597128e+02 7.000000000000000000e+00 1.000000000000000000e+01
2.470000733756348836e+02 7.000000000000000000e+00 8.000000000000000000e+00
2.480001782640595991e+02 8.000000000000000000e+00 7.000000000000000000e+00
2.490001782640595422e+02 9.000000000000000000e+00 7.000000000000000000e+00
2.500001782640594854e+02 9.000000000000000000e+00 1.000000000000000000e+01
2.510000742863227003e+02 1.000000000000000000e+01 8.000000000000000000e+00
2.520001782640593717e+02 1.000000000000000000e+01 8.000000000000000000e+00
2.530001782640593149e+02 1.000000000000000000e+01 1.000000000000000000e+01
2.540001782640592580e+02 1.100000000000000000e+01 8.000000000000000000e+00
2.550001782640592012e+02 1.200000000000000000e+01 1.000000000000000000e+01
2.560001782640591728e+02 1.200000000000000000e+01 9.000000000000000000e+00
2.570001782640594001e+02 1.100000000000000000e+01 1.000000000000000000e+01
2.580001782640596275e+02 9.000000000000000000e+00 1.000000000000000000e+01
2.590001782640598549e+02 8.000000000000000000e+00 1.200000000000000000e+01
2.600001782640600823e+02 1.100000000000000000e+01 1.100000000000000000e+01
2.610001043907208782e+02 9.000000000000000000e+00 1.100000000000000000e+01
2.620001782640605370e+02 9.000000000000000000e+00 1.100000000000000000e+01
2.630001782640607644e+02 9.000000000000000000e+00 1.100000000000000000e+01
2.640001782640609918e+02 8.000000000000000000e+00 1.200000000000000000e+01
2.650001782640612191e+02 9.000000000000000000e+00 1.300000000000000000e+01
2.660001782640614465e+02 9.000000000000000000e+00 1.300000000000000000e+01
2.670001782640616739e+02 1.000000000000000000e+01 1.400000000000000000e+01
2.680001782640619012e+02 9.000000000000000000e+00 1.400000000000000000e+01
2.690001782640621286e+02 8.000000000000000000e+00 1.400000000000000000e+01
2.700001782640623560e+02 8.000000000000000000e+00 1.500000000000000000e+01
2.710001782640625834e+02 9.000000000000000000e+00 1.700000000000000000e+01
2.720001782640628107e+02 8.000000000000000000e+00 1.500000000000000000e+01
2.730001782640630381e+02 9.000000000000000000e+00 1.600000000000000000e+01
2.740001782640632655e+02 9.000000000000000000e+00 1.600000000000000000e+01
2.750001782640634929e+02 1.000000000000000000e+01 1.500000000000000000e+01
2.760001782640637202e+02 1.000000000000000000e+01 1.400000000000000000e+01
2.770001782640639476e+02 1.000000000000000000e+01 1.400000000000000000e+01
2.780001782640641750e+02 1.100000000000000000e+01 1.400000000000000000e+01
2.790001782640644024e+02 1.300000000000000000e+01 1.500000000000000000e+01
2.800001782640646297e+02 1.500000000000000000e+01 1.800000000000000000e+01
2.810001782640648571e+02 1.300000000000000000e+01 1.800000000000000000e+01
2.820001782640650845e+02 1.400000000000000000e+01 1.700000000000000000e+01
2.830001782640653119e+02 1.400000000000000000e+01 1.700000000000000000e+01
2.840001782640655392e+02 1.300000000000000000e+01 1.700000000000000000e+01
2.850001782640657666e+02 1.300000000000000000e+01 1.800000000000000000e+01
2.860001782640659940e+02 1.400000000000000000e+01 1.800000000000000000e+01
2.870001782640662213e+02 1.700000000000000000e+01 1.700000000000000000e+01
2.880001782640664487e+02 1.400000000000000000e+01 1.500000000000000000e+01
2.890001782640666761e+02 1.700000000000000000e+01 1.400000000000000000e+01
2.900001782640669035e+02 1.500000000000000000e+01 1.300000000000000000e+01
2.910001782640671308e+02 1.400000000000000000e+01 1.300000000000000000e+01
2.920001782640673582e+02 1.200000000000000000e+01 1.300000000000000000e+01
2.930001782640675856e+02 1.200000000000000000e+01 1.200000000000000000e+01
2.940001782640678130e+02 1.200000000000000000e+01 1.200000000000000000e+01
2.950001782640680403e+02 1.300000000000000000e+01 1.200000000000000000e+01
2.960001622628819860e+02 1.300000000000000000e+01 1.300000000000000000e+01
2.970001782640684951e+02 1.400000000000000000e+01 1.300000000000000000e+01
2.980001782640687225e+02 1.400000000000000000e+01 1.300000000000000000e+01
2.990001782640689498e+02 1.600000000000000000e+01 1.300000000000000000e+01
3.000001782640691772e+02 1.600000000000000000e+01 1.200000000000000000e+01
