0.000000000000000000e+00 0.000000000000000000e+00 0.000000000000000000e+00
1.000319388636900175e+00 0.000000000000000000e+00 0.000000000000000000e+00
2.000693520139913861e+00 0.000000000000000000e+00 0.000000000000000000e+00
3.000693520139914749e+00 1.000000000000000000e+00 1.000000000000000000e+00
4.000693520139915194e+00 3.000000000000000000e+00 3.000000000000000000e+00
5.000693520139911641e+00 3.000000000000000000e+00 3.000000000000000000e+00
6.000693520139908088e+00 5.000000000000000000e+00 5.000000000000000000e+00
7.000693520139904535e+00 6.000000000000000000e+00 6.000000000000000000e+00
8.000693520139900983e+00 8.000000000000000000e+00 8.000000000000000000e+00
9.000693520139897430e+00 8.000000000000000000e+00 8.000000000000000000e+00
1.000069352013989388e+01 1.100000000000000000e+01 1.100000000000000000e+01
1.100069352013989032e+01 1.200000000000000000e+01 1.200000000000000000e+01
1.200069352013988677e+01 1.300000000000000000e+01 1.300000000000000000e+01
1.300069352013988322e+01 1.300000000000000000e+01 1.300000000000000000e+01
1.400069352013987967e+01 1.300000000000000000e+01 1.300000000000000000e+01
1.500025461674081484e+01 7.000000000000000000e+00 7.000000000000000000e+00
1.600006743755832872e+01 5.000000000000000000e+00 4.000000000000000000e+00
1.700069352013988677e+01 5.000000000000000000e+00 4.000000000000000000e+00
1.800069352013990098e+01 6.000000000000000000e+00 5.000000000000000000e+00
1.900069352013991519e+01 5.000000000000000000e+00 4.000000000000000000e+00
2.000069352013992940e+01 4.000000000000000000e+00 3.000000000000000000e+00
2.100069352013994362e+01 2.000000000000000000e+00 3.000000000000000000e+00
2.200062737219423070e+01 2.000000000000000000e+00 3.000000000000000000e+00
2.300069352013997204e+01 1.000000000000000000e+00 3.000000000000000000e+00
2.400056963394400356e+01 1.000000000000000000e+00 2.000000000000000000e+00
2.500069352014000046e+01 2.000000000000000000e+00 2.000000000000000000e+00
2.600069352014001467e+01 2.000000000000000000e+00 2.000000000000000000e+00
2.700069352014002888e+01 4.000000000000000000e+00 4.000000000000000000e+00
2.800069352014004309e+01 7.000000000000000000e+00 4.000000000000000000e+00
2.900033150203396914e+01 7.000000000000000000e+00 2.000000000000000000e+00
3.000069352014007151e+01 9.000000000000000000e+00 4.000000000000000000e+00
3.100069352014008572e+01 9.000000000000000000e+00 3.000000000000000000e+00
3.200069352014009638e+01 1.100000000000000000e+01 4.000000000000000000e+00
3.300065379264275833e+01 1.000000000000000000e+01 4.000000000000000000e+00
3.400069352014012480e+01 1.100000000000000000e+01 5.000000000000000000e+00
3.500069352014013901e+01 1.000000000000000000e+01 5.000000000000000000e+00
3.600069352014015323e+01 1.000000000000000000e+01 5.000000000000000000e+00
3.700069352014016744e+01 1.000000000000000000e+01 4.000000000000000000e+00
3.800069352014018165e+01 1.000000000000000000e+01 5.000000000000000000e+00
3.900069352014019586e+01 1.200000000000000000e+01 6.000000000000000000e+00
4.000069352014021007e+01 1.200000000000000000e+01 5.000000000000000000e+00
4.100069352014022428e+01 1.400000000000000000e+01 7.000000000000000000e+00
4.200069352014023849e+01 1.500000000000000000e+01 7.000000000000000000e+00
4.300069352014025270e+01 1.700000000000000000e+01 9.000000000000000000e+00
4.400069352014026691e+01 1.700000000000000000e+01 9.000000000000000000e+00
4.500015582629064426e+01 1.800000000000000000e+01 9.000000000000000000e+00
4.600069352014029533e+01 1.700000000000000000e+01 1.000000000000000000e+01
4.700069352014030954e+01 1.900000000000000000e+01 1.200000000000000000e+01
4.800042472821971273e+01 1.800000000000000000e+01 1.100000000000000000e+01
4.900069352014033797e+01 1.800000000000000000e+01 9.000000000000000000e+00
5.000069352014035218e+01 1.700000000000000000e+01 1.000000000000000000e+01
5.100069352014036639e+01 1.900000000000000000e+01 1.200000000000000000e+01
5.200024059797572562e+01 1.900000000000000000e+01 1.100000000000000000e+01
5.300069352014039481e+01 1.800000000000000000e+01 6.000000000000000000e+00
5.400069352014040902e+01 1.400000000000000000e+01 6.000000000000000000e+00
5.500069352014042323e+01 1.400000000000000000e+01 7.000000000000000000e+00
5.600019446111468113e+01 1.700000000000000000e+01 9.000000000000000000e+00
5.700069352014045165e+01 1.600000000000000000e+01 9.000000000000000000e+00
5.800069352014046586e+01 1.700000000000000000e+01 1.000000000000000000e+01
5.900069352014048008e+01 1.700000000000000000e+01 8.000000000000000000e+00
6.000024780150215520e+01 1.600000000000000000e+01 6.000000000000000000e+00
6.100069352014050850e+01 1.500000000000000000e+01 7.000000000000000000e+00
6.200069352014052271e+01 1.300000000000000000e+01 7.000000000000000000e+00
6.300069352014053692e+01 1.300000000000000000e+01 5.000000000000000000e+00
6.400069352014054402e+01 1.400000000000000000e+01 5.000000000000000000e+00
6.500069352014048718e+01 1.500000000000000000e+01 7.000000000000000000e+00
6.600069352014043034e+01 1.700000000000000000e+01 8.000000000000000000e+00
6.700069352014037349e+01 1.800000000000000000e+01 9.000000000000000000e+00
6.800069352014031665e+01 1.900000000000000000e+01 8.000000000000000000e+00
6.900069352014025981e+01 1.900000000000000000e+01 6.000000000000000000e+00
7.000069352014020296e+01 2.000000000000000000e+01 6.000000000000000000e+00
7.100069352014014612e+01 2.000000000000000000e+01 6.000000000000000000e+00
7.200069352014008928e+01 2.000000000000000000e+01 6.000000000000000000e+00
7.300069352014003243e+01 2.000000000000000000e+01 7.000000000000000000e+00
7.400069352013997559e+01 2.000000000000000000e+01 7.000000000000000000e+00
7.500069352013991875e+01 2.000000000000000000e+01 7.000000000000000000e+00
7.600069352013986190e+01 2.300000000000000000e+01 6.000000000000000000e+00
7.700069352013980506e+01 2.200000000000000000e+01 6.000000000000000000e+00
7.800069352013974822e+01 2.100000000000000000e+01 6.000000000000000000e+00
7.900069352013969137e+01 1.800000000000000000e+01 6.000000000000000000e+00
8.000058468794313171e+01 1.600000000000000000e+01 6.000000000000000000e+00
8.100036915143833482e+01 1.400000000000000000e+01 6.000000000000000000e+00
8.200069352013952084e+01 1.500000000000000000e+01 6.000000000000000000e+00
8.300069352013946400e+01 1.300000000000000000e+01 7.000000000000000000e+00
8.400069352013940716e+01 1.100000000000000000e+01 7.000000000000000000e+00
8.500069352013935031e+01 1.300000000000000000e+01 8.000000000000000000e+00
8.600069352013929347e+01 1.100000000000000000e+01 7.000000000000000000e+00
8.700069352013923663e+01 1.300000000000000000e+01 8.000000000000000000e+00
8.800069352013917978e+01 1.300000000000000000e+01 9.000000000000000000e+00
8.900069352013912294e+01 1.300000000000000000e+01 9.000000000000000000e+00
9.000069352013906609e+01 1.300000000000000000e+01 8.000000000000000000e+00
9.100069352013900925e+01 1.300000000000000000e+01 8.000000000000000000e+00
9.200006389013796593e+01 1.300000000000000000e+01 8.000000000000000000e+00
9.300069352013889556e+01 1.100000000000000000e+01 7.000000000000000000e+00
9.400069352013883872e+01 1.000000000000000000e+01 9.000000000000000000e+00
9.500069352013878188e+01 1.000000000000000000e+01 9.000000000000000000e+00
9.600069352013872503e+01 9.000000000000000000e+00 9.000000000000000000e+00
9.700069352013866819e+01 9.000000000000000000e+00 6.000000000000000000e+00
9.800021913393263162e+01 1.100000000000000000e+01 8.000000000000000000e+00
9.900069352013855450e+01 1.300000000000000000e+01 1.000000000000000000e+01
1.000006935201384977e+02 1.300000000000000000e+01 8.000000000000000000e+00
1.010006935201384408e+02 1.300000000000000000e+01 8.000000000000000000e+00
1.020006456439164140e+02 1.300000000000000000e+01 6.000000000000000000e+00
1.030006935201383271e+02 1.300000000000000000e+01 5.000000000000000000e+00
1.040006935201382703e+02 1.400000000000000000e+01 6.000000000000000000e+00
1.050006935201382134e+02 1.300000000000000000e+01 6.000000000000000000e+00
1.060006935201381566e+02 1.300000000000000000e+01 5.000000000000000000e+00
1.070000685248753740e+02 1.100000000000000000e+01 4.000000000000000000e+00
1.080006935201380429e+02 1.200000000000000000e+01 5.000000000000000000e+00
1.090006935201379861e+02 1.300000000000000000e+01 6.000000000000000000e+00
1.100006935201379292e+02 1.300000000000000000e+01 6.000000000000000000e+00
1.110006935201378724e+02 1.300000000000000000e+01 6.000000000000000000e+00
1.120002200170222721e+02 1.200000000000000000e+01 4.000000000000000000e+00
1.130003934387964222e+02 1.100000000000000000e+01 2.000000000000000000e+00
1.140006935201377019e+02 1.100000000000000000e+01 3.000000000000000000e+00
1.150006935201376450e+02 1.100000000000000000e+01 2.000000000000000000e+00
1.160006935201375882e+02 1.100000000000000000e+01 2.000000000000000000e+00
1.170006935201375313e+02 1.100000000000000000e+01 2.000000000000000000e+00
1.180002091038163314e+02 1.100000000000000000e+01 2.000000000000000000e+00
1.190006935201374176e+02 1.200000000000000000e+01 4.000000000000000000e+00
1.200006935201373608e+02 1.300000000000000000e+01 8.000000000000000000e+00
1.210006935201373039e+02 1.600000000000000000e+01 1.100000000000000000e+01
1.220006935201372471e+02 1.700000000000000000e+01 1.200000000000000000e+01
1.230006935201371903e+02 1.700000000000000000e+01 1.100000000000000000e+01
1.240006935201371334e+02 1.900000000000000000e+01 1.000000000000000000e+01
1.250006935201370766e+02 1.800000000000000000e+01 9.000000000000000000e+00
1.260006935201370197e+02 1.400000000000000000e+01 1.000000000000000000e+01
1.270006935201369629e+02 1.400000000000000000e+01 1.000000000000000000e+01
1.280001752558399062e+02 1.500000000000000000e+01 9.000000000000000000e+00
1.290006935201368492e+02 1.500000000000000000e+01 9.000000000000000000e+00
1.300006935201367924e+02 1.400000000000000000e+01 1.000000000000000000e+01
1.310006935201367355e+02 1.300000000000000000e+01 1.100000000000000000e+01
1.320000949482324870e+02 1.200000000000000000e+01 1.100000000000000000e+01
1.330006935201366218e+02 1.200000000000000000e+01 1.100000000000000000e+01
1.340006935201365650e+02 1.000000000000000000e+01 1.100000000000000000e+01
1.350006935201365081e+02 1.000000000000000000e+01 1.100000000000000000e+01
1.360006935201364513e+02 1.000000000000000000e+01 1.100000000000000000e+01
1.370006935201363945e+02 9.000000000000000000e+00 1.200000000000000000e+01
1.380006935201363376e+02 9.000000000000000000e+00 1.300000000000000000e+01
1.390006935201362808e+02 8.000000000000000000e+00 1.300000000000000000e+01
1.400006935201362239e+02 8.000000000000000000e+00 1.300000000000000000e+01
1.410006935201361671e+02 6.000000000000000000e+00 1.400000000000000000e+01
1.420006935201361102e+02 5.000000000000000000e+00 1.400000000000000000e+01
1.430006935201360534e+02 4.000000000000000000e+00 1.600000000000000000e+01
1.440006935201359966e+02 4.000000000000000000e+00 1.600000000000000000e+01
1.450006935201359397e+02 3.000000000000000000e+00 1.600000000000000000e+01
1.460006935201358829e+02 4.000000000000000000e+00 1.600000000000000000e+01
1.470006935201358260e+02 6.000000000000000000e+00 1.700000000000000000e+01
1.480006935201357692e+02 6.000000000000000000e+00 1.500000000000000000e+01
1.490006935201357123e+02 5.000000000000000000e+00 1.500000000000000000e+01
1.500006935201356555e+02 5.000000000000000000e+00 1.400000000000000000e+01
1.510006935201355986e+02 6.000000000000000000e+00 1.100000000000000000e+01
1.520006935201355418e+02 5.000000000000000000e+00 1.100000000000000000e+01
1.530002438982548654e+02 5.000000000000000000e+00 7.000000000000000000e+00
1.540006935201354281e+02 5.000000000000000000e+00 7.000000000000000000e+00
1.550006935201353713e+02 5.000000000000000000e+00 6.000000000000000000e+00
1.560006935201353144e+02 5.000000000000000000e+00 7.000000000000000000e+00
1.570006935201352576e+02 6.000000000000000000e+00 7.000000000000000000e+00
1.580006935201352007e+02 5.000000000000000000e+00 7.000000000000000000e+00
1.590006935201351439e+02 5.000000000000000000e+00 8.000000000000000000e+00
1.600006935201350871e+02 6.000000000000000000e+00 9.000000000000000000e+00
1.610006935201350302e+02 5.000000000000000000e+00 1.000000000000000000e+01
1.620006935201349734e+02 6.000000000000000000e+00 1.300000000000000000e+01
1.630006935201349165e+02 7.000000000000000000e+00 1.300000000000000000e+01
1.640005680606147394e+02 8.000000000000000000e+00 1.200000000000000000e+01
1.650006935201348028e+02 1.100000000000000000e+01 1.200000000000000000e+01
1.660006935201347460e+02 1.200000000000000000e+01 1.100000000000000000e+01
1.670006935201346892e+02 1.300000000000000000e+01 1.200000000000000000e+01
1.680006935201346323e+02 1.400000000000000000e+01 1.000000000000000000e+01
1.690006935201345755e+02 1.300000000000000000e+01 1.100000000000000000e+01
1.700006935201345186e+02 1.600000000000000000e+01 1.000000000000000000e+01
1.710006935201344618e+02 1.500000000000000000e+01 9.000000000000000000e+00
1.720006935201344049e+02 1.600000000000000000e+01 1.000000000000000000e+01
1.730006935201343481e+02 1.700000000000000000e+01 1.000000000000000000e+01
1.740006935201342912e+02 1.600000000000000000e+01 1.000000000000000000e+01
1.750006935201342344e+02 1.700000000000000000e+01 7.000000000000000000e+00
1.760006935201341776e+02 1.600000000000000000e+01 6.000000000000000000e+00
1.770006470046092488e+02 1.500000000000000000e+01 8.000000000000000000e+00
1.780006935201340639e+02 1.700000000000000000e+01 5.000000000000000000e+00
1.790006935201340070e+02 1.800000000000000000e+01 5.000000000000000000e+00
1.800003892061707234e+02 1.900000000000000000e+01 5.000000000000000000e+00
1.810006935201338933e+02 1.800000000000000000e+01 5.000000000000000000e+00
1.820004921288081619e+02 1.500000000000000000e+01 6.000000000000000000e+00
1.830002178957657293e+02 1.100000000000000000e+01 6.000000000000000000e+00
1.840006935201337228e+02 1.100000000000000000e+01 4.000000000000000000e+00
1.850006935201336660e+02 1.100000000000000000e+01 2.000000000000000000e+00
1.860004263292752569e+02 1.200000000000000000e+01 1.000000000000000000e+00
1.870006935201335523e+02 1.100000000000000000e+01 1.000000000000000000e+00
1.880006935201334954e+02 1.100000000000000000e+01 0.000000000000000000e+00
1.890006935201334386e+02 1.200000000000000000e+01 0.000000000000000000e+00
1.900006935201333818e+02 1.400000000000000000e+01 0.000000000000000000e+00
1.910006935201333249e+02 1.400000000000000000e+01 1.000000000000000000e+00
1.920003721109340518e+02 1.600000000000000000e+01 1.000000000000000000e+00
1.930004857815033006e+02 1.700000000000000000e+01 2.000000000000000000e+00
1.940006935201331544e+02 1.700000000000000000e+01 3.000000000000000000e+00
1.950004564879894531e+02 1.800000000000000000e+01 4.000000000000000000e+00
1.960006935201330407e+02 1.900000000000000000e+01 3.000000000000000000e+00
1.970006935201329838e+02 1.800000000000000000e+01 4.000000000000000000e+00
1.980006935201329270e+02 1.600000000000000000e+01 5.000000000000000000e+00
1.990006935201328702e+02 1.700000000000000000e+01 5.000000000000000000e+00
2.000006935201328133e+02 1.400000000000000000e+01 5.000000000000000000e+00
2.010006935201327565e+02 1.000000000000000000e+01 5.000000000000000000e+00
2.020006935201326996e+02 1.000000000000000000e+01 6.000000000000000000e+00
2.030000665331905907e+02 8.000000000000000000e+00 7.000000000000000000e+00
2.040002423582166386e+02 8.000000000000000000e+00 6.000000000000000000e+00
2.050006935201325291e+02 8.000000000000000000e+00 6.000000000000000000e+00
2.060006935201324723e+02 1.000000000000000000e+01 9.000000000000000000e+00
2.070006935201324154e+02 1.000000000000000000e+01 9.000000000000000000e+00
2.080006935201323586e+02 1.000000000000000000e+01 7.000000000000000000e+00
2.090006935201323017e+02 1.000000000000000000e+01 8.000000000000000000e+00
2.100006935201322449e+02 1.100000000000000000e+01 8.000000000000000000e+00
2.110006935201321880e+02 1.200000000000000000e+01 8.000000000000000000e+00
2.120006935201321312e+02 1.200000000000000000e+01 9.000000000000000000e+00
2.130006935201320744e+02 1.200000000000000000e+01 9.000000000000000000e+00
2.140006935201320175e+02 1.300000000000000000e+01 8.000000000000000000e+00
2.150006935201319607e+02 1.300000000000000000e+01 9.000000000000000000e+00
2.160006935201319038e+02 1.400000000000000000e+01 1.000000000000000000e+01
2.170006935201318470e+02 1.400000000000000000e+01 1.000000000000000000e+01
2.180006935201317901e+02 1.200000000000000000e+01 1.100000000000000000e+01
2.190006935201317333e+02 1.500000000000000000e+01 1.200000000000000000e+01
2.200006935201316765e+02 1.500000000000000000e+01 8.000000000000000000e+00
2.210006935201316196e+02 1.400000000000000000e+01 7.000000000000000000e+00
2.220006935201315628e+02 1.400000000000000000e+01 8.000000000000000000e+00
2.230006935201315059e+02 1.200000000000000000e+01 8.000000000000000000e+00
2.240006935201314491e+02 8.000000000000000000e+00 1.000000000000000000e+01
2.250006935201313922e+02 9.000000000000000000e+00 1.100000000000000000e+01
2.260006935201313354e+02 1.000000000000000000e+01 1.000000000000000000e+01
2.270006935201312785e+02 1.100000000000000000e+01 1.000000000000000000e+01
2.280006935201312217e+02 1.300000000000000000e+01 1.100000000000000000e+01
2.290006935201311649e+02 1.300000000000000000e+01 8.000000000000000000e+00
2.300006935201311080e+02 1.300000000000000000e+01 1.000000000000000000e+01
2.310001651789640107e+02 1.200000000000000000e+01 1.200000000000000000e+01
2.320006935201309943e+02 1.300000000000000000e+01 1.100000000000000000e+01
2.330006935201309375e+02 1.400000000000000000e+01 1.200000000000000000e+01
2.340006935201308806e+02 1.300000000000000000e+01 1.000000000000000000e+01
2.350006935201308238e+02 1.500000000000000000e+01 1.100000000000000000e+01
2.360006935201307670e+02 1.500000000000000000e+01 9.000000000000000000e+00
2.370006935201307101e+02 1.500000000000000000e+01 8.000000000000000000e+00
2.380006935201306533e+02 1.500000000000000000e+01 7.000000000000000000e+00
2.390006935201305964e+02 1.600000000000000000e+01 7.000000000000000000e+00
2.400006935201305396e+02 1.600000000000000000e+01 9.000000000000000000e+00
2.410006935201304827e+02 1.900000000000000000e+01 8.000000000000000000e+00
2.420006935201304259e+02 2.100000000000000000e+01 8.000000000000000000e+00
2.430006935201303691e+02 2.200000000000000000e+01 7.000000000000000000e+00
2.440002993765776864e+02 2.300000000000000000e+01 9.000000000000000000e+00
2.450006935201302554e+02 2.200000000000000000e+01 9.000000000000000000e+00
2.460006935201301985e+02 2.000000000000000000e+01 9.000000000000000000e+00
2.470006935201301417e+02 2.000000000000000000e+01 1.000000000000000000e+01
2.480006935201300848e+02 2.000000000000000000e+01 1.000000000000000000e+01
2.490002089857867702e+02 1.900000000000000000e+01 1.100000000000000000e+01
2.500006935201299711e+02 1.900000000000000000e+01 1.300000000000000000e+01
2.510006935201299143e+02 1.900000000000000000e+01 1.300000000000000000e+01
2.520002556931162303e+02 1.900000000000000000e+01 1.400000000000000000e+01
2.530006935201298006e+02 2.000000000000000000e+01 1.400000000000000000e+01
2.540006935201297438e+02 2.100000000000000000e+01 1.500000000000000000e+01
2.550005240578193195e+02 2.100000000000000000e+01 1.500000000000000000e+01
2.560006935201296301e+02 2.200000000000000000e+01 1.500000000000000000e+01
2.570006935201298575e+02 2.200000000000000000e+01 1.400000000000000000e+01
2.580006935201300848e+02 2.400000000000000000e+01 1.300000000000000000e+01
2.590006935201303122e+02 2.300000000000000000e+01 1.100000000000000000e+01
2.600006935201305396e+02 2.200000000000000000e+01 1.200000000000000000e+01
2.610006935201307670e+02 1.700000000000000000e+01 1.100000000000000000e+01
2.620006935201309943e+02 1.000000000000000000e+01 1.000000000000000000e+01
2.630006935201312217e+02 5.000000000000000000e+00 1.100000000000000000e+01
2.640006935201314491e+02 3.000000000000000000e+00 1.100000000000000000e+01
2.650006935201316765e+02 2.000000000000000000e+00 1.000000000000000000e+01
2.660003667765569162e+02 1.000000000000000000e+00 1.000000000000000000e+01
2.670006935201321312e+02 2.000000000000000000e+00 1.200000000000000000e+01
2.680004875538010083e+02 1.000000000000000000e+00 1.000000000000000000e+01
2.690006935201325859e+02 1.000000000000000000e+00 8.000000000000000000e+00
2.700006935201328133e+02 1.000000000000000000e+00 1.000000000000000000e+01
2.710006935201330407e+02 1.000000000000000000e+00 1.100000000000000000e+01
2.720001728355185833e+02 2.000000000000000000e+00 1.100000000000000000e+01
2.730006935201334954e+02 3.000000000000000000e+00 1.100000000000000000e+01
2.740003044428179351e+02 3.000000000000000000e+00 1.200000000000000000e+01
2.750006935201339502e+02 6.000000000000000000e+00 1.200000000000000000e+01
2.760006935201341776e+02 6.000000000000000000e+00 1.500000000000000000e+01
2.770006935201344049e+02 7.000000000000000000e+00 1.500000000000000000e+01
2.780006935201346323e+02 6.000000000000000000e+00 1.500000000000000000e+01
2.790006935201348597e+02 6.000000000000000000e+00 1.500000000000000000e+01
2.800006935201350871e+02 6.000000000000000000e+00 1.600000000000000000e+01
2.810006935201353144e+02 9.000000000000000000e+00 1.700000000000000000e+01
2.820002116901480349e+02 8.000000000000000000e+00 1.800000000000000000e+01
2.830006935201357692e+02 8.000000000000000000e+00 2.000000000000000000e+01
2.840006935201359966e+02 9.000000000000000000e+00 1.900000000000000000e+01
2.850006935201362239e+02 1.200000000000000000e+01 2.100000000000000000e+01
2.860006935201364513e+02 1.300000000000000000e+01 2.000000000000000000e+01
2.870006935201366787e+02 1.300000000000000000e+01 1.900000000000000000e+01
2.880006935201369060e+02 1.300000000000000000e+01 1.800000000000000000e+01
2.890006935201371334e+02 1.300000000000000000e+01 1.600000000000000000e+01
2.900006935201373608e+02 1.200000000000000000e+01 1.600000000000000000e+01
2.910006935201375882e+02 9.000000000000000000e+00 1.500000000000000000e+01
2.920006935201378155e+02 1.200000000000000000e+01 1.500000000000000000e+01
2.930006935201380429e+02 1.200000000000000000e+01 1.600000000000000000e+01
2.940006935201382703e+02 1.000000000000000000e+01 1.400000000000000000e+01
2.950006935201384977e+02 8.000000000000000000e+00 1.400000000000000000e+01
2.960006935201387250e+02 5.000000000000000000e+00 1.600000000000000000e+01
2.970006935201389524e+02 5.000000000000000000e+00 1.600000000000000000e+01
2.980005623286184004e+02 7.000000000000000000e+00 1.700000000000000000e+01
2.990006935201394072e+02 7.000000000000000000e+00 1.700000000000000000e+01
3.000006935201396345e+02 6.000000000000000000e+00 1.800000000000000000e+01
