0.000000000000000000e+00 0.000000000000000000e+00 0.000000000000000000e+00
1.000135934021498807e+00 2.000000000000000000e+00 2.000000000000000000e+00
2.000135934021499473e+00 1.000000000000000000e+00 1.000000000000000000e+00
3.000135934021500361e+00 1.000000000000000000e+00 1.000000000000000000e+00
4.000121361581868484e+00 1.000000000000000000e+00 1.000000000000000000e+00
5.000135934021497697e+00 4.000000000000000000e+00 4.000000000000000000e+00
6.000135934021494144e+00 3.000000000000000000e+00 3.000000000000000000e+00
7.000135934021490591e+00 5.000000000000000000e+00 5.000000000000000000e+00
8.000135934021487927e+00 4.000000000000000000e+00 4.000000000000000000e+00
9.000135934021484374e+00 4.000000000000000000e+00 4.000000000000000000e+00
1.000013593402148082e+01 6.000000000000000000e+00 6.000000000000000000e+00
1.100013593402147727e+01 5.000000000000000000e+00 5.000000000000000000e+00
1.200013593402147372e+01 4.000000000000000000e+00 4.000000000000000000e+00
1.300013593402147016e+01 5.000000000000000000e+00 5.000000000000000000e+00
1.400013593402146661e+01 4.000000000000000000e+00 4.000000000000000000e+00
1.500013593402146306e+01 3.000000000000000000e+00 3.000000000000000000e+00
1.600013593402146128e+01 5.000000000000000000e+00 5.000000000000000000e+00
1.700013593402147549e+01 5.000000000000000000e+00 5.000000000000000000e+00
1.800013593402148970e+01 5.000000000000000000e+00 5.000000000000000000e+00
1.900013593402150391e+01 5.000000000000000000e+00 5.000000000000000000e+00
2.000013593402151812e+01 5.000000000000000000e+00 5.000000000000000000e+00
2.100013593402153234e+01 5.000000000000000000e+00 5.000000000000000000e+00
2.200013593402154655e+01 5.000000000000000000e+00 5.000000000000000000e+00
2.300013593402156076e+01 7.000000000000000000e+00 7.000000000000000000e+00
2.400013593402157497e+01 7.000000000000000000e+00 6.000000000000000000e+00
2.500013593402158918e+01 5.000000000000000000e+00 3.000000000000000000e+00
2.600013024940986028e+01 1.000000000000000000e+00 0.000000000000000000e+00
2.700013593402161760e+01 1.000000000000000000e+00 0.000000000000000000e+00
2.800013593402163181e+01 1.000000000000000000e+00 0.000000000000000000e+00
2.900013593402164602e+01 2.000000000000000000e+00 0.000000000000000000e+00
3.000013593402166023e+01 1.000000000000000000e+00 1.000000000000000000e+00
3.100013593402167444e+01 0.000000000000000000e+00 1.000000000000000000e+00
3.200013593402168510e+01 0.000000000000000000e+00 0.000000000000000000e+00
3.300013593402169931e+01 0.000000000000000000e+00 0.000000000000000000e+00
3.400013593402171352e+01 0.000000000000000000e+00 1.000000000000000000e+00
3.500013593402172773e+01 1.000000000000000000e+00 2.000000000000000000e+00
3.600013593402174195e+01 1.000000000000000000e+00 2.000000000000000000e+00
3.700013593402175616e+01 0.000000000000000000e+00 2.000000000000000000e+00
3.800013593402177037e+01 0.000000000000000000e+00 1.000000000000000000e+00
3.900013593402178458e+01 0.000000000000000000e+00 1.000000000000000000e+00
4.000013593402179879e+01 1.000000000000000000e+00 2.000000000000000000e+00
4.100013593402181300e+01 3.000000000000000000e+00 2.000000000000000000e+00
4.200013593402182721e+01 4.000000000000000000e+00 3.000000000000000000e+00
4.300013593402184142e+01 4.000000000000000000e+00 3.000000000000000000e+00
4.400013593402185563e+01 4.000000000000000000e+00 3.000000000000000000e+00
4.500013593402186984e+01 4.000000000000000000e+00 1.000000000000000000e+00
4.600013593402188405e+01 3.000000000000000000e+00 2.000000000000000000e+00
4.700013593402189827e+01 4.000000000000000000e+00 2.000000000000000000e+00
4.800013593402191248e+01 4.000000000000000000e+00 2.000000000000000000e+00
4.900013593402192669e+01 4.000000000000000000e+00 1.000000000000000000e+00
5.000013593402194090e+01 5.000000000000000000e+00 2.000000000000000000e+00
5.100013593402195511e+01 5.000000000000000000e+00 0.000000000000000000e+00
5.200013593402196932e+01 3.000000000000000000e+00 1.000000000000000000e+00
5.300013593402198353e+01 4.000000000000000000e+00 1.000000000000000000e+00
5.400013593402199774e+01 7.000000000000000000e+00 3.000000000000000000e+00
5.500013593402201195e+01 5.000000000000000000e+00 2.000000000000000000e+00
5.600013593402202616e+01 5.000000000000000000e+00 2.000000000000000000e+00
5.700013593402204037e+01 4.000000000000000000e+00 1.000000000000000000e+00
5.800013593402205458e+01 4.000000000000000000e+00 1.000000000000000000e+00
5.900013593402206880e+01 5.000000000000000000e+00 2.000000000000000000e+00
6.000013593402208301e+01 6.000000000000000000e+00 4.000000000000000000e+00
6.100013593402209722e+01 6.000000000000000000e+00 3.000000000000000000e+00
6.200013593402211143e+01 5.000000000000000000e+00 4.000000000000000000e+00
6.300013593402212564e+01 5.000000000000000000e+00 4.000000000000000000e+00
6.400013593402213985e+01 6.000000000000000000e+00 5.000000000000000000e+00
6.500013593402208301e+01 5.000000000000000000e+00 5.000000000000000000e+00
6.600013593402202616e+01 5.000000000000000000e+00 6.000000000000000000e+00
6.700013593402196932e+01 6.000000000000000000e+00 6.000000000000000000e+00
6.800013593402191248e+01 6.000000000000000000e+00 3.000000000000000000e+00
6.900013593402185563e+01 7.000000000000000000e+00 5.000000000000000000e+00
7.000013593402179879e+01 9.000000000000000000e+00 3.000000000000000000e+00
7.100013593402174195e+01 8.000000000000000000e+00 2.000000000000000000e+00
7.200013593402168510e+01 9.000000000000000000e+00 4.000000000000000000e+00
7.300013593402162826e+01 9.000000000000000000e+00 4.000000000000000000e+00
7.400013593402157142e+01 1.000000000000000000e+01 5.000000000000000000e+00
7.500013593402151457e+01 1.000000000000000000e+01 6.000000000000000000e+00
7.600013593402145773e+01 1.000000000000000000e+01 6.000000000000000000e+00
7.700013593402140089e+01 1.200000000000000000e+01 7.000000000000000000e+00
7.800013593402134404e+01 1.300000000000000000e+01 8.000000000000000000e+00
7.900013593402128720e+01 1.200000000000000000e+01 9.000000000000000000e+00
8.000013593402123036e+01 9.000000000000000000e+00 1.000000000000000000e+01
8.100013593402117351e+01 9.000000000000000000e+00 1.100000000000000000e+01
8.200013593402111667e+01 8.000000000000000000e+00 1.000000000000000000e+01
8.300013593402105982e+01 9.000000000000000000e+00 1.100000000000000000e+01
8.400013593402100298e+01 8.000000000000000000e+00 1.100000000000000000e+01
8.500013593402094614e+01 8.000000000000000000e+00 1.100000000000000000e+01
8.600013593402088929e+01 9.000000000000000000e+00 1.100000000000000000e+01
8.700013593402083245e+01 1.000000000000000000e+01 1.100000000000000000e+01
8.800013593402077561e+01 1.100000000000000000e+01 1.100000000000000000e+01
8.900013593402071876e+01 7.000000000000000000e+00 1.100000000000000000e+01
9.000013593402066192e+01 4.000000000000000000e+00 1.300000000000000000e+01
9.100013593402060508e+01 4.000000000000000000e+00 9.000000000000000000e+00
9.200013593402054823e+01 5.000000000000000000e+00 8.000000000000000000e+00
9.300013593402049139e+01 1.000000000000000000e+00 7.000000000000000000e+00
9.400013593402043455e+01 0.000000000000000000e+00 7.000000000000000000e+00
9.500013593402037770e+01 0.000000000000000000e+00 7.000000000000000000e+00
9.600013593402032086e+01 1.000000000000000000e+00 6.000000000000000000e+00
9.700013593402026402e+01 1.000000000000000000e+00 7.000000000000000000e+00
9.800013593402020717e+01 0.000000000000000000e+00 7.000000000000000000e+00
9.900013593402015033e+01 0.000000000000000000e+00 7.000000000000000000e+00
1.000001359340200935e+02 0.000000000000000000e+00 3.000000000000000000e+00
1.010001359340200366e+02 0.000000000000000000e+00 3.000000000000000000e+00
1.020001359340199798e+02 0.000000000000000000e+00 1.000000000000000000e+00
1.030001359340199230e+02 2.000000000000000000e+00 3.000000000000000000e+00
1.040001359340198661e+02 2.000000000000000000e+00 3.000000000000000000e+00
1.050001359340198093e+02 1.000000000000000000e+00 3.000000000000000000e+00
1.060001359340197524e+02 2.000000000000000000e+00 5.000000000000000000e+00
1.070001359340196956e+02 2.000000000000000000e+00 5.000000000000000000e+00
1.080001359340196387e+02 2.000000000000000000e+00 5.000000000000000000e+00
1.090001359340195819e+02 1.000000000000000000e+00 4.000000000000000000e+00
1.100001359340195251e+02 1.000000000000000000e+00 4.000000000000000000e+00
1.110001359340194682e+02 1.000000000000000000e+00 2.000000000000000000e+00
1.120001359340194114e+02 4.000000000000000000e+00 5.000000000000000000e+00
1.130001359340193545e+02 4.000000000000000000e+00 5.000000000000000000e+00
1.140001359340192977e+02 5.000000000000000000e+00 6.000000000000000000e+00
1.150001359340192408e+02 5.000000000000000000e+00 5.000000000000000000e+00
1.160001359340191840e+02 6.000000000000000000e+00 4.000000000000000000e+00
1.170001359340191271e+02 6.000000000000000000e+00 5.000000000000000000e+00
1.180001359340190703e+02 7.000000000000000000e+00 6.000000000000000000e+00
1.190001359340190135e+02 6.000000000000000000e+00 5.000000000000000000e+00
1.200001359340189566e+02 7.000000000000000000e+00 5.000000000000000000e+00
1.210001359340188998e+02 6.000000000000000000e+00 5.000000000000000000e+00
1.220001359340188429e+02 7.000000000000000000e+00 6.000000000000000000e+00
1.230001359340187861e+02 8.000000000000000000e+00 8.000000000000000000e+00
1.240001359340187292e+02 1.000000000000000000e+01 9.000000000000000000e+00
1.250001359340186724e+02 1.300000000000000000e+01 1.000000000000000000e+01
1.260001359340186156e+02 1.200000000000000000e+01 1.000000000000000000e+01
1.270001306884735328e+02 1.300000000000000000e+01 1.000000000000000000e+01
1.280001359340185161e+02 1.400000000000000000e+01 1.200000000000000000e+01
1.290001359340184592e+02 1.500000000000000000e+01 1.300000000000000000e+01
1.300001359340184024e+02 1.300000000000000000e+01 1.300000000000000000e+01
1.310001359340183456e+02 1.400000000000000000e+01 1.100000000000000000e+01
1.320001359340182887e+02 1.400000000000000000e+01 8.000000000000000000e+00
1.330001359340182319e+02 1.300000000000000000e+01 7.000000000000000000e+00
1.340001359340181750e+02 1.100000000000000000e+01 7.000000000000000000e+00
1.350001359340181182e+02 9.000000000000000000e+00 8.000000000000000000e+00
1.360001359340180613e+02 7.000000000000000000e+00 9.000000000000000000e+00
1.370001359340180045e+02 8.000000000000000000e+00 1.000000000000000000e+01
1.380001359340179476e+02 7.000000000000000000e+00 9.000000000000000000e+00
1.390001359340178908e+02 8.000000000000000000e+00 1.000000000000000000e+01
1.400001359340178340e+02 6.000000000000000000e+00 1.000000000000000000e+01
1.410001359340177771e+02 8.000000000000000000e+00 9.000000000000000000e+00
1.420001359340177203e+02 8.000000000000000000e+00 1.000000000000000000e+01
1.430001272765480280e+02 6.000000000000000000e+00 1.000000000000000000e+01
1.440001359340176066e+02 4.000000000000000000e+00 1.000000000000000000e+01
1.450001359340175497e+02 2.000000000000000000e+00 1.000000000000000000e+01
1.460001244759834265e+02 4.000000000000000000e+00 1.100000000000000000e+01
1.470001359340174361e+02 5.000000000000000000e+00 8.000000000000000000e+00
1.480001359340173792e+02 3.000000000000000000e+00 1.000000000000000000e+01
1.490001359340173224e+02 2.000000000000000000e+00 1.000000000000000000e+01
1.500001359340172655e+02 2.000000000000000000e+00 1.100000000000000000e+01
1.510001359340172087e+02 4.000000000000000000e+00 6.000000000000000000e+00
1.520001359340171518e+02 4.000000000000000000e+00 4.000000000000000000e+00
1.530001359340170950e+02 3.000000000000000000e+00 4.000000000000000000e+00
1.540001359340170382e+02 4.000000000000000000e+00 5.000000000000000000e+00
1.550001359340169813e+02 5.000000000000000000e+00 5.000000000000000000e+00
1.560001359340169245e+02 5.000000000000000000e+00 4.000000000000000000e+00
1.570001359340168676e+02 3.000000000000000000e+00 6.000000000000000000e+00
1.580001359340168108e+02 3.000000000000000000e+00 6.000000000000000000e+00
1.590001359340167539e+02 4.000000000000000000e+00 5.000000000000000000e+00
1.600001359340166971e+02 5.000000000000000000e+00 5.000000000000000000e+00
1.610001359340166402e+02 4.000000000000000000e+00 5.000000000000000000e+00
1.620001359340165834e+02 3.000000000000000000e+00 4.000000000000000000e+00
1.630001359340165266e+02 4.000000000000000000e+00 4.000000000000000000e+00
1.640001359340164697e+02 5.000000000000000000e+00 5.000000000000000000e+00
1.650001359340164129e+02 5.000000000000000000e+00 6.000000000000000000e+00
1.660001359340163560e+02 5.000000000000000000e+00 6.000000000000000000e+00
1.670001359340162992e+02 5.000000000000000000e+00 6.000000000000000000e+00
1.680000948379729380e+02 5.000000000000000000e+00 5.000000000000000000e+00
1.690001359340161855e+02 5.000000000000000000e+00 5.000000000000000000e+00
1.700001359340161287e+02 7.000000000000000000e+00 6.000000000000000000e+00
1.710001359340160718e+02 5.000000000000000000e+00 6.000000000000000000e+00
1.720001359340160150e+02 5.000000000000000000e+00 7.000000000000000000e+00
1.730001359340159581e+02 5.000000000000000000e+00 6.000000000000000000e+00
1.740001359340159013e+02 5.000000000000000000e+00 6.000000000000000000e+00
1.750001359340158444e+02 5.000000000000000000e+00 7.000000000000000000e+00
1.760001359340157876e+02 6.000000000000000000e+00 8.000000000000000000e+00
1.770001359340157308e+02 6.000000000000000000e+00 9.000000000000000000e+00
1.780001359340156739e+02 5.000000000000000000e+00 1.000000000000000000e+01
1.790001359340156171e+02 5.000000000000000000e+00 1.000000000000000000e+01
1.800001359340155602e+02 5.000000000000000000e+00 1.100000000000000000e+01
1.810001359340155034e+02 5.000000000000000000e+00 1.200000000000000000e+01
1.820001359340154465e+02 5.000000000000000000e+00 1.100000000000000000e+01
1.830001359340153897e+02 6.000000000000000000e+00 1.100000000000000000e+01
1.840001359340153329e+02 5.000000000000000000e+00 1.100000000000000000e+01
1.850001359340152760e+02 7.000000000000000000e+00 1.300000000000000000e+01
1.860001260098540570e+02 8.000000000000000000e+00 1.500000000000000000e+01
1.870001359340151623e+02 8.000000000000000000e+00 1.300000000000000000e+01
1.880001359340151055e+02 7.000000000000000000e+00 1.300000000000000000e+01
1.890001359340150486e+02 7.000000000000000000e+00 1.300000000000000000e+01
1.900001359340149918e+02 6.000000000000000000e+00 1.000000000000000000e+01
1.910001209929937431e+02 5.000000000000000000e+00 8.000000000000000000e+00
1.920001359340148781e+02 5.000000000000000000e+00 8.000000000000000000e+00
1.930001359340148213e+02 5.000000000000000000e+00 8.000000000000000000e+00
1.940001359340147644e+02 4.000000000000000000e+00 8.000000000000000000e+00
1.950001359340147076e+02 4.000000000000000000e+00 6.000000000000000000e+00
1.960000443341649259e+02 4.000000000000000000e+00 4.000000000000000000e+00
1.970001359340145939e+02 4.000000000000000000e+00 5.000000000000000000e+00
1.980001359340145370e+02 2.000000000000000000e+00 4.000000000000000000e+00
1.990001359340144802e+02 3.000000000000000000e+00 5.000000000000000000e+00
2.000001359340144234e+02 4.000000000000000000e+00 5.000000000000000000e+00
2.010001359340143665e+02 4.000000000000000000e+00 7.000000000000000000e+00
2.020001359340143097e+02 6.000000000000000000e+00 7.000000000000000000e+00
2.030001359340142528e+02 7.000000000000000000e+00 5.000000000000000000e+00
2.040001359340141960e+02 7.000000000000000000e+00 6.000000000000000000e+00
2.050001359340141391e+02 7.000000000000000000e+00 6.000000000000000000e+00
2.060001359340140823e+02 9.000000000000000000e+00 8.000000000000000000e+00
2.070001359340140255e+02 1.000000000000000000e+01 8.000000000000000000e+00
2.080001359340139686e+02 9.000000000000000000e+00 8.000000000000000000e+00
2.090001359340139118e+02 1.000000000000000000e+01 8.000000000000000000e+00
2.100001359340138549e+02 1.100000000000000000e+01 9.000000000000000000e+00
2.110001359340137981e+02 1.000000000000000000e+01 1.000000000000000000e+01
2.120001359340137412e+02 9.000000000000000000e+00 1.000000000000000000e+01
2.130001359340136844e+02 1.000000000000000000e+01 1.200000000000000000e+01
2.140001359340136275e+02 9.000000000000000000e+00 1.200000000000000000e+01
2.150001359340135707e+02 7.000000000000000000e+00 1.200000000000000000e+01
2.160001359340135139e+02 8.000000000000000000e+00 1.200000000000000000e+01
2.170001359340134570e+02 7.000000000000000000e+00 1.300000000000000000e+01
2.180001359340134002e+02 8.000000000000000000e+00 1.500000000000000000e+01
2.190001359340133433e+02 1.000000000000000000e+01 1.500000000000000000e+01
2.200001359340132865e+02 1.000000000000000000e+01 1.500000000000000000e+01
2.210001359340132296e+02 1.000000000000000000e+01 1.600000000000000000e+01
2.220001359340131728e+02 1.000000000000000000e+01 1.500000000000000000e+01
2.230000385316424740e+02 1.100000000000000000e+01 1.500000000000000000e+01
2.240001359340130591e+02 1.300000000000000000e+01 1.500000000000000000e+01
2.250001359340130023e+02 1.400000000000000000e+01 1.700000000000000000e+01
2.260001359340129454e+02 1.400000000000000000e+01 1.700000000000000000e+01
2.270001359340128886e+02 1.300000000000000000e+01 1.800000000000000000e+01
2.280001359340128317e+02 1.500000000000000000e+01 1.800000000000000000e+01
2.290001359340127749e+02 1.400000000000000000e+01 1.800000000000000000e+01
2.300000553325267560e+02 1.500000000000000000e+01 1.800000000000000000e+01
2.310001359340126612e+02 1.800000000000000000e+01 1.900000000000000000e+01
2.320001359340126044e+02 1.800000000000000000e+01 1.900000000000000000e+01
2.330001359340125475e+02 1.900000000000000000e+01 1.900000000000000000e+01
2.340001359340124907e+02 2.100000000000000000e+01 2.000000000000000000e+01
2.350001359340124338e+02 1.900000000000000000e+01 2.000000000000000000e+01
2.360001359340123770e+02 2.200000000000000000e+01 2.100000000000000000e+01
2.370001359340123201e+02 2.000000000000000000e+01 2.000000000000000000e+01
2.380001359340122633e+02 2.000000000000000000e+01 1.500000000000000000e+01
2.390001359340122065e+02 2.000000000000000000e+01 1.300000000000000000e+01
2.400001359340121496e+02 2.000000000000000000e+01 1.300000000000000000e+01
2.410001359340120928e+02 1.700000000000000000e+01 1.000000000000000000e+01
2.420001247302681975e+02 1.400000000000000000e+01 9.000000000000000000e+00
2.430001359340119791e+02 9.000000000000000000e+00 9.000000000000000000e+00
2.440001359340119222e+02 9.000000000000000000e+00 9.000000000000000000e+00
2.450001359340118654e+02 1.100000000000000000e+01 9.000000000000000000e+00
2.460001359340118086e+02 1.200000000000000000e+01 1.200000000000000000e+01
2.470001359340117517e+02 1.300000000000000000e+01 8.000000000000000000e+00
2.480001359340116949e+02 1.500000000000000000e+01 8.000000000000000000e+00
2.490001359340116380e+02 1.600000000000000000e+01 8.000000000000000000e+00
2.500001359340115812e+02 1.400000000000000000e+01 8.000000000000000000e+00
2.510001359340115243e+02 1.300000000000000000e+01 1.000000000000000000e+01
2.520001359340114675e+02 1.200000000000000000e+01 9.000000000000000000e+00
2.530001359340114107e+02 1.100000000000000000e+01 1.000000000000000000e+01
2.540001359340113538e+02 1.100000000000000000e+01 1.000000000000000000e+01
2.550001359340112970e+02 1.200000000000000000e+01 1.000000000000000000e+01
2.560001359340112685e+02 1.400000000000000000e+01 9.000000000000000000e+00
2.570001359340114959e+02 1.400000000000000000e+01 1.000000000000000000e+01
2.580001359340117233e+02 1.200000000000000000e+01 1.100000000000000000e+01
2.590001359340119507e+02 1.200000000000000000e+01 1.000000000000000000e+01
2.600001359340121780e+02 1.300000000000000000e+01 1.200000000000000000e+01
2.610001359340124054e+02 1.200000000000000000e+01 1.000000000000000000e+01
2.620001359340126328e+02 1.100000000000000000e+01 9.000000000000000000e+00
2.630001359340128602e+02 1.000000000000000000e+01 9.000000000000000000e+00
2.640001359340130875e+02 8.000000000000000000e+00 9.000000000000000000e+00
2.650001359340133149e+02 4.000000000000000000e+00 6.000000000000000000e+00
2.660001359340135423e+02 6.000000000000000000e+00 3.000000000000000000e+00
2.670001359340137697e+02 5.000000000000000000e+00 3.000000000000000000e+00
2.680001359340139970e+02 3.000000000000000000e+00 4.000000000000000000e+00
2.690001359340142244e+02 2.000000000000000000e+00 3.000000000000000000e+00
2.700001359340144518e+02 3.000000000000000000e+00 2.000000000000000000e+00
2.710001359340146792e+02 2.000000000000000000e+00 1.000000000000000000e+00
2.720001359340149065e+02 3.000000000000000000e+00 2.000000000000000000e+00
2.730001359340151339e+02 5.000000000000000000e+00 2.000000000000000000e+00
2.740001359340153613e+02 3.000000000000000000e+00 2.000000000000000000e+00
2.750001359340155886e+02 3.000000000000000000e+00 1.000000000000000000e+00
2.760001359340158160e+02 3.000000000000000000e+00 4.000000000000000000e+00
2.770001359340160434e+02 3.000000000000000000e+00 4.000000000000000000e+00
2.780001359340162708e+02 3.000000000000000000e+00 3.000000000000000000e+00
2.790001359340164981e+02 4.000000000000000000e+00 4.000000000000000000e+00
2.800001359340167255e+02 6.000000000000000000e+00 7.000000000000000000e+00
2.810001359340169529e+02 7.000000000000000000e+00 7.000000000000000000e+00
2.820001359340171803e+02 1.000000000000000000e+01 7.000000000000000000e+00
2.830001359340174076e+02 8.000000000000000000e+00 4.000000000000000000e+00
2.840001359340176350e+02 9.000000000000000000e+00 4.000000000000000000e+00
2.850001359340178624e+02 9.000000000000000000e+00 4.000000000000000000e+00
2.860001359340180898e+02 8.000000000000000000e+00 6.000000000000000000e+00
2.870001359340183171e+02 9.000000000000000000e+00 6.000000000000000000e+00
2.880001359340185445e+02 1.000000000000000000e+01 6.000000000000000000e+00
2.890001359340187719e+02 8.000000000000000000e+00 7.000000000000000000e+00
2.900001359340189993e+02 6.000000000000000000e+00 7.000000000000000000e+00
2.910000541243306884e+02 7.000000000000000000e+00 7.000000000000000000e+00
2.920001359340194540e+02 5.000000000000000000e+00 8.000000000000000000e+00
2.930001359340196814e+02 5.000000000000000000e+00 7.000000000000000000e+00
2.940001359340199087e+02 4.000000000000000000e+00 8.000000000000000000e+00
2.950001359340201361e+02 4.000000000000000000e+00 9.000000000000000000e+00
2.960001359340203635e+02 4.000000000000000000e+00 9.000000000000000000e+00
2.970001359340205909e+02 3.000000000000000000e+00 9.000000000000000000e+00
2.980001359340208182e+02 3.000000000000000000e+00 8.000000000000000000e+00
2.990001359340210456e+02 4.000000000000000000e+00 8.000000000000000000e+00
3.000001359340212730e+02 5.000000000000000000e+00 8.000000000000000000e+00
