0.000000000000000000e+00 0.000000000000000000e+00 0.000000000000000000e+00
1.000554998851626465e+00 2.000000000000000000e+00 2.000000000000000000e+00
2.000621700360387223e+00 3.000000000000000000e+00 3.000000000000000000e+00
3.000621700360388111e+00 3.000000000000000000e+00 3.000000000000000000e+00
4.000116454016731993e+00 3.000000000000000000e+00 3.000000000000000000e+00
5.000621700360385447e+00 3.000000000000000000e+00 3.000000000000000000e+00
6.000621700360381894e+00 3.000000000000000000e+00 3.000000000000000000e+00
7.000621700360378341e+00 3.000000000000000000e+00 3.000000000000000000e+00
8.000621700360374788e+00 3.000000000000000000e+00 3.000000000000000000e+00
9.000621700360371236e+00 3.000000000000000000e+00 3.000000000000000000e+00
1.000037133606344852e+01 4.000000000000000000e+00 4.000000000000000000e+00
1.100058515679309323e+01 6.000000000000000000e+00 6.000000000000000000e+00
1.200062170036036058e+01 6.000000000000000000e+00 6.000000000000000000e+00
1.300062170036035702e+01 6.000000000000000000e+00 6.000000000000000000e+00
1.400062170036035347e+01 6.000000000000000000e+00 6.000000000000000000e+00
1.500006035556852879e+01 7.000000000000000000e+00 7.000000000000000000e+00
1.600027275473686927e+01 8.000000000000000000e+00 8.000000000000000000e+00
1.700062170036036235e+01 7.000000000000000000e+00 7.000000000000000000e+00
1.800021871385500916e+01 5.000000000000000000e+00 5.000000000000000000e+00
1.900062170036039078e+01 4.000000000000000000e+00 4.000000000000000000e+00
2.000062170036040499e+01 3.000000000000000000e+00 3.000000000000000000e+00
2.100062170036041920e+01 3.000000000000000000e+00 3.000000000000000000e+00
2.200062170036043341e+01 1.000000000000000000e+00 1.000000000000000000e+00
2.300039392610686306e+01 1.000000000000000000e+00 1.000000000000000000e+00
2.400062170036046183e+01 2.000000000000000000e+00 2.000000000000000000e+00
2.500062170036047604e+01 2.000000000000000000e+00 2.000000000000000000e+00
2.600062170036049025e+01 3.000000000000000000e+00 3.000000000000000000e+00
2.700062170036050446e+01 3.000000000000000000e+00 3.000000000000000000e+00
2.800062170036051867e+01 3.000000000000000000e+00 3.000000000000000000e+00
2.900048217699163189e+01 3.000000000000000000e+00 3.000000000000000000e+00
3.000062170036054709e+01 2.000000000000000000e+00 2.000000000000000000e+00
3.100062170036056131e+01 3.000000000000000000e+00 3.000000000000000000e+00
3.200062170036057552e+01 2.000000000000000000e+00 2.000000000000000000e+00
3.300062170036058973e+01 2.000000000000000000e+00 2.000000000000000000e+00
3.400062170036060394e+01 3.000000000000000000e+00 3.000000000000000000e+00
3.500062170036061815e+01 3.000000000000000000e+00 3.000000000000000000e+00
3.600062170036063236e+01 4.000000000000000000e+00 4.000000000000000000e+00
3.700062170036064657e+01 5.000000000000000000e+00 5.000000000000000000e+00
3.800062170036066078e+01 5.000000000000000000e+00 4.000000000000000000e+00
3.900062170036067499e+01 4.000000000000000000e+00 4.000000000000000000e+00
4.000062170036068920e+01 4.000000000000000000e+00 3.000000000000000000e+00
4.100048948108570102e+01 2.000000000000000000e+00 3.000000000000000000e+00
4.200062170036071763e+01 1.000000000000000000e+00 3.000000000000000000e+00
4.300025859262026273e+01 1.000000000000000000e+00 3.000000000000000000e+00
4.400062170036074605e+01 3.000000000000000000e+00 5.000000000000000000e+00
4.500062170036076026e+01 2.000000000000000000e+00 5.000000000000000000e+00
4.600062170036077447e+01 1.000000000000000000e+00 3.000000000000000000e+00
4.700062170036078868e+01 2.000000000000000000e+00 3.000000000000000000e+00
4.800062170036080289e+01 2.000000000000000000e+00 2.000000000000000000e+00
4.900062170036081710e+01 2.000000000000000000e+00 2.000000000000000000e+00
5.000034122157554606e+01 5.000000000000000000e+00 3.000000000000000000e+00
5.100062170036084552e+01 6.000000000000000000e+00 4.000000000000000000e+00
5.200062170036085973e+01 6.000000000000000000e+00 4.000000000000000000e+00
5.300062170036087394e+01 7.000000000000000000e+00 5.000000000000000000e+00
5.400062170036088816e+01 9.000000000000000000e+00 7.000000000000000000e+00
5.500062170036090237e+01 9.000000000000000000e+00 7.000000000000000000e+00
5.600062170036091658e+01 8.000000000000000000e+00 7.000000000000000000e+00
5.700062170036093079e+01 8.000000000000000000e+00 7.000000000000000000e+00
5.800062170036094500e+01 8.000000000000000000e+00 7.000000000000000000e+00
5.900042863458848785e+01 7.000000000000000000e+00 7.000000000000000000e+00
6.000062170036097342e+01 9.000000000000000000e+00 7.000000000000000000e+00
6.100013319836683223e+01 7.000000000000000000e+00 7.000000000000000000e+00
6.200062170036100184e+01 7.000000000000000000e+00 8.000000000000000000e+00
6.300022850869851254e+01 8.000000000000000000e+00 7.000000000000000000e+00
6.400062170036102316e+01 7.000000000000000000e+00 7.000000000000000000e+00
6.500062170036096632e+01 5.000000000000000000e+00 8.000000000000000000e+00
6.600062170036090947e+01 4.000000000000000000e+00 8.000000000000000000e+00
6.700062170036085263e+01 5.000000000000000000e+00 9.000000000000000000e+00
6.800021733302612859e+01 5.000000000000000000e+00 1.000000000000000000e+01
6.900062170036073894e+01 5.000000000000000000e+00 1.000000000000000000e+01
7.000062170036068210e+01 6.000000000000000000e+00 1.100000000000000000e+01
7.100062170036062525e+01 6.000000000000000000e+00 1.100000000000000000e+01
7.200062170036056841e+01 7.000000000000000000e+00 1.200000000000000000e+01
7.300015562365037169e+01 7.000000000000000000e+00 1.200000000000000000e+01
7.400062170036045472e+01 7.000000000000000000e+00 1.300000000000000000e+01
7.500062170036039788e+01 7.000000000000000000e+00 1.200000000000000000e+01
7.600062170036034104e+01 7.000000000000000000e+00 1.300000000000000000e+01
7.700062170036028419e+01 8.000000000000000000e+00 1.400000000000000000e+01
7.800062170036022735e+01 9.000000000000000000e+00 1.300000000000000000e+01
7.900062170036017051e+01 1.000000000000000000e+01 1.300000000000000000e+01
8.000062170036011366e+01 9.000000000000000000e+00 1.500000000000000000e+01
8.100003628230565766e+01 8.000000000000000000e+00 1.500000000000000000e+01
8.200062170035999998e+01 8.000000000000000000e+00 1.400000000000000000e+01
8.300062170035994313e+01 7.000000000000000000e+00 1.200000000000000000e+01
8.400062170035988629e+01 7.000000000000000000e+00 1.100000000000000000e+01
8.500062170035982945e+01 7.000000000000000000e+00 9.000000000000000000e+00
8.600062170035977260e+01 6.000000000000000000e+00 9.000000000000000000e+00
8.700062170035971576e+01 6.000000000000000000e+00 8.000000000000000000e+00
8.800062170035965892e+01 7.000000000000000000e+00 8.000000000000000000e+00
8.900062170035960207e+01 8.000000000000000000e+00 8.000000000000000000e+00
9.000062170035954523e+01 8.000000000000000000e+00 7.000000000000000000e+00
9.100002653787319673e+01 1.000000000000000000e+01 9.000000000000000000e+00
9.200062170035943154e+01 1.000000000000000000e+01 9.000000000000000000e+00
9.300062170035937470e+01 1.100000000000000000e+01 1.000000000000000000e+01
9.400062170035931786e+01 1.000000000000000000e+01 9.000000000000000000e+00
9.500062170035926101e+01 1.000000000000000000e+01 9.000000000000000000e+00
9.600062170035920417e+01 1.000000000000000000e+01 9.000000000000000000e+00
9.700062170035914733e+01 1.200000000000000000e+01 1.300000000000000000e+01
9.800062170035909048e+01 1.200000000000000000e+01 1.300000000000000000e+01
9.900017482560912185e+01 1.000000000000000000e+01 1.300000000000000000e+01
1.000006217003589768e+02 9.000000000000000000e+00 1.400000000000000000e+01
1.010006217003589200e+02 8.000000000000000000e+00 1.600000000000000000e+01
1.020006217003588631e+02 6.000000000000000000e+00 1.500000000000000000e+01
1.030006217003588063e+02 6.000000000000000000e+00 1.600000000000000000e+01
1.040006217003587494e+02 5.000000000000000000e+00 1.700000000000000000e+01
1.050005774200439959e+02 5.000000000000000000e+00 1.800000000000000000e+01
1.060006217003586357e+02 5.000000000000000000e+00 1.900000000000000000e+01
1.070006217003585789e+02 5.000000000000000000e+00 1.900000000000000000e+01
1.080006217003585220e+02 8.000000000000000000e+00 1.900000000000000000e+01
1.090006217003584652e+02 7.000000000000000000e+00 1.900000000000000000e+01
1.100003704822562440e+02 7.000000000000000000e+00 1.900000000000000000e+01
1.110006217003583515e+02 8.000000000000000000e+00 1.700000000000000000e+01
1.120006217003582947e+02 8.000000000000000000e+00 1.600000000000000000e+01
1.130006217003582378e+02 9.000000000000000000e+00 1.500000000000000000e+01
1.140006217003581810e+02 1.000000000000000000e+01 1.000000000000000000e+01
1.150006217003581241e+02 1.100000000000000000e+01 8.000000000000000000e+00
1.160005815361112411e+02 9.000000000000000000e+00 5.000000000000000000e+00
1.170006217003580105e+02 9.000000000000000000e+00 4.000000000000000000e+00
1.180006217003579536e+02 9.000000000000000000e+00 4.000000000000000000e+00
1.190006217003578968e+02 9.000000000000000000e+00 3.000000000000000000e+00
1.200006217003578399e+02 8.000000000000000000e+00 3.000000000000000000e+00
1.210006217003577831e+02 9.000000000000000000e+00 4.000000000000000000e+00
1.220006217003577262e+02 9.000000000000000000e+00 5.000000000000000000e+00
1.230006217003576694e+02 9.000000000000000000e+00 6.000000000000000000e+00
1.240006217003576126e+02 8.000000000000000000e+00 6.000000000000000000e+00
1.250006217003575557e+02 8.000000000000000000e+00 4.000000000000000000e+00
1.260006217003574989e+02 1.000000000000000000e+01 1.000000000000000000e+00
1.270006217003574420e+02 9.000000000000000000e+00 0.000000000000000000e+00
1.280006217003573852e+02 9.000000000000000000e+00 0.000000000000000000e+00
1.290006217003573283e+02 9.000000000000000000e+00 1.000000000000000000e+00
1.300006217003572715e+02 9.000000000000000000e+00 1.000000000000000000e+00
1.310006217003572146e+02 1.000000000000000000e+01 2.000000000000000000e+00
1.320006217003571578e+02 7.000000000000000000e+00 2.000000000000000000e+00
1.330006217003571010e+02 7.000000000000000000e+00 2.000000000000000000e+00
1.340006217003570441e+02 7.000000000000000000e+00 1.000000000000000000e+00
1.350006217003569873e+02 7.000000000000000000e+00 1.000000000000000000e+00
1.360006217003569304e+02 6.000000000000000000e+00 1.000000000000000000e+00
1.370006217003568736e+02 7.000000000000000000e+00 2.000000000000000000e+00
1.380006217003568167e+02 9.000000000000000000e+00 2.000000000000000000e+00
1.390006217003567599e+02 1.000000000000000000e+01 4.000000000000000000e+00
1.400004393239443630e+02 7.000000000000000000e+00 4.000000000000000000e+00
1.410006217003566462e+02 6.000000000000000000e+00 4.000000000000000000e+00
1.420006217003565894e+02 6.000000000000000000e+00 6.000000000000000000e+00
1.430006217003565325e+02 5.000000000000000000e+00 5.000000000000000000e+00
1.440006217003564757e+02 4.000000000000000000e+00 3.000000000000000000e+00
1.450006217003564188e+02 4.000000000000000000e+00 4.000000000000000000e+00
1.460006217003563620e+02 4.000000000000000000e+00 2.000000000000000000e+00
1.470006217003563052e+02 4.000000000000000000e+00 2.000000000000000000e+00
1.480001117832204045e+02 4.000000000000000000e+00 2.000000000000000000e+00
1.490006217003561915e+02 4.000000000000000000e+00 4.000000000000000000e+00
1.500005956557896525e+02 5.000000000000000000e+00 6.000000000000000000e+00
1.510006217003560778e+02 5.000000000000000000e+00 6.000000000000000000e+00
1.520006217003560209e+02 3.000000000000000000e+00 5.000000000000000000e+00
1.530006217003559641e+02 4.000000000000000000e+00 6.000000000000000000e+00
1.540003011760528580e+02 5.000000000000000000e+00 5.000000000000000000e+00
1.550006217003558504e+02 5.000000000000000000e+00 3.000000000000000000e+00
1.560005960577690303e+02 2.000000000000000000e+00 2.000000000000000000e+00
1.570006217003557367e+02 2.000000000000000000e+00 2.000000000000000000e+00
1.580006217003556799e+02 1.000000000000000000e+00 2.000000000000000000e+00
1.590006217003556230e+02 2.000000000000000000e+00 0.000000000000000000e+00
1.600003509512795858e+02 3.000000000000000000e+00 0.000000000000000000e+00
1.610006217003555093e+02 5.000000000000000000e+00 1.000000000000000000e+00
1.620006217003554525e+02 4.000000000000000000e+00 1.000000000000000000e+00
1.630006217003553957e+02 4.000000000000000000e+00 1.000000000000000000e+00
1.640006217003553388e+02 6.000000000000000000e+00 3.000000000000000000e+00
1.650006217003552820e+02 6.000000000000000000e+00 4.000000000000000000e+00
1.660006217003552251e+02 5.000000000000000000e+00 3.000000000000000000e+00
1.670006217003551683e+02 4.000000000000000000e+00 3.000000000000000000e+00
1.680006217003551114e+02 4.000000000000000000e+00 4.000000000000000000e+00
1.690006217003550546e+02 4.000000000000000000e+00 4.000000000000000000e+00
1.700006217003549978e+02 4.000000000000000000e+00 5.000000000000000000e+00
1.710006217003549409e+02 5.000000000000000000e+00 7.000000000000000000e+00
1.720006217003548841e+02 6.000000000000000000e+00 6.000000000000000000e+00
1.730006217003548272e+02 6.000000000000000000e+00 6.000000000000000000e+00
1.740006217003547704e+02 6.000000000000000000e+00 4.000000000000000000e+00
1.750006217003547135e+02 5.000000000000000000e+00 4.000000000000000000e+00
1.760006217003546567e+02 5.000000000000000000e+00 4.000000000000000000e+00
1.770006217003545999e+02 6.000000000000000000e+00 4.000000000000000000e+00
1.780003824969039385e+02 7.000000000000000000e+00 3.000000000000000000e+00
1.790006217003544862e+02 8.000000000000000000e+00 5.000000000000000000e+00
1.800006217003544293e+02 7.000000000000000000e+00 5.000000000000000000e+00
1.810006217003543725e+02 8.000000000000000000e+00 4.000000000000000000e+00
1.820006217003543156e+02 9.000000000000000000e+00 4.000000000000000000e+00
1.830006217003542588e+02 6.000000000000000000e+00 5.000000000000000000e+00
1.840006217003542019e+02 7.000000000000000000e+00 5.000000000000000000e+00
1.850006217003541451e+02 5.000000000000000000e+00 5.000000000000000000e+00
1.860006217003540883e+02 4.000000000000000000e+00 6.000000000000000000e+00
1.870006217003540314e+02 2.000000000000000000e+00 6.000000000000000000e+00
1.880006217003539746e+02 2.000000000000000000e+00 6.000000000000000000e+00
1.890006217003539177e+02 1.000000000000000000e+00 6.000000000000000000e+00
1.900006217003538609e+02 2.000000000000000000e+00 6.000000000000000000e+00
1.910006217003538040e+02 1.000000000000000000e+00 5.000000000000000000e+00
1.920006217003537472e+02 1.000000000000000000e+00 6.000000000000000000e+00
1.930006217003536904e+02 3.000000000000000000e+00 8.000000000000000000e+00
1.940001050667851530e+02 2.000000000000000000e+00 8.000000000000000000e+00
1.950006217003535767e+02 2.000000000000000000e+00 5.000000000000000000e+00
1.960006217003535198e+02 2.000000000000000000e+00 5.000000000000000000e+00
1.970006217003534630e+02 3.000000000000000000e+00 5.000000000000000000e+00
1.980006217003534061e+02 2.000000000000000000e+00 7.000000000000000000e+00
1.990002649300119515e+02 4.000000000000000000e+00 5.000000000000000000e+00
2.000006217003532925e+02 4.000000000000000000e+00 4.000000000000000000e+00
2.010006217003532356e+02 4.000000000000000000e+00 4.000000000000000000e+00
2.020000054716883824e+02 6.000000000000000000e+00 3.000000000000000000e+00
2.030002106085541129e+02 5.000000000000000000e+00 3.000000000000000000e+00
2.040006217003530651e+02 2.000000000000000000e+00 3.000000000000000000e+00
2.050006217003530082e+02 5.000000000000000000e+00 4.000000000000000000e+00
2.060006217003529514e+02 2.000000000000000000e+00 5.000000000000000000e+00
2.070006217003528945e+02 3.000000000000000000e+00 5.000000000000000000e+00
2.080006217003528377e+02 1.000000000000000000e+00 6.000000000000000000e+00
2.090006217003527809e+02 1.000000000000000000e+00 7.000000000000000000e+00
2.100006217003527240e+02 3.000000000000000000e+00 7.000000000000000000e+00
2.110004737481391146e+02 4.000000000000000000e+00 7.000000000000000000e+00
2.120006217003526103e+02 4.000000000000000000e+00 8.000000000000000000e+00
2.130006217003525535e+02 5.000000000000000000e+00 9.000000000000000000e+00
2.140006217003524966e+02 6.000000000000000000e+00 1.100000000000000000e+01
2.150006217003524398e+02 4.000000000000000000e+00 7.000000000000000000e+00
2.160006217003523830e+02 4.000000000000000000e+00 6.000000000000000000e+00
2.170006217003523261e+02 4.000000000000000000e+00 6.000000000000000000e+00
2.180006217003522693e+02 5.000000000000000000e+00 5.000000000000000000e+00
2.190006217003522124e+02 5.000000000000000000e+00 5.000000000000000000e+00
2.200006217003521556e+02 5.000000000000000000e+00 4.000000000000000000e+00
2.210006217003520987e+02 5.000000000000000000e+00 5.000000000000000000e+00
2.220006217003520419e+02 5.000000000000000000e+00 6.000000000000000000e+00
2.230000979551182070e+02 5.000000000000000000e+00 7.000000000000000000e+00
2.240006217003519282e+02 6.000000000000000000e+00 1.000000000000000000e+01
2.250006217003518714e+02 7.000000000000000000e+00 9.000000000000000000e+00
2.260006217003518145e+02 7.000000000000000000e+00 8.000000000000000000e+00
2.270004834938060014e+02 7.000000000000000000e+00 1.000000000000000000e+01
2.280006217003517008e+02 7.000000000000000000e+00 1.000000000000000000e+01
2.290006217003516440e+02 8.000000000000000000e+00 8.000000000000000000e+00
2.300006217003515872e+02 8.000000000000000000e+00 6.000000000000000000e+00
2.310006217003515303e+02 6.000000000000000000e+00 7.000000000000000000e+00
2.320006217003514735e+02 5.000000000000000000e+00 7.000000000000000000e+00
2.330006217003514166e+02 5.000000000000000000e+00 7.000000000000000000e+00
2.340006217003513598e+02 5.000000000000000000e+00 9.000000000000000000e+00
2.350005050780054887e+02 6.000000000000000000e+00 1.000000000000000000e+01
2.360006217003512461e+02 7.000000000000000000e+00 9.000000000000000000e+00
2.370006217003511892e+02 7.000000000000000000e+00 9.000000000000000000e+00
2.380006217003511324e+02 9.000000000000000000e+00 1.000000000000000000e+01
2.390006217003510756e+02 4.000000000000000000e+00 1.100000000000000000e+01
2.400006217003510187e+02 4.000000000000000000e+00 1.100000000000000000e+01
2.410006217003509619e+02 4.000000000000000000e+00 1.200000000000000000e+01
2.420006217003509050e+02 4.000000000000000000e+00 1.300000000000000000e+01
2.430002381806397409e+02 4.000000000000000000e+00 1.400000000000000000e+01
2.440006217003507913e+02 2.000000000000000000e+00 1.400000000000000000e+01
2.450006217003507345e+02 3.000000000000000000e+00 1.600000000000000000e+01
2.460001390748502104e+02 3.000000000000000000e+00 1.500000000000000000e+01
2.470006217003506208e+02 2.000000000000000000e+00 1.500000000000000000e+01
2.480006217003505640e+02 1.000000000000000000e+00 1.500000000000000000e+01
2.490000678706781514e+02 2.000000000000000000e+00 1.400000000000000000e+01
2.500006217003504503e+02 2.000000000000000000e+00 1.300000000000000000e+01
2.510006217003503934e+02 3.000000000000000000e+00 1.200000000000000000e+01
2.520004585366759784e+02 2.000000000000000000e+00 1.300000000000000000e+01
2.530006217003502798e+02 2.000000000000000000e+00 1.400000000000000000e+01
2.540004340750162726e+02 5.000000000000000000e+00 1.400000000000000000e+01
2.550006217003501661e+02 7.000000000000000000e+00 1.500000000000000000e+01
2.560006159665941823e+02 5.000000000000000000e+00 1.600000000000000000e+01
2.570006217003503366e+02 5.000000000000000000e+00 1.500000000000000000e+01
2.580006217003505640e+02 6.000000000000000000e+00 1.400000000000000000e+01
2.590006217003507913e+02 5.000000000000000000e+00 1.200000000000000000e+01
2.600006217003510187e+02 7.000000000000000000e+00 1.200000000000000000e+01
2.610006217003512461e+02 9.000000000000000000e+00 1.300000000000000000e+01
2.620006217003514735e+02 1.000000000000000000e+01 1.200000000000000000e+01
2.630006217003517008e+02 1.000000000000000000e+01 1.300000000000000000e+01
2.640006217003519282e+02 9.000000000000000000e+00 1.300000000000000000e+01
2.650006217003521556e+02 1.100000000000000000e+01 1.200000000000000000e+01
2.660006217003523830e+02 1.300000000000000000e+01 1.300000000000000000e+01
2.670006217003526103e+02 1.300000000000000000e+01 1.000000000000000000e+01
2.680006217003528377e+02 1.400000000000000000e+01 8.000000000000000000e+00
2.690006217003530651e+02 1.400000000000000000e+01 1.000000000000000000e+01
2.700006217003532925e+02 1.400000000000000000e+01 1.000000000000000000e+01
2.710006088954751249e+02 1.200000000000000000e+01 9.000000000000000000e+00
2.720006217003537472e+02 1.000000000000000000e+01 1.000000000000000000e+01
2.730006217003539746e+02 9.000000000000000000e+00 1.000000000000000000e+01
2.740006217003542019e+02 7.000000000000000000e+00 1.000000000000000000e+01
2.750006217003544293e+02 7.000000000000000000e+00 1.000000000000000000e+01
2.760006217003546567e+02 7.000000000000000000e+00 1.000000000000000000e+01
2.770006217003548841e+02 8.000000000000000000e+00 9.000000000000000000e+00
2.780006217003551114e+02 8.000000000000000000e+00 3.000000000000000000e+00
2.790006217003553388e+02 8.000000000000000000e+00 3.000000000000000000e+00
2.800006217003555662e+02 9.000000000000000000e+00 0.000000000000000000e+00
2.810006217003557936e+02 1.000000000000000000e+01 1.000000000000000000e+00
2.820002456175424186e+02 1.100000000000000000e+01 0.000000000000000000e+00
2.830006217003562483e+02 1.100000000000000000e+01 3.000000000000000000e+00
2.840006217003564757e+02 1.300000000000000000e+01 2.000000000000000000e+00
2.850006217003567031e+02 1.600000000000000000e+01 1.000000000000000000e+00
2.860006217003569304e+02 1.500000000000000000e+01 1.000000000000000000e+00
2.870006217003571578e+02 1.500000000000000000e+01 1.000000000000000000e+00
2.880006112352811556e+02 1.500000000000000000e+01 0.000000000000000000e+00
2.890006217003576126e+02 1.500000000000000000e+01 0.000000000000000000e+00
2.900006217003578399e+02 1.300000000000000000e+01 1.000000000000000000e+00
2.910001467728585567e+02 1.300000000000000000e+01 3.000000000000000000e+00
2.920000734649714218e+02 1.400000000000000000e+01 2.000000000000000000e+00
2.930006217003585220e+02 1.400000000000000000e+01 0.000000000000000000e+00
2.940003533378080078e+02 1.500000000000000000e+01 1.000000000000000000e+00
2.950006217003589768e+02 1.500000000000000000e+01 0.000000000000000000e+00
2.960006217003592042e+02 1.200000000000000000e+01 2.000000000000000000e+00
2.970002978138988965e+02 9.000000000000000000e+00 2.000000000000000000e+00
2.980006217003596589e+02 1.000000000000000000e+01 3.000000000000000000e+00
2.990006217003598863e+02 1.000000000000000000e+01 4.000000000000000000e+00
3.000006217003601137e+02 1.000000000000000000e+01 6.000000000000000000e+00
