0.000000000000000000e+00 0.000000000000000000e+00 0.000000000000000000e+00
1.000248669206678986e+00 1.000000000000000000e+00 1.000000000000000000e+00
2.000248669206679875e+00 2.000000000000000000e+00 2.000000000000000000e+00
3.000248669206680763e+00 3.000000000000000000e+00 3.000000000000000000e+00
4.000248669206681207e+00 3.000000000000000000e+00 3.000000000000000000e+00
5.000248669206677654e+00 4.000000000000000000e+00 4.000000000000000000e+00
6.000248669206674101e+00 4.000000000000000000e+00 4.000000000000000000e+00
7.000248669206670549e+00 5.000000000000000000e+00 5.000000000000000000e+00
8.000248669206667884e+00 7.000000000000000000e+00 7.000000000000000000e+00
9.000248669206664331e+00 9.000000000000000000e+00 9.000000000000000000e+00
1.000024866920666078e+01 8.000000000000000000e+00 8.000000000000000000e+00
1.100024866920665723e+01 9.000000000000000000e+00 9.000000000000000000e+00
1.200024866920665367e+01 1.100000000000000000e+01 1.100000000000000000e+01
1.300024866920665012e+01 1.000000000000000000e+01 1.000000000000000000e+01
1.400024866920664657e+01 1.100000000000000000e+01 1.100000000000000000e+01
1.500024866920664302e+01 1.300000000000000000e+01 1.300000000000000000e+01
1.600024866920664124e+01 1.200000000000000000e+01 1.200000000000000000e+01
1.700024866920665545e+01 1.000000000000000000e+01 1.000000000000000000e+01
1.800024866920666966e+01 8.000000000000000000e+00 8.000000000000000000e+00
1.900019651891775752e+01 7.000000000000000000e+00 7.000000000000000000e+00
2.000024866920669808e+01 5.000000000000000000e+00 7.000000000000000000e+00
2.100024866920671229e+01 5.000000000000000000e+00 7.000000000000000000e+00
2.200024866920672650e+01 5.000000000000000000e+00 7.000000000000000000e+00
2.300024866920674071e+01 3.000000000000000000e+00 5.000000000000000000e+00
2.400024866920675493e+01 4.000000000000000000e+00 6.000000000000000000e+00
2.500018157481962433e+01 3.000000000000000000e+00 6.000000000000000000e+00
2.600014015920718435e+01 3.000000000000000000e+00 6.000000000000000000e+00
2.700024866920679756e+01 3.000000000000000000e+00 7.000000000000000000e+00
2.800024866920681177e+01 3.000000000000000000e+00 1.000000000000000000e+01
2.900024866920682598e+01 1.000000000000000000e+00 7.000000000000000000e+00
3.000024866920684019e+01 1.000000000000000000e+00 5.000000000000000000e+00
3.100024866920685440e+01 1.000000000000000000e+00 4.000000000000000000e+00
3.200024866920686861e+01 1.000000000000000000e+00 4.000000000000000000e+00
3.300010526199697125e+01 1.000000000000000000e+00 3.000000000000000000e+00
3.400024866920689703e+01 4.000000000000000000e+00 4.000000000000000000e+00
3.500024866920691125e+01 4.000000000000000000e+00 3.000000000000000000e+00
3.600024866920692546e+01 3.000000000000000000e+00 2.000000000000000000e+00
3.700024866920693967e+01 5.000000000000000000e+00 2.000000000000000000e+00
3.800024866920695388e+01 4.000000000000000000e+00 1.000000000000000000e+00
3.900024866920696809e+01 4.000000000000000000e+00 1.000000000000000000e+00
4.000024866920698230e+01 6.000000000000000000e+00 3.000000000000000000e+00
4.100024866920699651e+01 5.000000000000000000e+00 2.000000000000000000e+00
4.200024866920701072e+01 7.000000000000000000e+00 4.000000000000000000e+00
4.300009942062442292e+01 7.000000000000000000e+00 2.000000000000000000e+00
4.400024866920703914e+01 8.000000000000000000e+00 3.000000000000000000e+00
4.500023519198229849e+01 8.000000000000000000e+00 2.000000000000000000e+00
4.600024866920706756e+01 8.000000000000000000e+00 0.000000000000000000e+00
4.700024866920708178e+01 9.000000000000000000e+00 1.000000000000000000e+00
4.800024866920709599e+01 8.000000000000000000e+00 3.000000000000000000e+00
4.900024866920711020e+01 8.000000000000000000e+00 3.000000000000000000e+00
5.000024866920712441e+01 1.000000000000000000e+01 5.000000000000000000e+00
5.100024866920713862e+01 1.000000000000000000e+01 5.000000000000000000e+00
5.200024866920715283e+01 1.200000000000000000e+01 4.000000000000000000e+00
5.300024866920716704e+01 1.300000000000000000e+01 6.000000000000000000e+00
5.400024866920718125e+01 1.600000000000000000e+01 8.000000000000000000e+00
5.500024866920719546e+01 1.600000000000000000e+01 5.000000000000000000e+00
5.600024866920720967e+01 1.600000000000000000e+01 5.000000000000000000e+00
5.700024866920722388e+01 1.600000000000000000e+01 5.000000000000000000e+00
5.800024866920723809e+01 1.600000000000000000e+01 4.000000000000000000e+00
5.900024866920725231e+01 1.800000000000000000e+01 6.000000000000000000e+00
6.000024866920726652e+01 1.900000000000000000e+01 6.000000000000000000e+00
6.100024866920728073e+01 2.100000000000000000e+01 9.000000000000000000e+00
6.200024866920729494e+01 2.300000000000000000e+01 1.100000000000000000e+01
6.300024866920730915e+01 2.300000000000000000e+01 1.000000000000000000e+01
6.400024866920732336e+01 2.300000000000000000e+01 9.000000000000000000e+00
6.500024866920726652e+01 2.000000000000000000e+01 8.000000000000000000e+00
6.600024866920720967e+01 2.000000000000000000e+01 8.000000000000000000e+00
6.700024866920715283e+01 1.800000000000000000e+01 8.000000000000000000e+00
6.800024866920709599e+01 1.700000000000000000e+01 8.000000000000000000e+00
6.900024866920703914e+01 1.800000000000000000e+01 1.100000000000000000e+01
7.000024866920698230e+01 1.900000000000000000e+01 1.000000000000000000e+01
7.100024866920692546e+01 1.900000000000000000e+01 9.000000000000000000e+00
7.200024866920686861e+01 1.800000000000000000e+01 8.000000000000000000e+00
7.300024866920681177e+01 1.800000000000000000e+01 5.000000000000000000e+00
7.400016715327669203e+01 1.800000000000000000e+01 7.000000000000000000e+00
7.500024866920669808e+01 1.400000000000000000e+01 7.000000000000000000e+00
7.600024866920664124e+01 1.400000000000000000e+01 9.000000000000000000e+00
7.700024866920658440e+01 1.200000000000000000e+01 8.000000000000000000e+00
7.800024866920652755e+01 1.000000000000000000e+01 9.000000000000000000e+00
7.900024866920647071e+01 1.100000000000000000e+01 9.000000000000000000e+00
8.000024866920641387e+01 9.000000000000000000e+00 7.000000000000000000e+00
8.100024866920635702e+01 1.000000000000000000e+01 8.000000000000000000e+00
8.200024866920630018e+01 7.000000000000000000e+00 8.000000000000000000e+00
8.300024866920624333e+01 8.000000000000000000e+00 8.000000000000000000e+00
8.400024866920618649e+01 8.000000000000000000e+00 9.000000000000000000e+00
8.500024866920612965e+01 1.000000000000000000e+01 1.100000000000000000e+01
8.600024866920607280e+01 1.200000000000000000e+01 1.100000000000000000e+01
8.700010900976762684e+01 1.400000000000000000e+01 1.200000000000000000e+01
8.800024866920595912e+01 1.400000000000000000e+01 1.000000000000000000e+01
8.900024866920590227e+01 1.400000000000000000e+01 1.100000000000000000e+01
9.000024866920584543e+01 1.400000000000000000e+01 9.000000000000000000e+00
9.100024866920578859e+01 1.400000000000000000e+01 8.000000000000000000e+00
9.200024866920573174e+01 1.100000000000000000e+01 8.000000000000000000e+00
9.300024866920567490e+01 1.200000000000000000e+01 7.000000000000000000e+00
9.400024866920561806e+01 1.200000000000000000e+01 8.000000000000000000e+00
9.500024866920556121e+01 1.100000000000000000e+01 5.000000000000000000e+00
9.600024866920550437e+01 1.000000000000000000e+01 6.000000000000000000e+00
9.700024866920544753e+01 1.000000000000000000e+01 4.000000000000000000e+00
9.800003129211904707e+01 1.000000000000000000e+01 4.000000000000000000e+00
9.900024866920533384e+01 1.200000000000000000e+01 6.000000000000000000e+00
1.000002486692052770e+02 1.300000000000000000e+01 5.000000000000000000e+00
1.010002486692052202e+02 1.300000000000000000e+01 6.000000000000000000e+00
1.020002486692051633e+02 1.400000000000000000e+01 6.000000000000000000e+00
1.030002486692051065e+02 1.300000000000000000e+01 7.000000000000000000e+00
1.040002486692050496e+02 1.200000000000000000e+01 7.000000000000000000e+00
1.050002486692049928e+02 1.000000000000000000e+01 7.000000000000000000e+00
1.060002486692049359e+02 4.000000000000000000e+00 7.000000000000000000e+00
1.070002486692048791e+02 1.000000000000000000e+00 7.000000000000000000e+00
1.080002486692048222e+02 1.000000000000000000e+00 9.000000000000000000e+00
1.090002486692047654e+02 3.000000000000000000e+00 1.000000000000000000e+01
1.100002486692047086e+02 4.000000000000000000e+00 7.000000000000000000e+00
1.110002486692046517e+02 4.000000000000000000e+00 6.000000000000000000e+00
1.120002486692045949e+02 3.000000000000000000e+00 6.000000000000000000e+00
1.130002486692045380e+02 4.000000000000000000e+00 5.000000000000000000e+00
1.140000541154521869e+02 4.000000000000000000e+00 3.000000000000000000e+00
1.150002486692044243e+02 5.000000000000000000e+00 4.000000000000000000e+00
1.160002486692043675e+02 3.000000000000000000e+00 4.000000000000000000e+00
1.170002486692043107e+02 2.000000000000000000e+00 4.000000000000000000e+00
1.180002486692042538e+02 2.000000000000000000e+00 5.000000000000000000e+00
1.190002486692041970e+02 3.000000000000000000e+00 4.000000000000000000e+00
1.200002486692041401e+02 5.000000000000000000e+00 7.000000000000000000e+00
1.210002486692040833e+02 4.000000000000000000e+00 8.000000000000000000e+00
1.220002486692040264e+02 7.000000000000000000e+00 1.100000000000000000e+01
1.230002486692039696e+02 9.000000000000000000e+00 1.100000000000000000e+01
1.240002486692039128e+02 8.000000000000000000e+00 1.200000000000000000e+01
1.250002486692038559e+02 1.000000000000000000e+01 1.300000000000000000e+01
1.260002486692037991e+02 1.100000000000000000e+01 1.400000000000000000e+01
1.270002486692037422e+02 9.000000000000000000e+00 1.400000000000000000e+01
1.280002486692036996e+02 9.000000000000000000e+00 1.300000000000000000e+01
1.290002254607459804e+02 1.000000000000000000e+01 1.400000000000000000e+01
1.300002486692035859e+02 1.000000000000000000e+01 1.500000000000000000e+01
1.310002486692035291e+02 1.000000000000000000e+01 1.600000000000000000e+01
1.320002486692034722e+02 9.000000000000000000e+00 1.500000000000000000e+01
1.330002486692034154e+02 9.000000000000000000e+00 1.500000000000000000e+01
1.340002486692033585e+02 8.000000000000000000e+00 1.200000000000000000e+01
1.350002486692033017e+02 8.000000000000000000e+00 9.000000000000000000e+00
1.360002486692032448e+02 9.000000000000000000e+00 8.000000000000000000e+00
1.370002486692031880e+02 1.000000000000000000e+01 9.000000000000000000e+00
1.380002486692031312e+02 8.000000000000000000e+00 9.000000000000000000e+00
1.390002486692030743e+02 8.000000000000000000e+00 1.000000000000000000e+01
1.400001722925592560e+02 7.000000000000000000e+00 9.000000000000000000e+00
1.410002486692029606e+02 8.000000000000000000e+00 1.100000000000000000e+01
1.420002486692029038e+02 7.000000000000000000e+00 1.000000000000000000e+01
1.430002486692028469e+02 1.000000000000000000e+01 1.000000000000000000e+01
1.440002486692027901e+02 1.100000000000000000e+01 7.000000000000000000e+00
1.450002486692027333e+02 1.300000000000000000e+01 8.000000000000000000e+00
1.460002486692026764e+02 1.500000000000000000e+01 8.000000000000000000e+00
1.470002486692026196e+02 1.400000000000000000e+01 8.000000000000000000e+00
1.480002486692025627e+02 1.400000000000000000e+01 8.000000000000000000e+00
1.490002486692025059e+02 1.400000000000000000e+01 8.000000000000000000e+00
1.500002486692024490e+02 1.300000000000000000e+01 9.000000000000000000e+00
1.510002486692023922e+02 1.500000000000000000e+01 1.000000000000000000e+01
1.520002486692023353e+02 1.400000000000000000e+01 1.100000000000000000e+01
1.530002486692022785e+02 1.500000000000000000e+01 1.100000000000000000e+01
1.540002486692022217e+02 1.500000000000000000e+01 1.200000000000000000e+01
1.550002486692021648e+02 1.300000000000000000e+01 1.000000000000000000e+01
1.560002486692021080e+02 1.400000000000000000e+01 1.100000000000000000e+01
1.570002486692020511e+02 1.300000000000000000e+01 1.200000000000000000e+01
1.580002486692019943e+02 1.500000000000000000e+01 1.100000000000000000e+01
1.590002486692019374e+02 1.500000000000000000e+01 1.100000000000000000e+01
1.600002486692018806e+02 1.700000000000000000e+01 1.100000000000000000e+01
1.610002486692018238e+02 1.700000000000000000e+01 1.000000000000000000e+01
1.620002486692017669e+02 1.600000000000000000e+01 1.000000000000000000e+01
1.630002486692017101e+02 1.800000000000000000e+01 1.100000000000000000e+01
1.640002486692016532e+02 1.700000000000000000e+01 1.100000000000000000e+01
1.650002486692015964e+02 1.800000000000000000e+01 1.000000000000000000e+01
1.660002486692015395e+02 1.800000000000000000e+01 1.100000000000000000e+01
1.670002486692014827e+02 1.800000000000000000e+01 1.100000000000000000e+01
1.680002486692014259e+02 1.900000000000000000e+01 1.100000000000000000e+01
1.690002486692013690e+02 2.100000000000000000e+01 1.200000000000000000e+01
1.700002486692013122e+02 2.200000000000000000e+01 1.200000000000000000e+01
1.710002486692012553e+02 2.200000000000000000e+01 1.200000000000000000e+01
1.720002486692011985e+02 2.300000000000000000e+01 1.200000000000000000e+01
1.730002486692011416e+02 2.200000000000000000e+01 1.400000000000000000e+01
1.740002486692010848e+02 2.100000000000000000e+01 1.300000000000000000e+01
1.750002486692010280e+02 2.200000000000000000e+01 1.400000000000000000e+01
1.760002486692009711e+02 2.200000000000000000e+01 1.300000000000000000e+01
1.770002486692009143e+02 2.200000000000000000e+01 1.500000000000000000e+01
1.780002486692008574e+02 2.300000000000000000e+01 1.600000000000000000e+01
1.790002486692008006e+02 2.400000000000000000e+01 1.600000000000000000e+01
1.800002486692007437e+02 2.400000000000000000e+01 1.800000000000000000e+01
1.810002486692006869e+02 2.500000000000000000e+01 1.800000000000000000e+01
1.820002486692006300e+02 2.600000000000000000e+01 1.900000000000000000e+01
1.830002486692005732e+02 2.600000000000000000e+01 1.900000000000000000e+01
1.840002486692005164e+02 2.300000000000000000e+01 2.000000000000000000e+01
1.850002486692004595e+02 2.300000000000000000e+01 2.000000000000000000e+01
1.860002486692004027e+02 2.300000000000000000e+01 2.200000000000000000e+01
1.870002486692003458e+02 2.300000000000000000e+01 2.100000000000000000e+01
1.880002486692002890e+02 2.300000000000000000e+01 2.000000000000000000e+01
1.890002486692002321e+02 2.500000000000000000e+01 1.700000000000000000e+01
1.900002486692001753e+02 2.600000000000000000e+01 1.500000000000000000e+01
1.910002486692001185e+02 2.500000000000000000e+01 1.400000000000000000e+01
1.920002486692000616e+02 2.500000000000000000e+01 1.400000000000000000e+01
1.930002486692000048e+02 2.700000000000000000e+01 1.400000000000000000e+01
1.940002486691999479e+02 2.700000000000000000e+01 8.000000000000000000e+00
1.950001293058170120e+02 2.800000000000000000e+01 8.000000000000000000e+00
1.960002486691998342e+02 2.700000000000000000e+01 8.000000000000000000e+00
1.970002486691997774e+02 2.600000000000000000e+01 6.000000000000000000e+00
1.980002486691997206e+02 2.200000000000000000e+01 7.000000000000000000e+00
1.990002486691996637e+02 1.800000000000000000e+01 7.000000000000000000e+00
2.000002486691996069e+02 1.800000000000000000e+01 7.000000000000000000e+00
2.010002486691995500e+02 1.600000000000000000e+01 6.000000000000000000e+00
2.020002486691994932e+02 1.500000000000000000e+01 6.000000000000000000e+00
2.030002486691994363e+02 1.600000000000000000e+01 7.000000000000000000e+00
2.040002486691993795e+02 1.700000000000000000e+01 8.000000000000000000e+00
2.050002486691993226e+02 1.800000000000000000e+01 1.000000000000000000e+01
2.060002486691992658e+02 1.700000000000000000e+01 1.200000000000000000e+01
2.070002486691992090e+02 1.700000000000000000e+01 1.100000000000000000e+01
2.080002486691991521e+02 1.800000000000000000e+01 1.100000000000000000e+01
2.090002486691990953e+02 1.400000000000000000e+01 9.000000000000000000e+00
2.100002486691990384e+02 1.200000000000000000e+01 6.000000000000000000e+00
2.110002486691989816e+02 7.000000000000000000e+00 2.000000000000000000e+00
2.120002486691989247e+02 6.000000000000000000e+00 1.000000000000000000e+00
2.130002486691988679e+02 4.000000000000000000e+00 3.000000000000000000e+00
2.140002486691988111e+02 4.000000000000000000e+00 1.000000000000000000e+00
2.150002486691987542e+02 3.000000000000000000e+00 0.000000000000000000e+00
2.160002486691986974e+02 4.000000000000000000e+00 1.000000000000000000e+00
2.170001394075004271e+02 4.000000000000000000e+00 2.000000000000000000e+00
2.180002486691985837e+02 4.000000000000000000e+00 2.000000000000000000e+00
2.190002486691985268e+02 5.000000000000000000e+00 1.000000000000000000e+00
2.200000306132005505e+02 5.000000000000000000e+00 2.000000000000000000e+00
2.210002486691984132e+02 4.000000000000000000e+00 1.000000000000000000e+00
2.220002486691983563e+02 4.000000000000000000e+00 0.000000000000000000e+00
2.230002486691982995e+02 5.000000000000000000e+00 1.000000000000000000e+00
2.240002486691982426e+02 5.000000000000000000e+00 0.000000000000000000e+00
2.250002486691981858e+02 5.000000000000000000e+00 0.000000000000000000e+00
2.260002486691981289e+02 5.000000000000000000e+00 0.000000000000000000e+00
2.270002486691980721e+02 8.000000000000000000e+00 2.000000000000000000e+00
2.280002486691980153e+02 7.000000000000000000e+00 3.000000000000000000e+00
2.290002486691979584e+02 7.000000000000000000e+00 6.000000000000000000e+00
2.300002486691979016e+02 8.000000000000000000e+00 6.000000000000000000e+00
2.310002486691978447e+02 8.000000000000000000e+00 5.000000000000000000e+00
2.320002486691977879e+02 7.000000000000000000e+00 5.000000000000000000e+00
2.330002486691977310e+02 7.000000000000000000e+00 1.000000000000000000e+00
2.340002486691976742e+02 9.000000000000000000e+00 1.000000000000000000e+00
2.350002486691976173e+02 8.000000000000000000e+00 1.000000000000000000e+00
2.360002486691975605e+02 7.000000000000000000e+00 2.000000000000000000e+00
2.370002486691975037e+02 1.000000000000000000e+00 1.000000000000000000e+00
2.380002486691974468e+02 1.000000000000000000e+00 1.000000000000000000e+00
2.390002486691973900e+02 2.000000000000000000e+00 1.000000000000000000e+00
2.400002486691973331e+02 1.000000000000000000e+00 2.000000000000000000e+00
2.410002486691972763e+02 2.000000000000000000e+00 2.000000000000000000e+00
2.420002486691972194e+02 1.000000000000000000e+00 2.000000000000000000e+00
2.430002486691971626e+02 1.000000000000000000e+00 2.000000000000000000e+00
2.440002486691971058e+02 1.000000000000000000e+00 3.000000000000000000e+00
2.450002486691970489e+02 1.000000000000000000e+00 3.000000000000000000e+00
2.460002486691969921e+02 3.000000000000000000e+00 5.000000000000000000e+00
2.470002486691969352e+02 4.000000000000000000e+00 6.000000000000000000e+00
2.480002486691968784e+02 5.000000000000000000e+00 6.000000000000000000e+00
2.490002486691968215e+02 6.000000000000000000e+00 4.000000000000000000e+00
2.500002486691967647e+02 6.000000000000000000e+00 5.000000000000000000e+00
2.510002360486398345e+02 5.000000000000000000e+00 4.000000000000000000e+00
2.520002486691966510e+02 4.000000000000000000e+00 5.000000000000000000e+00
2.530002486691965942e+02 3.000000000000000000e+00 4.000000000000000000e+00
2.540002486691965373e+02 3.000000000000000000e+00 5.000000000000000000e+00
2.550002486691964805e+02 3.000000000000000000e+00 6.000000000000000000e+00
2.560002486691964236e+02 5.000000000000000000e+00 9.000000000000000000e+00
2.570002486691966510e+02 5.000000000000000000e+00 8.000000000000000000e+00
2.580002486691968784e+02 5.000000000000000000e+00 7.000000000000000000e+00
2.590002486691971058e+02 7.000000000000000000e+00 8.000000000000000000e+00
2.600002486691973331e+02 6.000000000000000000e+00 9.000000000000000000e+00
2.610002486691975605e+02 7.000000000000000000e+00 9.000000000000000000e+00
2.620002486691977879e+02 8.000000000000000000e+00 9.000000000000000000e+00
2.630002486691980153e+02 1.100000000000000000e+01 9.000000000000000000e+00
2.640002486691982426e+02 1.100000000000000000e+01 9.000000000000000000e+00
2.650002486691984700e+02 1.100000000000000000e+01 8.000000000000000000e+00
2.660002486691986974e+02 1.300000000000000000e+01 7.000000000000000000e+00
2.670002486691989247e+02 1.300000000000000000e+01 8.000000000000000000e+00
2.680002486691991521e+02 1.400000000000000000e+01 1.000000000000000000e+01
2.690002486691993795e+02 1.400000000000000000e+01 9.000000000000000000e+00
2.700002486691996069e+02 1.700000000000000000e+01 6.000000000000000000e+00
2.710002486691998342e+02 1.600000000000000000e+01 4.000000000000000000e+00
2.720002486692000616e+02 1.500000000000000000e+01 3.000000000000000000e+00
2.730002486692002890e+02 1.500000000000000000e+01 5.000000000000000000e+00
2.740002486692005164e+02 1.500000000000000000e+01 5.000000000000000000e+00
2.750002486692007437e+02 1.500000000000000000e+01 5.000000000000000000e+00
2.760002486692009711e+02 1.500000000000000000e+01 3.000000000000000000e+00
2.770002486692011985e+02 1.500000000000000000e+01 5.000000000000000000e+00
2.780002486692014259e+02 1.400000000000000000e+01 4.000000000000000000e+00
2.790002486692016532e+02 1.400000000000000000e+01 5.000000000000000000e+00
2.800002486692018806e+02 1.400000000000000000e+01 5.000000000000000000e+00
2.810002486692021080e+02 1.600000000000000000e+01 8.000000000000000000e+00
2.820002486692023353e+02 1.600000000000000000e+01 7.000000000000000000e+00
2.830002486692025627e+02 1.700000000000000000e+01 7.000000000000000000e+00
2.840002486692027901e+02 1.600000000000000000e+01 8.000000000000000000e+00
2.850002486692030175e+02 1.600000000000000000e+01 8.000000000000000000e+00
2.860002486692032448e+02 1.600000000000000000e+01 7.000000000000000000e+00
2.870002486692034722e+02 1.700000000000000000e+01 1.000000000000000000e+01
2.880002486692036996e+02 1.700000000000000000e+01 1.200000000000000000e+01
2.890002486692039270e+02 1.700000000000000000e+01 9.000000000000000000e+00
2.900002486692041543e+02 1.800000000000000000e+01 9.000000000000000000e+00
2.910002486692043817e+02 1.900000000000000000e+01 9.000000000000000000e+00
2.920002486692046091e+02 1.600000000000000000e+01 9.000000000000000000e+00
2.930002486692048365e+02 1.600000000000000000e+01 9.000000000000000000e+00
2.940002486692050638e+02 1.700000000000000000e+01 1.100000000000000000e+01
2.950002486692052912e+02 1.800000000000000000e+01 9.000000000000000000e+00
2.960000187775058862e+02 1.700000000000000000e+01 1.000000000000000000e+01
2.970002486692057460e+02 1.600000000000000000e+01 1.000000000000000000e+01
2.980002486692059733e+02 1.400000000000000000e+01 1.000000000000000000e+01
2.990002486692062007e+02 1.300000000000000000e+01 1.000000000000000000e+01
3.000002486692064281e+02 1.200000000000000000e+01 1.000000000000000000e+01
