0.000000000000000000e+00 0.000000000000000000e+00 0.000000000000000000e+00
1.001450500917714592e+00 1.000000000000000000e+00 1.000000000000000000e+00
2.001450500917715480e+00 3.000000000000000000e+00 3.000000000000000000e+00
3.000208364748727874e+00 3.000000000000000000e+00 3.000000000000000000e+00
4.000725010699585305e+00 4.000000000000000000e+00 4.000000000000000000e+00
5.000485539778212640e+00 6.000000000000000000e+00 6.000000000000000000e+00
6.000913167513814095e+00 7.000000000000000000e+00 7.000000000000000000e+00
7.000555340271066740e+00 7.000000000000000000e+00 7.000000000000000000e+00
8.001450500917703934e+00 7.000000000000000000e+00 7.000000000000000000e+00
9.001450500917700381e+00 6.000000000000000000e+00 6.000000000000000000e+00
1.000099591819459732e+01 6.000000000000000000e+00 6.000000000000000000e+00
1.100145050091769328e+01 7.000000000000000000e+00 7.000000000000000000e+00
1.200145050091768972e+01 7.000000000000000000e+00 7.000000000000000000e+00
1.300145050091768617e+01 8.000000000000000000e+00 8.000000000000000000e+00
1.400145050091768262e+01 9.000000000000000000e+00 9.000000000000000000e+00
1.500145050091767907e+01 1.200000000000000000e+01 1.200000000000000000e+01
1.600145050091767729e+01 1.200000000000000000e+01 1.200000000000000000e+01
1.700116721213086635e+01 1.100000000000000000e+01 1.100000000000000000e+01
1.800145050091770571e+01 1.000000000000000000e+01 1.000000000000000000e+01
1.900145050091771992e+01 9.000000000000000000e+00 9.000000000000000000e+00
2.000072517037629538e+01 9.000000000000000000e+00 9.000000000000000000e+00
2.100035078777878184e+01 6.000000000000000000e+00 6.000000000000000000e+00
2.200145050091776255e+01 6.000000000000000000e+00 7.000000000000000000e+00
2.300145050091777676e+01 6.000000000000000000e+00 7.000000000000000000e+00
2.400145050091779098e+01 7.000000000000000000e+00 7.000000000000000000e+00
2.500145050091780519e+01 8.000000000000000000e+00 8.000000000000000000e+00
2.600106761496029861e+01 8.000000000000000000e+00 8.000000000000000000e+00
2.700145050091783361e+01 8.000000000000000000e+00 8.000000000000000000e+00
2.800138025602416292e+01 9.000000000000000000e+00 9.000000000000000000e+00
2.900145050091786203e+01 7.000000000000000000e+00 7.000000000000000000e+00
3.000145050091787624e+01 8.000000000000000000e+00 8.000000000000000000e+00
3.100145050091789045e+01 1.000000000000000000e+01 1.000000000000000000e+01
3.200145050091790466e+01 1.200000000000000000e+01 1.100000000000000000e+01
3.300116786287370729e+01 1.100000000000000000e+01 1.100000000000000000e+01
3.400145050091793308e+01 1.100000000000000000e+01 1.000000000000000000e+01
3.500145050091794729e+01 1.200000000000000000e+01 1.000000000000000000e+01
3.600145050091796151e+01 1.200000000000000000e+01 1.000000000000000000e+01
3.700125350618555586e+01 1.100000000000000000e+01 1.000000000000000000e+01
3.800145050091798993e+01 1.200000000000000000e+01 1.100000000000000000e+01
3.900145050091800414e+01 1.200000000000000000e+01 1.100000000000000000e+01
4.000145050091801835e+01 1.200000000000000000e+01 1.200000000000000000e+01
4.100145050091803256e+01 1.300000000000000000e+01 1.200000000000000000e+01
4.200083995947225901e+01 1.300000000000000000e+01 1.200000000000000000e+01
4.300145050091806098e+01 1.400000000000000000e+01 1.400000000000000000e+01
4.400108900187802163e+01 1.400000000000000000e+01 1.500000000000000000e+01
4.500050494386376698e+01 1.600000000000000000e+01 1.700000000000000000e+01
4.600145050091810361e+01 1.600000000000000000e+01 1.400000000000000000e+01
4.700145050091811783e+01 1.600000000000000000e+01 1.400000000000000000e+01
4.800145050091813204e+01 1.600000000000000000e+01 1.300000000000000000e+01
4.900145050091814625e+01 1.600000000000000000e+01 1.300000000000000000e+01
5.000145050091816046e+01 1.700000000000000000e+01 1.400000000000000000e+01
5.100145050091817467e+01 1.800000000000000000e+01 1.500000000000000000e+01
5.200145050091818888e+01 1.800000000000000000e+01 1.400000000000000000e+01
5.300145050091820309e+01 1.700000000000000000e+01 1.300000000000000000e+01
5.400145050091821730e+01 1.500000000000000000e+01 1.400000000000000000e+01
5.500145050091823151e+01 1.700000000000000000e+01 1.500000000000000000e+01
5.600128598550845993e+01 1.800000000000000000e+01 1.400000000000000000e+01
5.700145050091825993e+01 1.700000000000000000e+01 1.300000000000000000e+01
5.800145050091827414e+01 1.600000000000000000e+01 1.400000000000000000e+01
5.900145050091828836e+01 1.700000000000000000e+01 1.400000000000000000e+01
6.000145050091830257e+01 1.600000000000000000e+01 1.400000000000000000e+01
6.100145050091831678e+01 1.700000000000000000e+01 1.500000000000000000e+01
6.200145050091833099e+01 1.700000000000000000e+01 1.800000000000000000e+01
6.300145050091834520e+01 1.500000000000000000e+01 1.800000000000000000e+01
6.400145050091835230e+01 1.200000000000000000e+01 1.800000000000000000e+01
6.500145050091829546e+01 9.000000000000000000e+00 1.700000000000000000e+01
6.600145050091823862e+01 7.000000000000000000e+00 1.500000000000000000e+01
6.700145050091818177e+01 5.000000000000000000e+00 1.100000000000000000e+01
6.800145050091812493e+01 4.000000000000000000e+00 1.100000000000000000e+01
6.900145050091806809e+01 4.000000000000000000e+00 1.100000000000000000e+01
7.000145050091801124e+01 3.000000000000000000e+00 9.000000000000000000e+00
7.100145050091795440e+01 5.000000000000000000e+00 9.000000000000000000e+00
7.200145050091789756e+01 5.000000000000000000e+00 9.000000000000000000e+00
7.300125967068548505e+01 3.000000000000000000e+00 1.000000000000000000e+01
7.400035097626381742e+01 2.000000000000000000e+00 1.000000000000000000e+01
7.500145050091772703e+01 2.000000000000000000e+00 1.000000000000000000e+01
7.600085715677771248e+01 0.000000000000000000e+00 1.100000000000000000e+01
7.700145050091761334e+01 1.000000000000000000e+00 1.100000000000000000e+01
7.800145050091755650e+01 2.000000000000000000e+00 1.100000000000000000e+01
7.900145050091749965e+01 4.000000000000000000e+00 9.000000000000000000e+00
8.000145050091744281e+01 5.000000000000000000e+00 9.000000000000000000e+00
8.100145050091738597e+01 5.000000000000000000e+00 8.000000000000000000e+00
8.200145050091732912e+01 6.000000000000000000e+00 9.000000000000000000e+00
8.300145050091727228e+01 6.000000000000000000e+00 9.000000000000000000e+00
8.400145050091721544e+01 5.000000000000000000e+00 1.000000000000000000e+01
8.500053363418980723e+01 6.000000000000000000e+00 9.000000000000000000e+00
8.600145050091710175e+01 7.000000000000000000e+00 1.100000000000000000e+01
8.700145050091704491e+01 6.000000000000000000e+00 1.000000000000000000e+01
8.800145050091698806e+01 8.000000000000000000e+00 1.000000000000000000e+01
8.900145050091693122e+01 7.000000000000000000e+00 7.000000000000000000e+00
9.000145050091687438e+01 7.000000000000000000e+00 5.000000000000000000e+00
9.100145050091681753e+01 8.000000000000000000e+00 8.000000000000000000e+00
9.200145050091676069e+01 8.000000000000000000e+00 8.000000000000000000e+00
9.300145050091670385e+01 9.000000000000000000e+00 7.000000000000000000e+00
9.400043877650229263e+01 9.000000000000000000e+00 9.000000000000000000e+00
9.500145050091659016e+01 8.000000000000000000e+00 9.000000000000000000e+00
9.600046644314714683e+01 9.000000000000000000e+00 1.100000000000000000e+01
9.700145050091647647e+01 1.000000000000000000e+01 1.300000000000000000e+01
9.800145050091641963e+01 1.100000000000000000e+01 1.500000000000000000e+01
9.900145050091636278e+01 1.100000000000000000e+01 1.500000000000000000e+01
1.000014505009163059e+02 1.100000000000000000e+01 1.500000000000000000e+01
1.010014505009162491e+02 1.100000000000000000e+01 1.400000000000000000e+01
1.020014505009161923e+02 1.200000000000000000e+01 1.400000000000000000e+01
1.030014505009161354e+02 1.200000000000000000e+01 1.400000000000000000e+01
1.040014505009160786e+02 1.300000000000000000e+01 1.500000000000000000e+01
1.050005297090751526e+02 1.400000000000000000e+01 1.500000000000000000e+01
1.060014505009159649e+02 1.600000000000000000e+01 1.600000000000000000e+01
1.070014505009159080e+02 1.600000000000000000e+01 1.600000000000000000e+01
1.080014505009158512e+02 1.600000000000000000e+01 1.900000000000000000e+01
1.090006845132944449e+02 1.500000000000000000e+01 1.900000000000000000e+01
1.100005212533609154e+02 1.500000000000000000e+01 1.900000000000000000e+01
1.110014505009156807e+02 1.500000000000000000e+01 1.900000000000000000e+01
1.120014505009156238e+02 1.600000000000000000e+01 1.800000000000000000e+01
1.130000750206641982e+02 1.600000000000000000e+01 2.000000000000000000e+01
1.140014505009155101e+02 1.600000000000000000e+01 1.800000000000000000e+01
1.150014505009154533e+02 1.600000000000000000e+01 1.700000000000000000e+01
1.160014505009153964e+02 1.600000000000000000e+01 1.700000000000000000e+01
1.170014505009153396e+02 1.600000000000000000e+01 1.700000000000000000e+01
1.180014505009152828e+02 1.700000000000000000e+01 1.800000000000000000e+01
1.190014505009152259e+02 1.700000000000000000e+01 1.900000000000000000e+01
1.200014505009151691e+02 1.700000000000000000e+01 1.800000000000000000e+01
1.210014505009151122e+02 1.800000000000000000e+01 1.900000000000000000e+01
1.220014505009150554e+02 1.900000000000000000e+01 2.100000000000000000e+01
1.230001071800154051e+02 1.900000000000000000e+01 2.100000000000000000e+01
1.240014505009149417e+02 1.900000000000000000e+01 2.100000000000000000e+01
1.250012174093849637e+02 2.000000000000000000e+01 2.200000000000000000e+01
1.260014505009148280e+02 2.100000000000000000e+01 2.300000000000000000e+01
1.270014505009147712e+02 2.200000000000000000e+01 2.400000000000000000e+01
1.280014505009147285e+02 2.300000000000000000e+01 2.600000000000000000e+01
1.290014505009146717e+02 2.200000000000000000e+01 2.600000000000000000e+01
1.300014505009146148e+02 2.200000000000000000e+01 2.600000000000000000e+01
1.310014505009145580e+02 2.100000000000000000e+01 2.600000000000000000e+01
1.320003742712182770e+02 2.200000000000000000e+01 2.600000000000000000e+01
1.330014505009144443e+02 2.600000000000000000e+01 2.600000000000000000e+01
1.340014505009143875e+02 2.600000000000000000e+01 2.500000000000000000e+01
1.350014505009143306e+02 2.700000000000000000e+01 2.600000000000000000e+01
1.360014505009142738e+02 2.800000000000000000e+01 2.600000000000000000e+01
1.370014505009142169e+02 2.900000000000000000e+01 2.600000000000000000e+01
1.380014505009141601e+02 2.700000000000000000e+01 2.600000000000000000e+01
1.390014505009141033e+02 2.900000000000000000e+01 2.700000000000000000e+01
1.400014505009140464e+02 2.700000000000000000e+01 2.700000000000000000e+01
1.410002638618981905e+02 2.700000000000000000e+01 2.700000000000000000e+01
1.420014505009139327e+02 2.800000000000000000e+01 2.600000000000000000e+01
1.430014505009138759e+02 2.800000000000000000e+01 2.600000000000000000e+01
1.440012695256805841e+02 2.900000000000000000e+01 2.700000000000000000e+01
1.450000831223572675e+02 3.000000000000000000e+01 2.700000000000000000e+01
1.460013155087582675e+02 2.700000000000000000e+01 2.300000000000000000e+01
1.470014505009136485e+02 2.700000000000000000e+01 2.400000000000000000e+01
1.480011513825294287e+02 2.500000000000000000e+01 2.400000000000000000e+01
1.490014505009135348e+02 2.400000000000000000e+01 2.300000000000000000e+01
1.500014505009134780e+02 2.400000000000000000e+01 2.200000000000000000e+01
1.510014505009134211e+02 2.400000000000000000e+01 2.100000000000000000e+01
1.520014505009133643e+02 2.500000000000000000e+01 2.000000000000000000e+01
1.530003563172014935e+02 2.600000000000000000e+01 2.200000000000000000e+01
1.540014505009132506e+02 2.600000000000000000e+01 2.300000000000000000e+01
1.550014505009131938e+02 2.700000000000000000e+01 2.000000000000000000e+01
1.560014505009131369e+02 2.800000000000000000e+01 2.100000000000000000e+01
1.570007418712690139e+02 2.800000000000000000e+01 1.900000000000000000e+01
1.580014505009130232e+02 2.800000000000000000e+01 1.800000000000000000e+01
1.590014505009129664e+02 2.800000000000000000e+01 1.800000000000000000e+01
1.600014505009129095e+02 2.800000000000000000e+01 1.800000000000000000e+01
1.610014505009128527e+02 2.500000000000000000e+01 1.800000000000000000e+01
1.620014505009127959e+02 2.200000000000000000e+01 1.400000000000000000e+01
1.630014505009127390e+02 2.000000000000000000e+01 1.200000000000000000e+01
1.640014505009126822e+02 2.000000000000000000e+01 8.000000000000000000e+00
1.650014505009126253e+02 1.600000000000000000e+01 8.000000000000000000e+00
1.660014505009125685e+02 1.700000000000000000e+01 1.000000000000000000e+01
1.670011239304792809e+02 1.600000000000000000e+01 1.000000000000000000e+01
1.680014505009124548e+02 1.300000000000000000e+01 1.200000000000000000e+01
1.690014505009123980e+02 1.400000000000000000e+01 1.300000000000000000e+01
1.700014505009123411e+02 1.400000000000000000e+01 1.400000000000000000e+01
1.710014505009122843e+02 1.500000000000000000e+01 1.500000000000000000e+01
1.720014505009122274e+02 1.700000000000000000e+01 1.500000000000000000e+01
1.730014505009121706e+02 1.900000000000000000e+01 1.500000000000000000e+01
1.740014505009121137e+02 1.600000000000000000e+01 1.500000000000000000e+01
1.750014505009120569e+02 1.300000000000000000e+01 1.500000000000000000e+01
1.760014505009120001e+02 1.300000000000000000e+01 1.500000000000000000e+01
1.770014505009119432e+02 1.400000000000000000e+01 1.500000000000000000e+01
1.780014505009118864e+02 1.300000000000000000e+01 1.600000000000000000e+01
1.790014505009118295e+02 1.300000000000000000e+01 1.700000000000000000e+01
1.800014505009117727e+02 1.400000000000000000e+01 1.900000000000000000e+01
1.810014505009117158e+02 1.400000000000000000e+01 1.900000000000000000e+01
1.820014505009116590e+02 1.400000000000000000e+01 2.100000000000000000e+01
1.830014505009116021e+02 1.600000000000000000e+01 2.200000000000000000e+01
1.840014505009115453e+02 1.700000000000000000e+01 2.400000000000000000e+01
1.850014505009114885e+02 1.800000000000000000e+01 2.500000000000000000e+01
1.860014505009114316e+02 1.900000000000000000e+01 2.700000000000000000e+01
1.870014505009113748e+02 2.000000000000000000e+01 2.900000000000000000e+01
1.880014505009113179e+02 2.100000000000000000e+01 2.900000000000000000e+01
1.890014505009112611e+02 2.100000000000000000e+01 2.900000000000000000e+01
1.900014505009112042e+02 1.500000000000000000e+01 3.000000000000000000e+01
1.910014505009111474e+02 1.300000000000000000e+01 2.900000000000000000e+01
1.920014505009110906e+02 1.300000000000000000e+01 2.900000000000000000e+01
1.930011034136069554e+02 1.300000000000000000e+01 2.900000000000000000e+01
1.940014505009109769e+02 1.500000000000000000e+01 2.900000000000000000e+01
1.950014505009109200e+02 1.500000000000000000e+01 2.900000000000000000e+01
1.960014505009108632e+02 1.600000000000000000e+01 3.000000000000000000e+01
1.970014505009108063e+02 1.700000000000000000e+01 3.100000000000000000e+01
1.980014505009107495e+02 1.600000000000000000e+01 3.100000000000000000e+01
1.990014505009106927e+02 1.300000000000000000e+01 3.200000000000000000e+01
2.000014505009106358e+02 1.300000000000000000e+01 3.200000000000000000e+01
2.010014505009105790e+02 1.300000000000000000e+01 3.400000000000000000e+01
2.020014505009105221e+02 1.400000000000000000e+01 3.500000000000000000e+01
2.030014505009104653e+02 1.200000000000000000e+01 4.000000000000000000e+01
2.040014505009104084e+02 1.100000000000000000e+01 3.800000000000000000e+01
2.050014505009103516e+02 1.100000000000000000e+01 3.400000000000000000e+01
2.060014505009102947e+02 1.300000000000000000e+01 2.900000000000000000e+01
2.070014505009102379e+02 1.300000000000000000e+01 2.100000000000000000e+01
2.080008042063065830e+02 1.300000000000000000e+01 2.200000000000000000e+01
2.090014505009101242e+02 1.400000000000000000e+01 2.100000000000000000e+01
2.100014505009100674e+02 1.400000000000000000e+01 1.900000000000000000e+01
2.110014505009100105e+02 1.500000000000000000e+01 1.800000000000000000e+01
2.120014505009099537e+02 1.400000000000000000e+01 1.700000000000000000e+01
2.130014505009098968e+02 1.300000000000000000e+01 1.300000000000000000e+01
2.140014505009098400e+02 1.200000000000000000e+01 1.300000000000000000e+01
2.150014505009097832e+02 1.100000000000000000e+01 1.200000000000000000e+01
2.160014505009097263e+02 8.000000000000000000e+00 1.300000000000000000e+01
2.170014505009096695e+02 9.000000000000000000e+00 1.300000000000000000e+01
2.180014505009096126e+02 7.000000000000000000e+00 1.300000000000000000e+01
2.190014505009095558e+02 9.000000000000000000e+00 1.400000000000000000e+01
2.200003305151177528e+02 8.000000000000000000e+00 1.400000000000000000e+01
2.210014505009094421e+02 1.000000000000000000e+01 1.300000000000000000e+01
2.220014505009093853e+02 1.000000000000000000e+01 1.400000000000000000e+01
2.230014505009093284e+02 1.000000000000000000e+01 1.300000000000000000e+01
2.240001624904088544e+02 9.000000000000000000e+00 1.200000000000000000e+01
2.250014505009092147e+02 9.000000000000000000e+00 1.200000000000000000e+01
2.260014505009091579e+02 1.100000000000000000e+01 9.000000000000000000e+00
2.270014505009091010e+02 9.000000000000000000e+00 6.000000000000000000e+00
2.280014505009090442e+02 1.100000000000000000e+01 5.000000000000000000e+00
2.290014505009089874e+02 1.200000000000000000e+01 5.000000000000000000e+00
2.300014505009089305e+02 1.300000000000000000e+01 3.000000000000000000e+00
2.310011433550423874e+02 1.300000000000000000e+01 1.000000000000000000e+00
2.320002955343879876e+02 1.400000000000000000e+01 2.000000000000000000e+00
2.330005569012382409e+02 1.400000000000000000e+01 3.000000000000000000e+00
2.340013566697208773e+02 1.800000000000000000e+01 4.000000000000000000e+00
2.350014505009086463e+02 1.600000000000000000e+01 4.000000000000000000e+00
2.360014505009085894e+02 1.900000000000000000e+01 4.000000000000000000e+00
2.370014505009085326e+02 1.900000000000000000e+01 5.000000000000000000e+00
2.380014505009084758e+02 1.600000000000000000e+01 5.000000000000000000e+00
2.390014505009084189e+02 1.700000000000000000e+01 6.000000000000000000e+00
2.400014505009083621e+02 1.800000000000000000e+01 6.000000000000000000e+00
2.410014505009083052e+02 1.800000000000000000e+01 5.000000000000000000e+00
2.420000113984002894e+02 1.800000000000000000e+01 5.000000000000000000e+00
2.430014505009081915e+02 1.800000000000000000e+01 6.000000000000000000e+00
2.440001428219224806e+02 1.800000000000000000e+01 8.000000000000000000e+00
2.450001657392470236e+02 1.900000000000000000e+01 7.000000000000000000e+00
2.460014505009080210e+02 1.800000000000000000e+01 7.000000000000000000e+00
2.470014505009079642e+02 1.600000000000000000e+01 8.000000000000000000e+00
2.480014505009079073e+02 1.500000000000000000e+01 1.200000000000000000e+01
2.490014107534462369e+02 1.500000000000000000e+01 1.300000000000000000e+01
2.500014505009077936e+02 1.500000000000000000e+01 1.100000000000000000e+01
2.510014505009077368e+02 1.800000000000000000e+01 1.100000000000000000e+01
2.520012821462715351e+02 1.900000000000000000e+01 1.100000000000000000e+01
2.530011540416076912e+02 2.000000000000000000e+01 1.100000000000000000e+01
2.540014505009075663e+02 1.800000000000000000e+01 1.200000000000000000e+01
2.550014505009075094e+02 1.800000000000000000e+01 1.200000000000000000e+01
2.560014505009074810e+02 1.800000000000000000e+01 1.000000000000000000e+01
2.570014505009077084e+02 1.900000000000000000e+01 9.000000000000000000e+00
2.580014505009079357e+02 1.800000000000000000e+01 9.000000000000000000e+00
2.590004798457840707e+02 1.500000000000000000e+01 8.000000000000000000e+00
2.600007673216705939e+02 1.400000000000000000e+01 8.000000000000000000e+00
2.610011145976473586e+02 1.300000000000000000e+01 5.000000000000000000e+00
2.620014505009088452e+02 1.300000000000000000e+01 6.000000000000000000e+00
2.630014505009090726e+02 1.400000000000000000e+01 7.000000000000000000e+00
2.640005879263073325e+02 1.500000000000000000e+01 8.000000000000000000e+00
2.650014505009095274e+02 1.400000000000000000e+01 8.000000000000000000e+00
2.660009007341318465e+02 1.400000000000000000e+01 8.000000000000000000e+00
2.670014505009099821e+02 1.400000000000000000e+01 1.100000000000000000e+01
2.680014505009102095e+02 1.400000000000000000e+01 1.100000000000000000e+01
2.690014505009104369e+02 1.400000000000000000e+01 1.200000000000000000e+01
2.700014505009106642e+02 1.300000000000000000e+01 1.200000000000000000e+01
2.710014505009108916e+02 1.300000000000000000e+01 1.200000000000000000e+01
2.720014505009111190e+02 1.300000000000000000e+01 1.200000000000000000e+01
2.730014505009113464e+02 1.400000000000000000e+01 1.200000000000000000e+01
2.740013292623692109e+02 1.200000000000000000e+01 1.400000000000000000e+01
2.750014505009118011e+02 7.000000000000000000e+00 1.600000000000000000e+01
2.760014505009120285e+02 6.000000000000000000e+00 1.700000000000000000e+01
2.770014505009122558e+02 5.000000000000000000e+00 1.800000000000000000e+01
2.780014505009124832e+02 5.000000000000000000e+00 1.800000000000000000e+01
2.790014505009127106e+02 6.000000000000000000e+00 2.000000000000000000e+01
2.800014505009129380e+02 6.000000000000000000e+00 1.900000000000000000e+01
2.810014505009131653e+02 6.000000000000000000e+00 1.700000000000000000e+01
2.820014505009133927e+02 6.000000000000000000e+00 1.400000000000000000e+01
2.830014505009136201e+02 7.000000000000000000e+00 1.300000000000000000e+01
2.840006199595967473e+02 8.000000000000000000e+00 1.300000000000000000e+01
2.850014505009140748e+02 9.000000000000000000e+00 1.200000000000000000e+01
2.860014505009143022e+02 3.000000000000000000e+00 1.100000000000000000e+01
2.870014505009145296e+02 3.000000000000000000e+00 1.000000000000000000e+01
2.880014505009147570e+02 3.000000000000000000e+00 1.000000000000000000e+01
2.890009258916178396e+02 3.000000000000000000e+00 1.000000000000000000e+01
2.900014505009152117e+02 3.000000000000000000e+00 1.200000000000000000e+01
2.910014505009154391e+02 4.000000000000000000e+00 1.300000000000000000e+01
2.920014505009156665e+02 5.000000000000000000e+00 1.400000000000000000e+01
2.930014505009158938e+02 6.000000000000000000e+00 1.500000000000000000e+01
2.940014505009161212e+02 8.000000000000000000e+00 1.300000000000000000e+01
2.950014505009163486e+02 7.000000000000000000e+00 1.100000000000000000e+01
2.960014505009165759e+02 9.000000000000000000e+00 1.100000000000000000e+01
2.970014505009168033e+02 1.100000000000000000e+01 8.000000000000000000e+00
2.980014505009170307e+02 9.000000000000000000e+00 8.000000000000000000e+00
2.990014505009172581e+02 1.000000000000000000e+01 1.000000000000000000e+01
3.000014505009174854e+02 1.100000000000000000e+01 1.100000000000000000e+01
