0.000000000000000000e+00 0.000000000000000000e+00 0.000000000000000000e+00
1.000539990413389368e+00 2.000000000000000000e+00 2.000000000000000000e+00
2.000539990413390257e+00 2.000000000000000000e+00 2.000000000000000000e+00
3.000539990413391145e+00 1.000000000000000000e+00 1.000000000000000000e+00
4.000539990413392033e+00 2.000000000000000000e+00 2.000000000000000000e+00
5.000472590715465238e+00 2.000000000000000000e+00 2.000000000000000000e+00
6.000539990413384928e+00 2.000000000000000000e+00 2.000000000000000000e+00
7.000539990413381375e+00 2.000000000000000000e+00 2.000000000000000000e+00
8.000539990413377822e+00 3.000000000000000000e+00 3.000000000000000000e+00
9.000539990413374269e+00 4.000000000000000000e+00 4.000000000000000000e+00
1.000053999041337072e+01 5.000000000000000000e+00 5.000000000000000000e+00
1.100053999041336716e+01 4.000000000000000000e+00 4.000000000000000000e+00
1.200053999041336361e+01 4.000000000000000000e+00 4.000000000000000000e+00
1.300053999041336006e+01 6.000000000000000000e+00 6.000000000000000000e+00
1.400053999041335651e+01 6.000000000000000000e+00 6.000000000000000000e+00
1.500053999041335295e+01 5.000000000000000000e+00 5.000000000000000000e+00
1.600053999041335118e+01 5.000000000000000000e+00 5.000000000000000000e+00
1.700053999041336539e+01 8.000000000000000000e+00 8.000000000000000000e+00
1.800053999041337960e+01 6.000000000000000000e+00 6.000000000000000000e+00
1.900053999041339381e+01 7.000000000000000000e+00 7.000000000000000000e+00
2.000053999041340802e+01 7.000000000000000000e+00 7.000000000000000000e+00
2.100053999041342223e+01 6.000000000000000000e+00 6.000000000000000000e+00
2.200015710320912277e+01 6.000000000000000000e+00 6.000000000000000000e+00
2.300053999041345065e+01 6.000000000000000000e+00 6.000000000000000000e+00
2.400053999041346486e+01 6.000000000000000000e+00 7.000000000000000000e+00
2.500053999041347907e+01 6.000000000000000000e+00 6.000000000000000000e+00
2.600053999041349329e+01 8.000000000000000000e+00 8.000000000000000000e+00
2.700053999041350750e+01 9.000000000000000000e+00 7.000000000000000000e+00
2.800025405230582010e+01 7.000000000000000000e+00 7.000000000000000000e+00
2.900053999041353592e+01 7.000000000000000000e+00 7.000000000000000000e+00
3.000053999041355013e+01 9.000000000000000000e+00 8.000000000000000000e+00
3.100053999041356434e+01 9.000000000000000000e+00 9.000000000000000000e+00
3.200053999041357855e+01 9.000000000000000000e+00 1.100000000000000000e+01
3.300053999041359276e+01 1.100000000000000000e+01 1.100000000000000000e+01
3.400053999041360697e+01 1.400000000000000000e+01 1.400000000000000000e+01
3.500053999041362118e+01 1.300000000000000000e+01 1.300000000000000000e+01
3.600053999041363539e+01 1.000000000000000000e+01 1.300000000000000000e+01
3.700053999041364960e+01 9.000000000000000000e+00 1.400000000000000000e+01
3.800053999041366382e+01 8.000000000000000000e+00 1.500000000000000000e+01
3.900053999041367803e+01 7.000000000000000000e+00 1.500000000000000000e+01
4.000053999041369224e+01 7.000000000000000000e+00 1.400000000000000000e+01
4.100053999041370645e+01 7.000000000000000000e+00 1.500000000000000000e+01
4.200053999041372066e+01 7.000000000000000000e+00 1.400000000000000000e+01
4.300031482677810146e+01 8.000000000000000000e+00 1.500000000000000000e+01
4.400053999041374908e+01 8.000000000000000000e+00 1.500000000000000000e+01
4.500053999041376329e+01 8.000000000000000000e+00 1.400000000000000000e+01
4.600053999041377750e+01 7.000000000000000000e+00 1.300000000000000000e+01
4.700053999041379171e+01 6.000000000000000000e+00 1.300000000000000000e+01
4.800053999041380592e+01 7.000000000000000000e+00 1.200000000000000000e+01
4.900053999041382014e+01 8.000000000000000000e+00 1.300000000000000000e+01
5.000053999041383435e+01 8.000000000000000000e+00 1.200000000000000000e+01
5.100053999041384856e+01 9.000000000000000000e+00 1.300000000000000000e+01
5.200053999041386277e+01 9.000000000000000000e+00 1.300000000000000000e+01
5.300053999041387698e+01 9.000000000000000000e+00 1.300000000000000000e+01
5.400053999041389119e+01 9.000000000000000000e+00 1.300000000000000000e+01
5.500053999041390540e+01 1.100000000000000000e+01 1.400000000000000000e+01
5.600053999041391961e+01 1.100000000000000000e+01 1.400000000000000000e+01
5.700053999041393382e+01 1.300000000000000000e+01 1.700000000000000000e+01
5.800053999041394803e+01 1.300000000000000000e+01 1.800000000000000000e+01
5.900053999041396224e+01 1.200000000000000000e+01 1.600000000000000000e+01
6.000053999041397645e+01 1.200000000000000000e+01 1.600000000000000000e+01
6.100053999041399067e+01 1.300000000000000000e+01 1.700000000000000000e+01
6.200053999041400488e+01 1.500000000000000000e+01 1.800000000000000000e+01
6.300053999041401909e+01 1.500000000000000000e+01 1.900000000000000000e+01
6.400022515611514962e+01 1.700000000000000000e+01 1.800000000000000000e+01
6.500053999041396935e+01 1.700000000000000000e+01 1.800000000000000000e+01
6.600053999041391251e+01 1.900000000000000000e+01 2.000000000000000000e+01
6.700053999041385566e+01 1.900000000000000000e+01 2.200000000000000000e+01
6.800053999041379882e+01 2.000000000000000000e+01 2.200000000000000000e+01
6.900053999041374198e+01 2.300000000000000000e+01 2.400000000000000000e+01
7.000053999041368513e+01 2.200000000000000000e+01 2.300000000000000000e+01
7.100053999041362829e+01 2.100000000000000000e+01 2.200000000000000000e+01
7.200053999041357145e+01 2.100000000000000000e+01 2.300000000000000000e+01
7.300053999041351460e+01 2.200000000000000000e+01 2.300000000000000000e+01
7.400053999041345776e+01 2.200000000000000000e+01 2.300000000000000000e+01
7.500053999041340091e+01 2.400000000000000000e+01 2.500000000000000000e+01
7.600053999041334407e+01 2.500000000000000000e+01 2.500000000000000000e+01
7.700053999041328723e+01 2.500000000000000000e+01 2.500000000000000000e+01
7.800053999041323038e+01 2.500000000000000000e+01 2.500000000000000000e+01
7.900053999041317354e+01 2.600000000000000000e+01 2.500000000000000000e+01
8.000053999041311670e+01 2.700000000000000000e+01 2.600000000000000000e+01
8.100053999041305985e+01 2.700000000000000000e+01 2.600000000000000000e+01
8.200053999041300301e+01 2.700000000000000000e+01 2.500000000000000000e+01
8.300053999041294617e+01 2.700000000000000000e+01 2.600000000000000000e+01
8.400053999041288932e+01 2.600000000000000000e+01 2.500000000000000000e+01
8.500053999041283248e+01 2.700000000000000000e+01 2.100000000000000000e+01
8.600053999041277564e+01 2.600000000000000000e+01 1.600000000000000000e+01
8.700053999041271879e+01 2.600000000000000000e+01 1.400000000000000000e+01
8.800053999041266195e+01 2.700000000000000000e+01 1.300000000000000000e+01
8.900053999041260511e+01 2.700000000000000000e+01 1.500000000000000000e+01
9.000053999041254826e+01 2.700000000000000000e+01 1.500000000000000000e+01
9.100053999041249142e+01 2.800000000000000000e+01 1.600000000000000000e+01
9.200053999041243458e+01 2.800000000000000000e+01 1.400000000000000000e+01
9.300053999041237773e+01 2.900000000000000000e+01 1.100000000000000000e+01
9.400053999041232089e+01 3.200000000000000000e+01 1.200000000000000000e+01
9.500053999041226405e+01 3.400000000000000000e+01 1.100000000000000000e+01
9.600053999041220720e+01 3.400000000000000000e+01 1.000000000000000000e+01
9.700053999041215036e+01 3.500000000000000000e+01 9.000000000000000000e+00
9.800053999041209352e+01 3.400000000000000000e+01 1.000000000000000000e+01
9.900053999041203667e+01 3.500000000000000000e+01 1.200000000000000000e+01
1.000005399904119798e+02 3.600000000000000000e+01 1.200000000000000000e+01
1.010005399904119230e+02 3.600000000000000000e+01 1.200000000000000000e+01
1.020005399904118661e+02 3.800000000000000000e+01 1.400000000000000000e+01
1.030005399904118093e+02 3.800000000000000000e+01 1.200000000000000000e+01
1.040005399904117525e+02 3.800000000000000000e+01 1.000000000000000000e+01
1.050005399904116956e+02 3.700000000000000000e+01 9.000000000000000000e+00
1.060005399904116388e+02 3.900000000000000000e+01 1.100000000000000000e+01
1.070003496538263903e+02 3.900000000000000000e+01 1.100000000000000000e+01
1.080005399904115251e+02 4.000000000000000000e+01 9.000000000000000000e+00
1.090005399904114682e+02 3.800000000000000000e+01 7.000000000000000000e+00
1.100005399904114114e+02 3.600000000000000000e+01 1.000000000000000000e+01
1.110005399904113546e+02 3.600000000000000000e+01 7.000000000000000000e+00
1.120005399904112977e+02 3.500000000000000000e+01 6.000000000000000000e+00
1.130003333488668176e+02 3.500000000000000000e+01 5.000000000000000000e+00
1.140005399904111840e+02 3.500000000000000000e+01 6.000000000000000000e+00
1.150005399904111272e+02 3.500000000000000000e+01 9.000000000000000000e+00
1.160005399904110703e+02 3.600000000000000000e+01 8.000000000000000000e+00
1.170005399904110135e+02 3.600000000000000000e+01 7.000000000000000000e+00
1.180003234659524622e+02 3.500000000000000000e+01 7.000000000000000000e+00
1.190005399904108998e+02 3.400000000000000000e+01 7.000000000000000000e+00
1.200005399904108430e+02 3.400000000000000000e+01 9.000000000000000000e+00
1.210002118269890303e+02 3.100000000000000000e+01 9.000000000000000000e+00
1.220005399904107293e+02 3.000000000000000000e+01 9.000000000000000000e+00
1.230005399904106724e+02 3.100000000000000000e+01 8.000000000000000000e+00
1.240005399904106156e+02 3.100000000000000000e+01 7.000000000000000000e+00
1.250005399904105587e+02 3.000000000000000000e+01 8.000000000000000000e+00
1.260005399904105019e+02 3.000000000000000000e+01 7.000000000000000000e+00
1.270005399904104451e+02 3.200000000000000000e+01 9.000000000000000000e+00
1.280005399904104024e+02 3.400000000000000000e+01 1.100000000000000000e+01
1.290005399904103456e+02 3.200000000000000000e+01 1.000000000000000000e+01
1.300005399904102887e+02 3.000000000000000000e+01 1.100000000000000000e+01
1.310005399904102319e+02 2.300000000000000000e+01 9.000000000000000000e+00
1.320005399904101751e+02 1.700000000000000000e+01 9.000000000000000000e+00
1.330005399904101182e+02 1.300000000000000000e+01 8.000000000000000000e+00
1.340005399904100614e+02 1.500000000000000000e+01 9.000000000000000000e+00
1.350005399904100045e+02 1.400000000000000000e+01 1.000000000000000000e+01
1.360005399904099477e+02 1.400000000000000000e+01 1.200000000000000000e+01
1.370005399904098908e+02 1.300000000000000000e+01 1.100000000000000000e+01
1.380005399904098340e+02 1.400000000000000000e+01 1.100000000000000000e+01
1.390005399904097771e+02 1.400000000000000000e+01 1.200000000000000000e+01
1.400005399904097203e+02 1.400000000000000000e+01 1.300000000000000000e+01
1.410005399904096635e+02 1.300000000000000000e+01 1.600000000000000000e+01
1.420005399904096066e+02 1.300000000000000000e+01 1.600000000000000000e+01
1.430005399904095498e+02 1.500000000000000000e+01 1.800000000000000000e+01
1.440005399904094929e+02 1.300000000000000000e+01 1.900000000000000000e+01
1.450005399904094361e+02 1.200000000000000000e+01 2.000000000000000000e+01
1.460000545697797065e+02 1.500000000000000000e+01 2.100000000000000000e+01
1.470005399904093224e+02 1.600000000000000000e+01 1.900000000000000000e+01
1.480005399904092656e+02 1.600000000000000000e+01 1.800000000000000000e+01
1.490005399904092087e+02 1.300000000000000000e+01 1.700000000000000000e+01
1.500000633060607242e+02 1.200000000000000000e+01 1.900000000000000000e+01
1.510005399904090950e+02 9.000000000000000000e+00 1.700000000000000000e+01
1.520005021322910750e+02 6.000000000000000000e+00 1.500000000000000000e+01
1.530005399904089813e+02 7.000000000000000000e+00 1.500000000000000000e+01
1.540005399904089245e+02 5.000000000000000000e+00 1.500000000000000000e+01
1.550005399904088677e+02 6.000000000000000000e+00 1.500000000000000000e+01
1.560005399904088108e+02 5.000000000000000000e+00 1.500000000000000000e+01
1.570005399904087540e+02 5.000000000000000000e+00 1.500000000000000000e+01
1.580005399904086971e+02 6.000000000000000000e+00 1.500000000000000000e+01
1.590005399904086403e+02 6.000000000000000000e+00 1.600000000000000000e+01
1.600005399904085834e+02 6.000000000000000000e+00 1.600000000000000000e+01
1.610005399904085266e+02 8.000000000000000000e+00 1.700000000000000000e+01
1.620005399904084697e+02 1.100000000000000000e+01 1.800000000000000000e+01
1.630002660576960238e+02 1.100000000000000000e+01 1.800000000000000000e+01
1.640005399904083561e+02 1.100000000000000000e+01 1.900000000000000000e+01
1.650005399904082992e+02 1.100000000000000000e+01 1.700000000000000000e+01
1.660005399904082424e+02 1.200000000000000000e+01 1.700000000000000000e+01
1.670002818325093301e+02 1.300000000000000000e+01 1.800000000000000000e+01
1.680005399904081287e+02 1.300000000000000000e+01 1.900000000000000000e+01
1.690005399904080718e+02 1.400000000000000000e+01 1.900000000000000000e+01
1.700005399904080150e+02 1.700000000000000000e+01 1.900000000000000000e+01
1.710003745862863695e+02 1.700000000000000000e+01 1.900000000000000000e+01
1.720005399904079013e+02 1.700000000000000000e+01 1.900000000000000000e+01
1.730000824076545314e+02 1.900000000000000000e+01 2.100000000000000000e+01
1.740005399904077876e+02 1.600000000000000000e+01 2.100000000000000000e+01
1.750005399904077308e+02 1.300000000000000000e+01 2.200000000000000000e+01
1.760005399904076739e+02 1.400000000000000000e+01 2.200000000000000000e+01
1.770005399904076171e+02 1.500000000000000000e+01 2.200000000000000000e+01
1.780005399904075603e+02 1.500000000000000000e+01 2.300000000000000000e+01
1.790005399904075034e+02 1.600000000000000000e+01 2.300000000000000000e+01
1.800005399904074466e+02 1.800000000000000000e+01 2.300000000000000000e+01
1.810005399904073897e+02 1.700000000000000000e+01 2.200000000000000000e+01
1.820005399904073329e+02 1.700000000000000000e+01 2.200000000000000000e+01
1.830005399904072760e+02 1.900000000000000000e+01 2.400000000000000000e+01
1.840003720584245457e+02 1.800000000000000000e+01 2.400000000000000000e+01
1.850005399904071623e+02 1.800000000000000000e+01 2.500000000000000000e+01
1.860005399904071055e+02 1.800000000000000000e+01 2.600000000000000000e+01
1.870005399904070487e+02 2.000000000000000000e+01 2.600000000000000000e+01
1.880005399904069918e+02 1.800000000000000000e+01 2.600000000000000000e+01
1.890005399904069350e+02 1.800000000000000000e+01 2.600000000000000000e+01
1.900005399904068781e+02 1.400000000000000000e+01 2.400000000000000000e+01
1.910005399904068213e+02 1.300000000000000000e+01 2.400000000000000000e+01
1.920005399904067644e+02 1.200000000000000000e+01 2.400000000000000000e+01
1.930005399904067076e+02 1.100000000000000000e+01 2.400000000000000000e+01
1.940005399904066508e+02 1.200000000000000000e+01 2.400000000000000000e+01
1.950005399904065939e+02 1.000000000000000000e+01 2.400000000000000000e+01
1.960005399904065371e+02 9.000000000000000000e+00 2.600000000000000000e+01
1.970005399904064802e+02 9.000000000000000000e+00 2.600000000000000000e+01
1.980005399904064234e+02 1.000000000000000000e+01 2.600000000000000000e+01
1.990005399904063665e+02 1.000000000000000000e+01 2.800000000000000000e+01
2.000005399904063097e+02 1.000000000000000000e+01 3.000000000000000000e+01
2.010005399904062529e+02 1.000000000000000000e+01 2.800000000000000000e+01
2.020005399904061960e+02 1.000000000000000000e+01 2.700000000000000000e+01
2.030005399904061392e+02 1.000000000000000000e+01 2.900000000000000000e+01
2.040005399904060823e+02 9.000000000000000000e+00 2.700000000000000000e+01
2.050005399904060255e+02 1.000000000000000000e+01 2.100000000000000000e+01
2.060005399904059686e+02 1.000000000000000000e+01 1.800000000000000000e+01
2.070005399904059118e+02 9.000000000000000000e+00 1.600000000000000000e+01
2.080005399904058550e+02 9.000000000000000000e+00 1.500000000000000000e+01
2.090005399904057981e+02 9.000000000000000000e+00 1.500000000000000000e+01
2.100000674980828990e+02 1.000000000000000000e+01 1.500000000000000000e+01
2.110005399904056844e+02 1.000000000000000000e+01 1.500000000000000000e+01
2.120005399904056276e+02 1.200000000000000000e+01 1.600000000000000000e+01
2.130005399904055707e+02 1.200000000000000000e+01 1.600000000000000000e+01
2.140005399904055139e+02 1.200000000000000000e+01 1.700000000000000000e+01
2.150005399904054570e+02 1.200000000000000000e+01 1.700000000000000000e+01
2.160005399904054002e+02 1.400000000000000000e+01 1.800000000000000000e+01
2.170005399904053434e+02 1.500000000000000000e+01 1.900000000000000000e+01
2.180005399904052865e+02 1.500000000000000000e+01 1.900000000000000000e+01
2.190005399904052297e+02 1.500000000000000000e+01 2.000000000000000000e+01
2.200005399904051728e+02 1.500000000000000000e+01 1.900000000000000000e+01
2.210005399904051160e+02 1.600000000000000000e+01 1.900000000000000000e+01
2.220005399904050591e+02 1.600000000000000000e+01 1.800000000000000000e+01
2.230005399904050023e+02 1.600000000000000000e+01 1.700000000000000000e+01
2.240005399904049455e+02 1.300000000000000000e+01 1.600000000000000000e+01
2.250005399904048886e+02 1.300000000000000000e+01 1.100000000000000000e+01
2.260005399904048318e+02 1.300000000000000000e+01 9.000000000000000000e+00
2.270005399904047749e+02 1.300000000000000000e+01 8.000000000000000000e+00
2.280005399904047181e+02 1.300000000000000000e+01 7.000000000000000000e+00
2.290005399904046612e+02 1.100000000000000000e+01 7.000000000000000000e+00
2.300005399904046044e+02 1.100000000000000000e+01 9.000000000000000000e+00
2.310005399904045476e+02 1.200000000000000000e+01 1.100000000000000000e+01
2.320005399904044907e+02 1.200000000000000000e+01 1.200000000000000000e+01
2.330005399904044339e+02 1.200000000000000000e+01 1.200000000000000000e+01
2.340005399904043770e+02 1.200000000000000000e+01 1.200000000000000000e+01
2.350005399904043202e+02 1.400000000000000000e+01 9.000000000000000000e+00
2.360000808063011846e+02 1.300000000000000000e+01 1.000000000000000000e+01
2.370005399904042065e+02 1.300000000000000000e+01 1.000000000000000000e+01
2.380005399904041496e+02 1.300000000000000000e+01 1.100000000000000000e+01
2.390004338982933803e+02 1.300000000000000000e+01 1.200000000000000000e+01
2.400005399904040360e+02 1.500000000000000000e+01 1.400000000000000000e+01
2.410005399904039791e+02 1.500000000000000000e+01 1.500000000000000000e+01
2.420005399904039223e+02 1.200000000000000000e+01 1.500000000000000000e+01
2.430005399904038654e+02 1.200000000000000000e+01 1.500000000000000000e+01
2.440005399904038086e+02 1.300000000000000000e+01 1.600000000000000000e+01
2.450005399904037517e+02 1.400000000000000000e+01 1.600000000000000000e+01
2.460005399904036949e+02 1.400000000000000000e+01 1.800000000000000000e+01
2.470005399904036381e+02 1.500000000000000000e+01 1.900000000000000000e+01
2.480005399904035812e+02 1.600000000000000000e+01 2.100000000000000000e+01
2.490000501687717076e+02 1.600000000000000000e+01 1.900000000000000000e+01
2.500005399904034675e+02 1.700000000000000000e+01 1.800000000000000000e+01
2.510005399904034107e+02 1.800000000000000000e+01 1.700000000000000000e+01
2.520005399904033538e+02 1.800000000000000000e+01 1.900000000000000000e+01
2.530005399904032970e+02 1.200000000000000000e+01 2.100000000000000000e+01
2.540005399904032402e+02 9.000000000000000000e+00 2.000000000000000000e+01
2.550005399904031833e+02 3.000000000000000000e+00 1.900000000000000000e+01
2.560005399904031265e+02 3.000000000000000000e+00 2.100000000000000000e+01
2.570005399904033538e+02 3.000000000000000000e+00 1.900000000000000000e+01
2.580005399904035812e+02 2.000000000000000000e+00 1.700000000000000000e+01
2.590005399904038086e+02 4.000000000000000000e+00 1.800000000000000000e+01
2.600005399904040360e+02 3.000000000000000000e+00 1.600000000000000000e+01
2.610005399904042633e+02 0.000000000000000000e+00 1.500000000000000000e+01
2.620005399904044907e+02 1.000000000000000000e+00 1.300000000000000000e+01
2.630005399904047181e+02 1.000000000000000000e+00 1.100000000000000000e+01
2.640005399904049455e+02 1.000000000000000000e+00 1.100000000000000000e+01
2.650005399904051728e+02 1.000000000000000000e+00 1.100000000000000000e+01
2.660005399904054002e+02 3.000000000000000000e+00 1.100000000000000000e+01
2.670005399904056276e+02 5.000000000000000000e+00 1.100000000000000000e+01
2.680005399904058550e+02 5.000000000000000000e+00 1.200000000000000000e+01
2.690005399904060823e+02 4.000000000000000000e+00 1.100000000000000000e+01
2.700001809223778650e+02 3.000000000000000000e+00 1.200000000000000000e+01
2.710005399904065371e+02 1.000000000000000000e+00 1.200000000000000000e+01
2.720005399904067644e+02 5.000000000000000000e+00 1.100000000000000000e+01
2.730005399904069918e+02 2.000000000000000000e+00 1.200000000000000000e+01
2.740005399904072192e+02 2.000000000000000000e+00 1.300000000000000000e+01
2.750005399904074466e+02 3.000000000000000000e+00 1.200000000000000000e+01
2.760005399904076739e+02 4.000000000000000000e+00 1.100000000000000000e+01
2.770005399904079013e+02 4.000000000000000000e+00 1.200000000000000000e+01
2.780005399904081287e+02 2.000000000000000000e+00 1.200000000000000000e+01
2.790005399904083561e+02 3.000000000000000000e+00 1.300000000000000000e+01
2.800005399904085834e+02 2.000000000000000000e+00 1.200000000000000000e+01
2.810005399904088108e+02 2.000000000000000000e+00 1.200000000000000000e+01
2.820005399904090382e+02 2.000000000000000000e+00 1.200000000000000000e+01
2.830005399904092656e+02 2.000000000000000000e+00 1.300000000000000000e+01
2.840005399904094929e+02 1.000000000000000000e+00 7.000000000000000000e+00
2.850005399904097203e+02 2.000000000000000000e+00 6.000000000000000000e+00
2.860005399904099477e+02 2.000000000000000000e+00 8.000000000000000000e+00
2.870005399904101751e+02 0.000000000000000000e+00 6.000000000000000000e+00
2.880005399904104024e+02 0.000000000000000000e+00 3.000000000000000000e+00
2.890005399904106298e+02 0.000000000000000000e+00 2.000000000000000000e+00
2.900005343773304958e+02 0.000000000000000000e+00 2.000000000000000000e+00
2.910005399904110845e+02 0.000000000000000000e+00 2.000000000000000000e+00
2.920005399904113119e+02 1.000000000000000000e+00 3.000000000000000000e+00
2.930005399904115393e+02 2.000000000000000000e+00 3.000000000000000000e+00
2.940005399904117667e+02 2.000000000000000000e+00 3.000000000000000000e+00
2.950005399904119940e+02 3.000000000000000000e+00 3.000000000000000000e+00
2.960000086659705403e+02 2.000000000000000000e+00 4.000000000000000000e+00
2.970005399904124488e+02 3.000000000000000000e+00 6.000000000000000000e+00
2.980005399904126762e+02 4.000000000000000000e+00 6.000000000000000000e+00
2.990005399904129035e+02 2.000000000000000000e+00 6.000000000000000000e+00
3.000005399904131309e+02 3.000000000000000000e+00 4.000000000000000000e+00
