0.000000000000000000e+00 0.000000000000000000e+00 0.000000000000000000e+00
1.000304263452160169e+00 1.000000000000000000e+00 1.000000000000000000e+00
2.000304263452160836e+00 4.000000000000000000e+00 4.000000000000000000e+00
3.000304263452161724e+00 4.000000000000000000e+00 4.000000000000000000e+00
4.000304263452162168e+00 4.000000000000000000e+00 4.000000000000000000e+00
5.000304263452158615e+00 4.000000000000000000e+00 4.000000000000000000e+00
6.000304263452155062e+00 5.000000000000000000e+00 5.000000000000000000e+00
7.000304263452151510e+00 6.000000000000000000e+00 6.000000000000000000e+00
8.000304263452148845e+00 7.000000000000000000e+00 7.000000000000000000e+00
9.000304263452145292e+00 7.000000000000000000e+00 7.000000000000000000e+00
1.000030426345214174e+01 9.000000000000000000e+00 9.000000000000000000e+00
1.100030426345213819e+01 1.100000000000000000e+01 1.100000000000000000e+01
1.200030426345213463e+01 1.200000000000000000e+01 1.200000000000000000e+01
1.300030426345213108e+01 1.100000000000000000e+01 1.100000000000000000e+01
1.400030426345212753e+01 1.000000000000000000e+01 1.000000000000000000e+01
1.500030426345212398e+01 8.000000000000000000e+00 7.000000000000000000e+00
1.600030426345212220e+01 8.000000000000000000e+00 7.000000000000000000e+00
1.700030426345213641e+01 7.000000000000000000e+00 5.000000000000000000e+00
1.800030426345215062e+01 5.000000000000000000e+00 4.000000000000000000e+00
1.900030426345216483e+01 3.000000000000000000e+00 2.000000000000000000e+00
2.000030426345217904e+01 3.000000000000000000e+00 3.000000000000000000e+00
2.100030426345219325e+01 2.000000000000000000e+00 2.000000000000000000e+00
2.200030426345220746e+01 4.000000000000000000e+00 4.000000000000000000e+00
2.300030426345222168e+01 5.000000000000000000e+00 4.000000000000000000e+00
2.400030426345223589e+01 7.000000000000000000e+00 5.000000000000000000e+00
2.500030426345225010e+01 6.000000000000000000e+00 3.000000000000000000e+00
2.600030426345226431e+01 7.000000000000000000e+00 5.000000000000000000e+00
2.700030426345227852e+01 6.000000000000000000e+00 3.000000000000000000e+00
2.800030426345229273e+01 6.000000000000000000e+00 2.000000000000000000e+00
2.900030426345230694e+01 6.000000000000000000e+00 3.000000000000000000e+00
3.000030426345232115e+01 5.000000000000000000e+00 3.000000000000000000e+00
3.100030426345233536e+01 5.000000000000000000e+00 2.000000000000000000e+00
3.200030426345234957e+01 7.000000000000000000e+00 3.000000000000000000e+00
3.300030426345236378e+01 7.000000000000000000e+00 4.000000000000000000e+00
3.400030426345237800e+01 7.000000000000000000e+00 4.000000000000000000e+00
3.500030426345239221e+01 6.000000000000000000e+00 4.000000000000000000e+00
3.600030426345240642e+01 6.000000000000000000e+00 5.000000000000000000e+00
3.700009414463164603e+01 6.000000000000000000e+00 5.000000000000000000e+00
3.800030426345243484e+01 7.000000000000000000e+00 6.000000000000000000e+00
3.900030426345244905e+01 7.000000000000000000e+00 6.000000000000000000e+00
4.000030426345246326e+01 1.000000000000000000e+01 1.000000000000000000e+01
4.100030426345247747e+01 1.200000000000000000e+01 1.100000000000000000e+01
4.200030426345249168e+01 1.200000000000000000e+01 1.100000000000000000e+01
4.300030426345250589e+01 1.200000000000000000e+01 1.200000000000000000e+01
4.400030426345252010e+01 1.300000000000000000e+01 1.300000000000000000e+01
4.500030426345253431e+01 1.300000000000000000e+01 1.300000000000000000e+01
4.600030426345254853e+01 1.500000000000000000e+01 1.500000000000000000e+01
4.700030426345256274e+01 1.400000000000000000e+01 1.400000000000000000e+01
4.800030426345257695e+01 1.400000000000000000e+01 1.300000000000000000e+01
4.900030426345259116e+01 1.400000000000000000e+01 1.200000000000000000e+01
5.000030426345260537e+01 1.500000000000000000e+01 1.300000000000000000e+01
5.100030426345261958e+01 1.500000000000000000e+01 1.400000000000000000e+01
5.200030426345263379e+01 1.500000000000000000e+01 1.500000000000000000e+01
5.300009564089983627e+01 1.500000000000000000e+01 1.400000000000000000e+01
5.400030426345266221e+01 1.400000000000000000e+01 1.300000000000000000e+01
5.500030426345267642e+01 1.100000000000000000e+01 1.400000000000000000e+01
5.600030426345269063e+01 1.100000000000000000e+01 1.500000000000000000e+01
5.700030426345270484e+01 1.000000000000000000e+01 1.500000000000000000e+01
5.800030426345271906e+01 1.200000000000000000e+01 1.600000000000000000e+01
5.900030426345273327e+01 1.200000000000000000e+01 1.700000000000000000e+01
6.000030426345274748e+01 1.000000000000000000e+01 1.700000000000000000e+01
6.100030426345276169e+01 5.000000000000000000e+00 1.300000000000000000e+01
6.200030426345277590e+01 5.000000000000000000e+00 1.100000000000000000e+01
6.300030426345279011e+01 5.000000000000000000e+00 1.200000000000000000e+01
6.400030426345280432e+01 2.000000000000000000e+00 1.200000000000000000e+01
6.500030426345274748e+01 3.000000000000000000e+00 1.400000000000000000e+01
6.600030426345269063e+01 1.000000000000000000e+00 1.300000000000000000e+01
6.700030426345263379e+01 3.000000000000000000e+00 1.400000000000000000e+01
6.800030426345257695e+01 3.000000000000000000e+00 1.500000000000000000e+01
6.900030426345252010e+01 3.000000000000000000e+00 1.400000000000000000e+01
7.000030426345246326e+01 3.000000000000000000e+00 1.400000000000000000e+01
7.100030426345240642e+01 4.000000000000000000e+00 1.400000000000000000e+01
7.200030426345234957e+01 3.000000000000000000e+00 1.400000000000000000e+01
7.300030426345229273e+01 3.000000000000000000e+00 1.400000000000000000e+01
7.400030426345223589e+01 3.000000000000000000e+00 1.400000000000000000e+01
7.500030426345217904e+01 3.000000000000000000e+00 1.400000000000000000e+01
7.600030426345212220e+01 3.000000000000000000e+00 1.500000000000000000e+01
7.700030426345206536e+01 3.000000000000000000e+00 1.500000000000000000e+01
7.800030426345200851e+01 6.000000000000000000e+00 1.600000000000000000e+01
7.900030426345195167e+01 9.000000000000000000e+00 1.700000000000000000e+01
8.000030426345189483e+01 9.000000000000000000e+00 1.900000000000000000e+01
8.100030426345183798e+01 8.000000000000000000e+00 2.000000000000000000e+01
8.200030426345178114e+01 8.000000000000000000e+00 1.900000000000000000e+01
8.300030426345172430e+01 9.000000000000000000e+00 1.900000000000000000e+01
8.400030426345166745e+01 6.000000000000000000e+00 1.900000000000000000e+01
8.500030426345161061e+01 7.000000000000000000e+00 1.900000000000000000e+01
8.600030426345155377e+01 8.000000000000000000e+00 2.000000000000000000e+01
8.700030426345149692e+01 8.000000000000000000e+00 2.200000000000000000e+01
8.800030426345144008e+01 8.000000000000000000e+00 2.400000000000000000e+01
8.900030426345138324e+01 7.000000000000000000e+00 2.400000000000000000e+01
9.000030426345132639e+01 8.000000000000000000e+00 2.400000000000000000e+01
9.100030426345126955e+01 7.000000000000000000e+00 2.500000000000000000e+01
9.200030426345121271e+01 6.000000000000000000e+00 2.600000000000000000e+01
9.300030426345115586e+01 7.000000000000000000e+00 2.700000000000000000e+01
9.400030426345109902e+01 8.000000000000000000e+00 2.800000000000000000e+01
9.500030426345104217e+01 5.000000000000000000e+00 3.000000000000000000e+01
9.600030426345098533e+01 2.000000000000000000e+00 3.200000000000000000e+01
9.700030426345092849e+01 0.000000000000000000e+00 3.200000000000000000e+01
9.800030426345087164e+01 0.000000000000000000e+00 3.200000000000000000e+01
9.900030426345081480e+01 2.000000000000000000e+00 3.100000000000000000e+01
1.000003042634507580e+02 1.000000000000000000e+00 2.800000000000000000e+01
1.010003042634507011e+02 2.000000000000000000e+00 2.900000000000000000e+01
1.020003042634506443e+02 0.000000000000000000e+00 2.600000000000000000e+01
1.030003042634505874e+02 0.000000000000000000e+00 2.200000000000000000e+01
1.040003042634505306e+02 1.000000000000000000e+00 2.300000000000000000e+01
1.050003042634504737e+02 1.000000000000000000e+00 2.200000000000000000e+01
1.060003042634504169e+02 1.000000000000000000e+00 2.300000000000000000e+01
1.070003042634503601e+02 2.000000000000000000e+00 2.400000000000000000e+01
1.080003042634503032e+02 1.000000000000000000e+00 2.500000000000000000e+01
1.090003042634502464e+02 1.000000000000000000e+00 2.500000000000000000e+01
1.100003042634501895e+02 1.000000000000000000e+00 2.500000000000000000e+01
1.110003042634501327e+02 0.000000000000000000e+00 2.500000000000000000e+01
1.120003042634500758e+02 1.000000000000000000e+00 2.600000000000000000e+01
1.130003042634500190e+02 0.000000000000000000e+00 2.600000000000000000e+01
1.140003042634499621e+02 0.000000000000000000e+00 2.600000000000000000e+01
1.150003042634499053e+02 2.000000000000000000e+00 2.800000000000000000e+01
1.160001327677677239e+02 2.000000000000000000e+00 2.900000000000000000e+01
1.170003042634497916e+02 3.000000000000000000e+00 2.900000000000000000e+01
1.180003042634497348e+02 4.000000000000000000e+00 2.900000000000000000e+01
1.190003042634496779e+02 7.000000000000000000e+00 2.900000000000000000e+01
1.200003042634496211e+02 8.000000000000000000e+00 2.800000000000000000e+01
1.210003042634495642e+02 8.000000000000000000e+00 2.800000000000000000e+01
1.220003042634495074e+02 8.000000000000000000e+00 2.900000000000000000e+01
1.230003042634494506e+02 8.000000000000000000e+00 2.800000000000000000e+01
1.240003042634493937e+02 9.000000000000000000e+00 2.900000000000000000e+01
1.250003042634493369e+02 9.000000000000000000e+00 3.000000000000000000e+01
1.260003042634492800e+02 1.000000000000000000e+01 3.100000000000000000e+01
1.270003042634492232e+02 1.000000000000000000e+01 3.100000000000000000e+01
1.280001669953472003e+02 1.000000000000000000e+01 3.100000000000000000e+01
1.290003042634491237e+02 1.000000000000000000e+01 3.400000000000000000e+01
1.300003042634490669e+02 1.200000000000000000e+01 3.500000000000000000e+01
1.310003042634490100e+02 1.300000000000000000e+01 3.600000000000000000e+01
1.320003042634489532e+02 1.200000000000000000e+01 3.100000000000000000e+01
1.330003042634488963e+02 1.400000000000000000e+01 2.900000000000000000e+01
1.340003042634488395e+02 1.500000000000000000e+01 2.800000000000000000e+01
1.350003042634487826e+02 1.500000000000000000e+01 2.800000000000000000e+01
1.360003042634487258e+02 1.500000000000000000e+01 2.800000000000000000e+01
1.370003042634486690e+02 1.800000000000000000e+01 2.900000000000000000e+01
1.380003042634486121e+02 1.700000000000000000e+01 2.800000000000000000e+01
1.390003042634485553e+02 9.000000000000000000e+00 2.800000000000000000e+01
1.400003042634484984e+02 7.000000000000000000e+00 2.800000000000000000e+01
1.410003042634484416e+02 9.000000000000000000e+00 2.500000000000000000e+01
1.420003042634483847e+02 8.000000000000000000e+00 2.400000000000000000e+01
1.430003042634483279e+02 8.000000000000000000e+00 2.100000000000000000e+01
1.440003042634482711e+02 7.000000000000000000e+00 2.100000000000000000e+01
1.450003042634482142e+02 7.000000000000000000e+00 2.300000000000000000e+01
1.460003042634481574e+02 8.000000000000000000e+00 2.300000000000000000e+01
1.470003042634481005e+02 8.000000000000000000e+00 2.300000000000000000e+01
1.480003042634480437e+02 7.000000000000000000e+00 2.300000000000000000e+01
1.490003042634479868e+02 8.000000000000000000e+00 2.200000000000000000e+01
1.500003042634479300e+02 8.000000000000000000e+00 2.200000000000000000e+01
1.510003042634478732e+02 9.000000000000000000e+00 2.200000000000000000e+01
1.520003042634478163e+02 9.000000000000000000e+00 2.200000000000000000e+01
1.530003042634477595e+02 1.200000000000000000e+01 2.400000000000000000e+01
1.540003042634477026e+02 1.200000000000000000e+01 2.400000000000000000e+01
1.550003042634476458e+02 1.200000000000000000e+01 2.400000000000000000e+01
1.560001314384216471e+02 1.000000000000000000e+01 2.400000000000000000e+01
1.570003042634475321e+02 6.000000000000000000e+00 2.600000000000000000e+01
1.580003042634474753e+02 6.000000000000000000e+00 2.600000000000000000e+01
1.590003042634474184e+02 8.000000000000000000e+00 2.600000000000000000e+01
1.600003042634473616e+02 8.000000000000000000e+00 2.700000000000000000e+01
1.610003042634473047e+02 8.000000000000000000e+00 2.800000000000000000e+01
1.620003042634472479e+02 9.000000000000000000e+00 2.800000000000000000e+01
1.630003042634471910e+02 9.000000000000000000e+00 2.800000000000000000e+01
1.640003042634471342e+02 9.000000000000000000e+00 2.300000000000000000e+01
1.650003042634470773e+02 1.000000000000000000e+01 2.200000000000000000e+01
1.660003042634470205e+02 7.000000000000000000e+00 2.300000000000000000e+01
1.670003042634469637e+02 6.000000000000000000e+00 1.800000000000000000e+01
1.680003042634469068e+02 6.000000000000000000e+00 1.200000000000000000e+01
1.690003042634468500e+02 3.000000000000000000e+00 1.200000000000000000e+01
1.700003042634467931e+02 1.000000000000000000e+00 1.100000000000000000e+01
1.710003042634467363e+02 2.000000000000000000e+00 9.000000000000000000e+00
1.720003042634466794e+02 1.000000000000000000e+00 7.000000000000000000e+00
1.730003042634466226e+02 2.000000000000000000e+00 5.000000000000000000e+00
1.740003042634465658e+02 4.000000000000000000e+00 6.000000000000000000e+00
1.750003042634465089e+02 3.000000000000000000e+00 6.000000000000000000e+00
1.760003042634464521e+02 5.000000000000000000e+00 7.000000000000000000e+00
1.770003042634463952e+02 5.000000000000000000e+00 6.000000000000000000e+00
1.780003042634463384e+02 5.000000000000000000e+00 5.000000000000000000e+00
1.790003042634462815e+02 5.000000000000000000e+00 6.000000000000000000e+00
1.800003042634462247e+02 6.000000000000000000e+00 6.000000000000000000e+00
1.810003042634461679e+02 6.000000000000000000e+00 7.000000000000000000e+00
1.820003042634461110e+02 7.000000000000000000e+00 8.000000000000000000e+00
1.830003042634460542e+02 7.000000000000000000e+00 7.000000000000000000e+00
1.840003042634459973e+02 6.000000000000000000e+00 7.000000000000000000e+00
1.850003042634459405e+02 7.000000000000000000e+00 6.000000000000000000e+00
1.860003042634458836e+02 6.000000000000000000e+00 7.000000000000000000e+00
1.870003042634458268e+02 7.000000000000000000e+00 8.000000000000000000e+00
1.880003042634457699e+02 9.000000000000000000e+00 8.000000000000000000e+00
1.890003042634457131e+02 9.000000000000000000e+00 9.000000000000000000e+00
1.900003042634456563e+02 9.000000000000000000e+00 1.000000000000000000e+01
1.910003042634455994e+02 1.000000000000000000e+01 1.000000000000000000e+01
1.920003042634455426e+02 1.000000000000000000e+01 1.000000000000000000e+01
1.930003042634454857e+02 1.300000000000000000e+01 1.200000000000000000e+01
1.940003042634454289e+02 1.300000000000000000e+01 1.100000000000000000e+01
1.950003042634453720e+02 1.100000000000000000e+01 9.000000000000000000e+00
1.960003042634453152e+02 1.200000000000000000e+01 9.000000000000000000e+00
1.970003042634452584e+02 1.100000000000000000e+01 8.000000000000000000e+00
1.980003042634452015e+02 1.100000000000000000e+01 7.000000000000000000e+00
1.990003042634451447e+02 1.100000000000000000e+01 7.000000000000000000e+00
2.000003042634450878e+02 1.100000000000000000e+01 7.000000000000000000e+00
2.010000376910506361e+02 1.100000000000000000e+01 1.000000000000000000e+01
2.020003042634449741e+02 1.100000000000000000e+01 1.300000000000000000e+01
2.030002202932787156e+02 1.200000000000000000e+01 1.300000000000000000e+01
2.040003042634448605e+02 1.300000000000000000e+01 1.500000000000000000e+01
2.050003042634448036e+02 1.300000000000000000e+01 1.700000000000000000e+01
2.060003042634447468e+02 1.200000000000000000e+01 1.700000000000000000e+01
2.070003042634446899e+02 1.200000000000000000e+01 1.700000000000000000e+01
2.080003042634446331e+02 1.300000000000000000e+01 1.800000000000000000e+01
2.090003042634445762e+02 1.500000000000000000e+01 1.900000000000000000e+01
2.100003042634445194e+02 1.500000000000000000e+01 1.900000000000000000e+01
2.110003042634444625e+02 1.500000000000000000e+01 2.000000000000000000e+01
2.120002437136248545e+02 1.600000000000000000e+01 1.900000000000000000e+01
2.130003042634443489e+02 1.600000000000000000e+01 1.800000000000000000e+01
2.140003042634442920e+02 1.700000000000000000e+01 2.000000000000000000e+01
2.150003042634442352e+02 1.800000000000000000e+01 2.000000000000000000e+01
2.160003042634441783e+02 1.500000000000000000e+01 2.100000000000000000e+01
2.170003042634441215e+02 1.100000000000000000e+01 2.100000000000000000e+01
2.180003042634440646e+02 1.100000000000000000e+01 2.100000000000000000e+01
2.190003042634440078e+02 1.100000000000000000e+01 2.300000000000000000e+01
2.200003042634439510e+02 9.000000000000000000e+00 2.300000000000000000e+01
2.210003042634438941e+02 8.000000000000000000e+00 2.000000000000000000e+01
2.220003042634438373e+02 9.000000000000000000e+00 1.800000000000000000e+01
2.230003042634437804e+02 9.000000000000000000e+00 1.900000000000000000e+01
2.240003042634437236e+02 9.000000000000000000e+00 1.900000000000000000e+01
2.250003042634436667e+02 9.000000000000000000e+00 1.900000000000000000e+01
2.260002903248511359e+02 1.000000000000000000e+01 2.000000000000000000e+01
2.270003042634435531e+02 9.000000000000000000e+00 2.100000000000000000e+01
2.280003042634434962e+02 9.000000000000000000e+00 2.100000000000000000e+01
2.290001261183389545e+02 9.000000000000000000e+00 2.000000000000000000e+01
2.300003042634433825e+02 9.000000000000000000e+00 2.100000000000000000e+01
2.310003042634433257e+02 1.000000000000000000e+01 2.200000000000000000e+01
2.320003042634432688e+02 1.000000000000000000e+01 2.200000000000000000e+01
2.330003042634432120e+02 9.000000000000000000e+00 2.200000000000000000e+01
2.340003042634431552e+02 9.000000000000000000e+00 2.300000000000000000e+01
2.350003042634430983e+02 9.000000000000000000e+00 2.300000000000000000e+01
2.360003042634430415e+02 9.000000000000000000e+00 1.600000000000000000e+01
2.370003042634429846e+02 1.100000000000000000e+01 1.500000000000000000e+01
2.380003042634429278e+02 1.100000000000000000e+01 1.600000000000000000e+01
2.390000753743657356e+02 1.000000000000000000e+01 1.700000000000000000e+01
2.400003042634428141e+02 1.000000000000000000e+01 1.600000000000000000e+01
2.410003042634427572e+02 1.000000000000000000e+01 1.600000000000000000e+01
2.420003042634427004e+02 1.200000000000000000e+01 1.700000000000000000e+01
2.430003042634426436e+02 1.400000000000000000e+01 1.700000000000000000e+01
2.440003042634425867e+02 1.400000000000000000e+01 1.600000000000000000e+01
2.450003042634425299e+02 1.500000000000000000e+01 1.600000000000000000e+01
2.460003042634424730e+02 1.500000000000000000e+01 1.700000000000000000e+01
2.470003042634424162e+02 1.600000000000000000e+01 1.800000000000000000e+01
2.480003042634423593e+02 1.800000000000000000e+01 1.800000000000000000e+01
2.490003042634423025e+02 1.800000000000000000e+01 1.800000000000000000e+01
2.500003042634422457e+02 1.900000000000000000e+01 1.700000000000000000e+01
2.510003042634421888e+02 1.900000000000000000e+01 1.400000000000000000e+01
2.520003042634421320e+02 1.600000000000000000e+01 1.200000000000000000e+01
2.530003042634420751e+02 1.300000000000000000e+01 1.100000000000000000e+01
2.540003042634420183e+02 1.000000000000000000e+01 1.100000000000000000e+01
2.550003042634419614e+02 9.000000000000000000e+00 1.300000000000000000e+01
2.560000685653100163e+02 9.000000000000000000e+00 1.300000000000000000e+01
2.570003042634421604e+02 9.000000000000000000e+00 1.400000000000000000e+01
2.580003042634423878e+02 1.000000000000000000e+01 1.400000000000000000e+01
2.590003042634426151e+02 1.100000000000000000e+01 1.300000000000000000e+01
2.600003042634428425e+02 1.200000000000000000e+01 1.200000000000000000e+01
2.610003042634430699e+02 1.200000000000000000e+01 1.200000000000000000e+01
2.620002795286565629e+02 1.300000000000000000e+01 1.200000000000000000e+01
2.630003042634435246e+02 1.300000000000000000e+01 1.200000000000000000e+01
2.640003042634437520e+02 1.200000000000000000e+01 1.400000000000000000e+01
2.650003042634439794e+02 1.400000000000000000e+01 1.400000000000000000e+01
2.660003042634442068e+02 1.300000000000000000e+01 1.500000000000000000e+01
2.670003042634444341e+02 1.300000000000000000e+01 1.500000000000000000e+01
2.680003042634446615e+02 1.200000000000000000e+01 1.700000000000000000e+01
2.690003042634448889e+02 1.200000000000000000e+01 2.000000000000000000e+01
2.700003042634451162e+02 1.300000000000000000e+01 2.300000000000000000e+01
2.710003042634453436e+02 1.400000000000000000e+01 2.400000000000000000e+01
2.720003042634455710e+02 1.400000000000000000e+01 2.300000000000000000e+01
2.730003042634457984e+02 1.400000000000000000e+01 2.400000000000000000e+01
2.740003042634460257e+02 1.600000000000000000e+01 2.400000000000000000e+01
2.750003042634462531e+02 1.400000000000000000e+01 2.100000000000000000e+01
2.760003042634464805e+02 1.400000000000000000e+01 2.000000000000000000e+01
2.770003042634467079e+02 1.400000000000000000e+01 1.500000000000000000e+01
2.780003042634469352e+02 1.500000000000000000e+01 1.300000000000000000e+01
2.790001424179546916e+02 1.700000000000000000e+01 1.200000000000000000e+01
2.800003042634473900e+02 1.700000000000000000e+01 1.400000000000000000e+01
2.810003042634476174e+02 1.700000000000000000e+01 1.200000000000000000e+01
2.820003042634478447e+02 1.700000000000000000e+01 1.100000000000000000e+01
2.830002906117866246e+02 1.900000000000000000e+01 1.100000000000000000e+01
2.840003042634482995e+02 2.000000000000000000e+01 1.000000000000000000e+01
2.850003042634485269e+02 1.900000000000000000e+01 1.100000000000000000e+01
2.860003042634487542e+02 2.000000000000000000e+01 1.200000000000000000e+01
2.870003042634489816e+02 2.100000000000000000e+01 1.400000000000000000e+01
2.880003042634492090e+02 2.000000000000000000e+01 1.500000000000000000e+01
2.890003042634494363e+02 2.100000000000000000e+01 1.600000000000000000e+01
2.900003042634496637e+02 2.300000000000000000e+01 1.700000000000000000e+01
2.910003042634498911e+02 2.400000000000000000e+01 1.800000000000000000e+01
2.920003042634501185e+02 2.400000000000000000e+01 1.800000000000000000e+01
2.930003042634503458e+02 2.400000000000000000e+01 1.800000000000000000e+01
2.940003042634505732e+02 2.600000000000000000e+01 1.900000000000000000e+01
2.950003042634508006e+02 2.700000000000000000e+01 1.700000000000000000e+01
2.960003042634510280e+02 2.700000000000000000e+01 1.600000000000000000e+01
2.970003042634512553e+02 3.100000000000000000e+01 1.600000000000000000e+01
2.980003042634514827e+02 3.200000000000000000e+01 1.800000000000000000e+01
2.990003042634517101e+02 3.200000000000000000e+01 1.800000000000000000e+01
3.000003042634519375e+02 3.000000000000000000e+01 1.600000000000000000e+01
