0.000000000000000000e+00 0.000000000000000000e+00 0.000000000000000000e+00
1.000237412303709217e+00 1.000000000000000000e+00 1.000000000000000000e+00
2.000237412303710105e+00 2.000000000000000000e+00 2.000000000000000000e+00
3.000237412303710993e+00 3.000000000000000000e+00 3.000000000000000000e+00
4.000237412303711437e+00 3.000000000000000000e+00 3.000000000000000000e+00
5.000237412303707885e+00 3.000000000000000000e+00 3.000000000000000000e+00
6.000237412303704332e+00 3.000000000000000000e+00 3.000000000000000000e+00
7.000237412303700779e+00 4.000000000000000000e+00 4.000000000000000000e+00
8.000237412303697226e+00 4.000000000000000000e+00 4.000000000000000000e+00
9.000237412303693674e+00 6.000000000000000000e+00 6.000000000000000000e+00
1.000023741230369012e+01 5.000000000000000000e+00 5.000000000000000000e+00
1.100023741230368657e+01 7.000000000000000000e+00 7.000000000000000000e+00
1.200023741230368302e+01 8.000000000000000000e+00 8.000000000000000000e+00
1.300023741230367946e+01 7.000000000000000000e+00 7.000000000000000000e+00
1.400023741230367591e+01 8.000000000000000000e+00 8.000000000000000000e+00
1.500009234845714090e+01 1.100000000000000000e+01 1.100000000000000000e+01
1.600023741230366880e+01 9.000000000000000000e+00 9.000000000000000000e+00
1.700023741230368302e+01 9.000000000000000000e+00 9.000000000000000000e+00
1.800023741230369723e+01 7.000000000000000000e+00 7.000000000000000000e+00
1.900023741230371144e+01 7.000000000000000000e+00 7.000000000000000000e+00
2.000023741230372565e+01 7.000000000000000000e+00 7.000000000000000000e+00
2.100023741230373986e+01 8.000000000000000000e+00 8.000000000000000000e+00
2.200023741230375407e+01 8.000000000000000000e+00 8.000000000000000000e+00
2.300023741230376828e+01 7.000000000000000000e+00 9.000000000000000000e+00
2.400023741230378249e+01 7.000000000000000000e+00 9.000000000000000000e+00
2.500023741230379670e+01 7.000000000000000000e+00 9.000000000000000000e+00
2.600023741230381091e+01 7.000000000000000000e+00 9.000000000000000000e+00
2.700023741230382512e+01 8.000000000000000000e+00 9.000000000000000000e+00
2.800023741230383933e+01 4.000000000000000000e+00 9.000000000000000000e+00
2.900023741230385355e+01 3.000000000000000000e+00 3.000000000000000000e+00
3.000023741230386776e+01 2.000000000000000000e+00 2.000000000000000000e+00
3.100023741230388197e+01 2.000000000000000000e+00 3.000000000000000000e+00
3.200023741230389618e+01 3.000000000000000000e+00 2.000000000000000000e+00
3.300023741230391039e+01 2.000000000000000000e+00 2.000000000000000000e+00
3.400023741230392460e+01 3.000000000000000000e+00 4.000000000000000000e+00
3.500023741230393881e+01 3.000000000000000000e+00 2.000000000000000000e+00
3.600023741230395302e+01 4.000000000000000000e+00 4.000000000000000000e+00
3.700023741230396723e+01 5.000000000000000000e+00 4.000000000000000000e+00
3.800023741230398144e+01 6.000000000000000000e+00 3.000000000000000000e+00
3.900023741230399565e+01 5.000000000000000000e+00 2.000000000000000000e+00
4.000023741230400987e+01 6.000000000000000000e+00 5.000000000000000000e+00
4.100023741230402408e+01 5.000000000000000000e+00 6.000000000000000000e+00
4.200023741230403829e+01 5.000000000000000000e+00 5.000000000000000000e+00
4.300023741230405250e+01 4.000000000000000000e+00 5.000000000000000000e+00
4.400023741230406671e+01 4.000000000000000000e+00 4.000000000000000000e+00
4.500023741230408092e+01 4.000000000000000000e+00 5.000000000000000000e+00
4.600023741230409513e+01 4.000000000000000000e+00 4.000000000000000000e+00
4.700023741230410934e+01 6.000000000000000000e+00 5.000000000000000000e+00
4.800023741230412355e+01 6.000000000000000000e+00 5.000000000000000000e+00
4.900023741230413776e+01 6.000000000000000000e+00 4.000000000000000000e+00
5.000023741230415197e+01 6.000000000000000000e+00 5.000000000000000000e+00
5.100023741230416618e+01 7.000000000000000000e+00 6.000000000000000000e+00
5.200023741230418040e+01 8.000000000000000000e+00 6.000000000000000000e+00
5.300023741230419461e+01 8.000000000000000000e+00 6.000000000000000000e+00
5.400023741230420882e+01 8.000000000000000000e+00 4.000000000000000000e+00
5.500023741230422303e+01 8.000000000000000000e+00 3.000000000000000000e+00
5.600023741230423724e+01 8.000000000000000000e+00 2.000000000000000000e+00
5.700023741230425145e+01 9.000000000000000000e+00 3.000000000000000000e+00
5.800023741230426566e+01 7.000000000000000000e+00 3.000000000000000000e+00
5.900023741230427987e+01 6.000000000000000000e+00 4.000000000000000000e+00
6.000023741230429408e+01 6.000000000000000000e+00 6.000000000000000000e+00
6.100023741230430829e+01 3.000000000000000000e+00 5.000000000000000000e+00
6.200023741230432250e+01 2.000000000000000000e+00 5.000000000000000000e+00
6.300009302701452896e+01 2.000000000000000000e+00 6.000000000000000000e+00
6.400023741230434382e+01 4.000000000000000000e+00 6.000000000000000000e+00
6.500023741230428698e+01 3.000000000000000000e+00 6.000000000000000000e+00
6.600023741230423013e+01 4.000000000000000000e+00 7.000000000000000000e+00
6.700023741230417329e+01 6.000000000000000000e+00 7.000000000000000000e+00
6.800023741230411645e+01 4.000000000000000000e+00 7.000000000000000000e+00
6.900023741230405960e+01 7.000000000000000000e+00 7.000000000000000000e+00
7.000023741230400276e+01 7.000000000000000000e+00 7.000000000000000000e+00
7.100023741230394592e+01 9.000000000000000000e+00 9.000000000000000000e+00
7.200023741230388907e+01 9.000000000000000000e+00 9.000000000000000000e+00
7.300023741230383223e+01 1.100000000000000000e+01 1.100000000000000000e+01
7.400023741230377539e+01 1.000000000000000000e+01 1.100000000000000000e+01
7.500023741230371854e+01 1.100000000000000000e+01 1.300000000000000000e+01
7.600023741230366170e+01 1.000000000000000000e+01 1.400000000000000000e+01
7.700023741230360486e+01 9.000000000000000000e+00 1.300000000000000000e+01
7.800023741230354801e+01 1.000000000000000000e+01 1.500000000000000000e+01
7.900023741230349117e+01 9.000000000000000000e+00 1.500000000000000000e+01
8.000023741230343433e+01 1.000000000000000000e+01 1.400000000000000000e+01
8.100023741230337748e+01 9.000000000000000000e+00 1.400000000000000000e+01
8.200023741230332064e+01 9.000000000000000000e+00 1.200000000000000000e+01
8.300023741230326380e+01 1.100000000000000000e+01 1.100000000000000000e+01
8.400023741230320695e+01 1.100000000000000000e+01 1.100000000000000000e+01
8.500023741230315011e+01 1.100000000000000000e+01 1.100000000000000000e+01
8.600023741230309327e+01 1.100000000000000000e+01 1.100000000000000000e+01
8.700023741230303642e+01 1.300000000000000000e+01 1.400000000000000000e+01
8.800023741230297958e+01 1.400000000000000000e+01 1.300000000000000000e+01
8.900023741230292273e+01 1.500000000000000000e+01 1.200000000000000000e+01
9.000011800666908357e+01 1.700000000000000000e+01 1.200000000000000000e+01
9.100023741230280905e+01 1.800000000000000000e+01 1.100000000000000000e+01
9.200023741230275220e+01 1.800000000000000000e+01 1.000000000000000000e+01
9.300023741230269536e+01 1.800000000000000000e+01 1.000000000000000000e+01
9.400023741230263852e+01 1.500000000000000000e+01 1.000000000000000000e+01
9.500023741230258167e+01 1.300000000000000000e+01 1.000000000000000000e+01
9.600023741230252483e+01 1.200000000000000000e+01 9.000000000000000000e+00
9.700023741230246799e+01 1.000000000000000000e+01 7.000000000000000000e+00
9.800023741230241114e+01 9.000000000000000000e+00 6.000000000000000000e+00
9.900003619374366792e+01 1.000000000000000000e+01 7.000000000000000000e+00
1.000002374123022975e+02 1.000000000000000000e+01 8.000000000000000000e+00
1.010002374123022406e+02 1.100000000000000000e+01 9.000000000000000000e+00
1.020002374123021838e+02 9.000000000000000000e+00 1.100000000000000000e+01
1.030002374123021269e+02 9.000000000000000000e+00 1.200000000000000000e+01
1.040002374123020701e+02 9.000000000000000000e+00 1.100000000000000000e+01
1.050002374123020132e+02 9.000000000000000000e+00 1.100000000000000000e+01
1.060002374123019564e+02 9.000000000000000000e+00 1.200000000000000000e+01
1.070002374123018996e+02 9.000000000000000000e+00 1.200000000000000000e+01
1.080002166910954031e+02 1.000000000000000000e+01 1.200000000000000000e+01
1.090002374123017859e+02 1.200000000000000000e+01 1.300000000000000000e+01
1.100000068460340401e+02 1.000000000000000000e+01 1.300000000000000000e+01
1.110002374123016722e+02 9.000000000000000000e+00 1.100000000000000000e+01
1.120002374123016153e+02 5.000000000000000000e+00 1.000000000000000000e+01
1.130002374123015585e+02 4.000000000000000000e+00 1.000000000000000000e+01
1.140002374123015016e+02 4.000000000000000000e+00 1.200000000000000000e+01
1.150002374123014448e+02 3.000000000000000000e+00 1.000000000000000000e+01
1.160002374123013880e+02 3.000000000000000000e+00 9.000000000000000000e+00
1.170002374123013311e+02 4.000000000000000000e+00 9.000000000000000000e+00
1.180002374123012743e+02 1.000000000000000000e+00 9.000000000000000000e+00
1.190002374123012174e+02 2.000000000000000000e+00 1.000000000000000000e+01
1.200002374123011606e+02 1.000000000000000000e+00 1.100000000000000000e+01
1.210002374123011037e+02 1.000000000000000000e+00 1.200000000000000000e+01
1.220002374123010469e+02 1.000000000000000000e+00 1.200000000000000000e+01
1.230002374123009901e+02 1.000000000000000000e+00 1.300000000000000000e+01
1.240002374123009332e+02 2.000000000000000000e+00 1.300000000000000000e+01
1.250002374123008764e+02 3.000000000000000000e+00 1.500000000000000000e+01
1.260002374123008195e+02 0.000000000000000000e+00 1.600000000000000000e+01
1.270002374123007627e+02 0.000000000000000000e+00 1.800000000000000000e+01
1.280002374123007201e+02 3.000000000000000000e+00 2.100000000000000000e+01
1.290002374123006632e+02 3.000000000000000000e+00 2.200000000000000000e+01
1.300002374123006064e+02 2.000000000000000000e+00 2.300000000000000000e+01
1.310002374123005495e+02 3.000000000000000000e+00 2.300000000000000000e+01
1.320002374123004927e+02 3.000000000000000000e+00 2.400000000000000000e+01
1.330002374123004358e+02 3.000000000000000000e+00 2.400000000000000000e+01
1.340002374123003790e+02 3.000000000000000000e+00 2.500000000000000000e+01
1.350002374123003221e+02 3.000000000000000000e+00 2.500000000000000000e+01
1.360002374123002653e+02 3.000000000000000000e+00 2.500000000000000000e+01
1.370002374123002085e+02 1.000000000000000000e+00 2.300000000000000000e+01
1.380002374123001516e+02 2.000000000000000000e+00 2.300000000000000000e+01
1.390001917209379769e+02 2.000000000000000000e+00 2.300000000000000000e+01
1.400001538226707396e+02 3.000000000000000000e+00 2.100000000000000000e+01
1.410002374122999811e+02 3.000000000000000000e+00 2.100000000000000000e+01
1.420001729487797206e+02 2.000000000000000000e+00 2.100000000000000000e+01
1.430002374122998674e+02 4.000000000000000000e+00 2.200000000000000000e+01
1.440002374122998106e+02 4.000000000000000000e+00 2.300000000000000000e+01
1.450001642329930291e+02 4.000000000000000000e+00 2.400000000000000000e+01
1.460002374122996969e+02 5.000000000000000000e+00 2.500000000000000000e+01
1.470002374122996400e+02 8.000000000000000000e+00 2.600000000000000000e+01
1.480002374122995832e+02 6.000000000000000000e+00 2.700000000000000000e+01
1.490002374122995263e+02 6.000000000000000000e+00 2.700000000000000000e+01
1.500002374122994695e+02 5.000000000000000000e+00 2.500000000000000000e+01
1.510002374122994127e+02 6.000000000000000000e+00 2.200000000000000000e+01
1.520002374122993558e+02 7.000000000000000000e+00 2.000000000000000000e+01
1.530002374122992990e+02 6.000000000000000000e+00 2.100000000000000000e+01
1.540002374122992421e+02 6.000000000000000000e+00 2.000000000000000000e+01
1.550002374122991853e+02 1.000000000000000000e+01 2.100000000000000000e+01
1.560002374122991284e+02 1.000000000000000000e+01 1.700000000000000000e+01
1.570002374122990716e+02 8.000000000000000000e+00 1.400000000000000000e+01
1.580002374122990147e+02 8.000000000000000000e+00 1.500000000000000000e+01
1.590002374122989579e+02 8.000000000000000000e+00 1.400000000000000000e+01
1.600002374122989011e+02 1.000000000000000000e+01 1.400000000000000000e+01
1.610002374122988442e+02 1.000000000000000000e+01 1.500000000000000000e+01
1.620002374122987874e+02 1.000000000000000000e+01 1.500000000000000000e+01
1.630002374122987305e+02 9.000000000000000000e+00 1.800000000000000000e+01
1.640002374122986737e+02 1.000000000000000000e+01 1.800000000000000000e+01
1.650002374122986168e+02 1.000000000000000000e+01 1.800000000000000000e+01
1.660002374122985600e+02 1.000000000000000000e+01 1.700000000000000000e+01
1.670002374122985032e+02 1.000000000000000000e+01 1.600000000000000000e+01
1.680002374122984463e+02 1.100000000000000000e+01 1.400000000000000000e+01
1.690002374122983895e+02 1.000000000000000000e+01 1.300000000000000000e+01
1.700002374122983326e+02 1.100000000000000000e+01 1.300000000000000000e+01
1.710002374122982758e+02 8.000000000000000000e+00 1.200000000000000000e+01
1.720001438922082286e+02 1.000000000000000000e+01 1.200000000000000000e+01
1.730002374122981621e+02 1.000000000000000000e+01 1.200000000000000000e+01
1.740002374122981053e+02 9.000000000000000000e+00 1.200000000000000000e+01
1.750002374122980484e+02 1.100000000000000000e+01 1.300000000000000000e+01
1.760002374122979916e+02 1.000000000000000000e+01 1.500000000000000000e+01
1.770002374122979347e+02 1.000000000000000000e+01 1.300000000000000000e+01
1.780002374122978779e+02 1.000000000000000000e+01 1.200000000000000000e+01
1.790002374122978210e+02 1.000000000000000000e+01 1.200000000000000000e+01
1.800002374122977642e+02 1.000000000000000000e+01 1.100000000000000000e+01
1.810002374122977074e+02 1.000000000000000000e+01 1.200000000000000000e+01
1.820002374122976505e+02 1.000000000000000000e+01 1.300000000000000000e+01
1.830002374122975937e+02 1.100000000000000000e+01 1.300000000000000000e+01
1.840002374122975368e+02 1.100000000000000000e+01 1.300000000000000000e+01
1.850002374122974800e+02 1.200000000000000000e+01 1.100000000000000000e+01
1.860002374122974231e+02 1.500000000000000000e+01 1.000000000000000000e+01
1.870002374122973663e+02 1.300000000000000000e+01 1.000000000000000000e+01
1.880002374122973094e+02 1.500000000000000000e+01 1.100000000000000000e+01
1.890002374122972526e+02 1.500000000000000000e+01 1.200000000000000000e+01
1.900002374122971958e+02 1.500000000000000000e+01 1.100000000000000000e+01
1.910002374122971389e+02 1.500000000000000000e+01 1.300000000000000000e+01
1.920002374122970821e+02 1.500000000000000000e+01 1.100000000000000000e+01
1.930002374122970252e+02 1.600000000000000000e+01 1.100000000000000000e+01
1.940002374122969684e+02 1.600000000000000000e+01 1.300000000000000000e+01
1.950001547467366265e+02 1.700000000000000000e+01 1.400000000000000000e+01
1.960002374122968547e+02 1.900000000000000000e+01 1.600000000000000000e+01
1.970002374122967979e+02 2.100000000000000000e+01 1.600000000000000000e+01
1.980002374122967410e+02 2.000000000000000000e+01 1.600000000000000000e+01
1.990002374122966842e+02 1.700000000000000000e+01 1.700000000000000000e+01
2.000002374122966273e+02 1.500000000000000000e+01 1.800000000000000000e+01
2.010002374122965705e+02 1.500000000000000000e+01 1.900000000000000000e+01
2.020002374122965136e+02 1.300000000000000000e+01 1.800000000000000000e+01
2.030002374122964568e+02 1.200000000000000000e+01 1.800000000000000000e+01
2.040002374122964000e+02 1.000000000000000000e+01 1.800000000000000000e+01
2.050002374122963431e+02 9.000000000000000000e+00 1.800000000000000000e+01
2.060002374122962863e+02 9.000000000000000000e+00 2.000000000000000000e+01
2.070002374122962294e+02 9.000000000000000000e+00 1.800000000000000000e+01
2.080002374122961726e+02 8.000000000000000000e+00 1.900000000000000000e+01
2.090002374122961157e+02 8.000000000000000000e+00 2.000000000000000000e+01
2.100002374122960589e+02 7.000000000000000000e+00 2.000000000000000000e+01
2.110002374122960020e+02 8.000000000000000000e+00 2.000000000000000000e+01
2.120002374122959452e+02 8.000000000000000000e+00 2.100000000000000000e+01
2.130002374122958884e+02 8.000000000000000000e+00 2.300000000000000000e+01
2.140002374122958315e+02 8.000000000000000000e+00 2.200000000000000000e+01
2.150002374122957747e+02 9.000000000000000000e+00 2.200000000000000000e+01
2.160001949847803075e+02 8.000000000000000000e+00 2.200000000000000000e+01
2.170002374122956610e+02 8.000000000000000000e+00 2.200000000000000000e+01
2.180002374122956041e+02 1.000000000000000000e+01 2.300000000000000000e+01
2.190002374122955473e+02 9.000000000000000000e+00 2.500000000000000000e+01
2.200002374122954905e+02 1.000000000000000000e+01 2.500000000000000000e+01
2.210002374122954336e+02 8.000000000000000000e+00 2.500000000000000000e+01
2.220002374122953768e+02 7.000000000000000000e+00 2.500000000000000000e+01
2.230002374122953199e+02 8.000000000000000000e+00 2.500000000000000000e+01
2.240002374122952631e+02 6.000000000000000000e+00 2.500000000000000000e+01
2.250001829957788573e+02 4.000000000000000000e+00 2.500000000000000000e+01
2.260002374122951494e+02 3.000000000000000000e+00 2.500000000000000000e+01
2.270002374122950926e+02 3.000000000000000000e+00 2.600000000000000000e+01
2.280002374122950357e+02 3.000000000000000000e+00 2.600000000000000000e+01
2.290002374122949789e+02 4.000000000000000000e+00 2.600000000000000000e+01
2.300002374122949220e+02 6.000000000000000000e+00 2.800000000000000000e+01
2.310002374122948652e+02 9.000000000000000000e+00 2.800000000000000000e+01
2.320002374122948083e+02 8.000000000000000000e+00 2.800000000000000000e+01
2.330002374122947515e+02 8.000000000000000000e+00 2.900000000000000000e+01
2.340002374122946946e+02 7.000000000000000000e+00 2.700000000000000000e+01
2.350002374122946378e+02 7.000000000000000000e+00 2.900000000000000000e+01
2.360002374122945810e+02 6.000000000000000000e+00 2.900000000000000000e+01
2.370002305130053060e+02 6.000000000000000000e+00 2.900000000000000000e+01
2.380002374122944673e+02 7.000000000000000000e+00 2.900000000000000000e+01
2.390002374122944104e+02 5.000000000000000000e+00 3.000000000000000000e+01
2.400002374122943536e+02 6.000000000000000000e+00 3.100000000000000000e+01
2.410002374122942967e+02 6.000000000000000000e+00 3.100000000000000000e+01
2.420002374122942399e+02 7.000000000000000000e+00 2.900000000000000000e+01
2.430002374122941831e+02 6.000000000000000000e+00 3.000000000000000000e+01
2.440002374122941262e+02 7.000000000000000000e+00 3.000000000000000000e+01
2.450002374122940694e+02 6.000000000000000000e+00 3.000000000000000000e+01
2.460002374122940125e+02 7.000000000000000000e+00 3.000000000000000000e+01
2.470002374122939557e+02 7.000000000000000000e+00 3.000000000000000000e+01
2.480002374122938988e+02 7.000000000000000000e+00 2.900000000000000000e+01
2.490002374122938420e+02 8.000000000000000000e+00 2.900000000000000000e+01
2.500002374122937852e+02 8.000000000000000000e+00 2.700000000000000000e+01
2.510002374122937283e+02 9.000000000000000000e+00 2.500000000000000000e+01
2.520002374122936715e+02 7.000000000000000000e+00 2.500000000000000000e+01
2.530002374122936146e+02 7.000000000000000000e+00 2.600000000000000000e+01
2.540002374122935578e+02 7.000000000000000000e+00 2.300000000000000000e+01
2.550002374122935009e+02 6.000000000000000000e+00 2.300000000000000000e+01
2.560002374122934725e+02 7.000000000000000000e+00 2.300000000000000000e+01
2.570002374122936999e+02 8.000000000000000000e+00 2.400000000000000000e+01
2.580002374122939273e+02 8.000000000000000000e+00 2.300000000000000000e+01
2.590002374122941546e+02 8.000000000000000000e+00 2.500000000000000000e+01
2.600002374122943820e+02 1.000000000000000000e+01 2.600000000000000000e+01
2.610002374122946094e+02 1.000000000000000000e+01 2.500000000000000000e+01
2.620002374122948368e+02 1.100000000000000000e+01 2.500000000000000000e+01
2.630002374122950641e+02 1.100000000000000000e+01 2.400000000000000000e+01
2.640002374122952915e+02 1.100000000000000000e+01 2.400000000000000000e+01
2.650002374122955189e+02 1.100000000000000000e+01 2.500000000000000000e+01
2.660002374122957463e+02 1.200000000000000000e+01 2.300000000000000000e+01
2.670002175305145897e+02 1.300000000000000000e+01 2.200000000000000000e+01
2.680002374122962010e+02 1.500000000000000000e+01 2.300000000000000000e+01
2.690002374122964284e+02 1.600000000000000000e+01 2.300000000000000000e+01
2.700002374122966557e+02 1.600000000000000000e+01 2.400000000000000000e+01
2.710002374122968831e+02 1.600000000000000000e+01 2.100000000000000000e+01
2.720002374122971105e+02 1.700000000000000000e+01 1.500000000000000000e+01
2.730002374122973379e+02 1.800000000000000000e+01 1.000000000000000000e+01
2.740002374122975652e+02 1.900000000000000000e+01 3.000000000000000000e+00
2.750001502237836917e+02 1.800000000000000000e+01 2.000000000000000000e+00
2.760002374122980200e+02 1.800000000000000000e+01 3.000000000000000000e+00
2.770002374122982474e+02 1.800000000000000000e+01 3.000000000000000000e+00
2.780002374122984747e+02 1.900000000000000000e+01 3.000000000000000000e+00
2.790002374122987021e+02 2.000000000000000000e+01 3.000000000000000000e+00
2.800002374122989295e+02 2.000000000000000000e+01 2.000000000000000000e+00
2.810002374122991569e+02 2.000000000000000000e+01 3.000000000000000000e+00
2.820002374122993842e+02 1.800000000000000000e+01 4.000000000000000000e+00
2.830002374122996116e+02 1.700000000000000000e+01 6.000000000000000000e+00
2.840002374122998390e+02 1.500000000000000000e+01 3.000000000000000000e+00
2.850002374123000664e+02 1.400000000000000000e+01 5.000000000000000000e+00
2.860002374123002937e+02 1.400000000000000000e+01 5.000000000000000000e+00
2.870002374123005211e+02 1.400000000000000000e+01 3.000000000000000000e+00
2.880002374123007485e+02 1.300000000000000000e+01 4.000000000000000000e+00
2.890001049273389526e+02 1.300000000000000000e+01 5.000000000000000000e+00
2.900002374123012032e+02 1.300000000000000000e+01 5.000000000000000000e+00
2.910002374123014306e+02 9.000000000000000000e+00 5.000000000000000000e+00
2.920002374123016580e+02 9.000000000000000000e+00 6.000000000000000000e+00
2.930002374123018853e+02 1.000000000000000000e+01 6.000000000000000000e+00
2.940002374123021127e+02 9.000000000000000000e+00 6.000000000000000000e+00
2.950002374123023401e+02 7.000000000000000000e+00 7.000000000000000000e+00
2.960002374123025675e+02 4.000000000000000000e+00 5.000000000000000000e+00
2.970001127563596128e+02 2.000000000000000000e+00 5.000000000000000000e+00
2.980002374123030222e+02 2.000000000000000000e+00 6.000000000000000000e+00
2.990002374123032496e+02 1.000000000000000000e+00 7.000000000000000000e+00
3.000002374123034770e+02 2.000000000000000000e+00 7.000000000000000000e+00
