0.000000000000000000e+00 0.000000000000000000e+00 0.000000000000000000e+00
1.000341911772586023e+00 1.000000000000000000e+00 1.000000000000000000e+00
2.000341911772586911e+00 1.000000000000000000e+00 1.000000000000000000e+00
3.000341911772587800e+00 0.000000000000000000e+00 0.000000000000000000e+00
4.000341911772588688e+00 0.000000000000000000e+00 0.000000000000000000e+00
5.000341911772585135e+00 1.000000000000000000e+00 1.000000000000000000e+00
6.000246668875786504e+00 1.000000000000000000e+00 1.000000000000000000e+00
7.000341911772578030e+00 1.000000000000000000e+00 1.000000000000000000e+00
8.000102396552252415e+00 2.000000000000000000e+00 2.000000000000000000e+00
9.000341911772570924e+00 3.000000000000000000e+00 3.000000000000000000e+00
1.000034191177256737e+01 3.000000000000000000e+00 3.000000000000000000e+00
1.100034191177256382e+01 4.000000000000000000e+00 4.000000000000000000e+00
1.200034191177256027e+01 3.000000000000000000e+00 3.000000000000000000e+00
1.300034191177255671e+01 3.000000000000000000e+00 3.000000000000000000e+00
1.400034191177255316e+01 3.000000000000000000e+00 3.000000000000000000e+00
1.500034191177254961e+01 3.000000000000000000e+00 3.000000000000000000e+00
1.600034191177254783e+01 4.000000000000000000e+00 4.000000000000000000e+00
1.700015869367123500e+01 4.000000000000000000e+00 4.000000000000000000e+00
1.800034191177257625e+01 4.000000000000000000e+00 4.000000000000000000e+00
1.900034191177259046e+01 5.000000000000000000e+00 5.000000000000000000e+00
2.000034191177260467e+01 5.000000000000000000e+00 5.000000000000000000e+00
2.100034191177261889e+01 5.000000000000000000e+00 5.000000000000000000e+00
2.200034191177263310e+01 5.000000000000000000e+00 5.000000000000000000e+00
2.300034191177264731e+01 3.000000000000000000e+00 5.000000000000000000e+00
2.400034191177266152e+01 3.000000000000000000e+00 5.000000000000000000e+00
2.500034191177267573e+01 3.000000000000000000e+00 5.000000000000000000e+00
2.600034191177268994e+01 3.000000000000000000e+00 5.000000000000000000e+00
2.700034191177270415e+01 4.000000000000000000e+00 5.000000000000000000e+00
2.800034191177271836e+01 7.000000000000000000e+00 9.000000000000000000e+00
2.900034191177273257e+01 8.000000000000000000e+00 9.000000000000000000e+00
3.000034191177274678e+01 8.000000000000000000e+00 8.000000000000000000e+00
3.100034191177276099e+01 9.000000000000000000e+00 1.000000000000000000e+01
3.200034191177277165e+01 9.000000000000000000e+00 1.100000000000000000e+01
3.300034191177278586e+01 8.000000000000000000e+00 9.000000000000000000e+00
3.400034191177280007e+01 1.000000000000000000e+01 7.000000000000000000e+00
3.500034191177281429e+01 1.100000000000000000e+01 8.000000000000000000e+00
3.600034191177282850e+01 1.200000000000000000e+01 9.000000000000000000e+00
3.700034191177284271e+01 1.200000000000000000e+01 8.000000000000000000e+00
3.800027822636638319e+01 1.300000000000000000e+01 8.000000000000000000e+00
3.900034191177287113e+01 1.100000000000000000e+01 7.000000000000000000e+00
4.000034191177288534e+01 8.000000000000000000e+00 8.000000000000000000e+00
4.100034191177289955e+01 9.000000000000000000e+00 9.000000000000000000e+00
4.200034191177291376e+01 1.000000000000000000e+01 9.000000000000000000e+00
4.300034191177292797e+01 1.100000000000000000e+01 9.000000000000000000e+00
4.400034191177294218e+01 1.200000000000000000e+01 8.000000000000000000e+00
4.500034191177295639e+01 1.100000000000000000e+01 5.000000000000000000e+00
4.600034191177297060e+01 1.400000000000000000e+01 8.000000000000000000e+00
4.700034191177298482e+01 1.500000000000000000e+01 9.000000000000000000e+00
4.800034191177299903e+01 1.500000000000000000e+01 9.000000000000000000e+00
4.900034191177301324e+01 1.700000000000000000e+01 1.000000000000000000e+01
5.000034191177302745e+01 1.800000000000000000e+01 1.100000000000000000e+01
5.100034191177304166e+01 1.800000000000000000e+01 1.200000000000000000e+01
5.200034191177305587e+01 1.900000000000000000e+01 1.200000000000000000e+01
5.300034191177307008e+01 1.800000000000000000e+01 1.200000000000000000e+01
5.400034191177308429e+01 1.700000000000000000e+01 1.100000000000000000e+01
5.500034191177309850e+01 1.400000000000000000e+01 1.000000000000000000e+01
5.600034191177311271e+01 1.300000000000000000e+01 1.100000000000000000e+01
5.700034191177312692e+01 1.200000000000000000e+01 1.300000000000000000e+01
5.800034191177314113e+01 1.100000000000000000e+01 1.200000000000000000e+01
5.900034191177315535e+01 1.200000000000000000e+01 1.000000000000000000e+01
6.000034191177316956e+01 1.100000000000000000e+01 1.100000000000000000e+01
6.100034191177318377e+01 1.500000000000000000e+01 1.300000000000000000e+01
6.200034191177319798e+01 1.000000000000000000e+01 1.000000000000000000e+01
6.300034191177321219e+01 1.000000000000000000e+01 7.000000000000000000e+00
6.400002079886840534e+01 1.100000000000000000e+01 8.000000000000000000e+00
6.500034191177316245e+01 1.100000000000000000e+01 7.000000000000000000e+00
6.600034191177310561e+01 1.100000000000000000e+01 7.000000000000000000e+00
6.700034191177304876e+01 1.100000000000000000e+01 7.000000000000000000e+00
6.800034191177299192e+01 1.200000000000000000e+01 7.000000000000000000e+00
6.900034191177293508e+01 1.300000000000000000e+01 6.000000000000000000e+00
7.000034191177287823e+01 1.300000000000000000e+01 6.000000000000000000e+00
7.100034191177282139e+01 1.500000000000000000e+01 6.000000000000000000e+00
7.200034191177276455e+01 1.400000000000000000e+01 8.000000000000000000e+00
7.300034191177270770e+01 1.500000000000000000e+01 8.000000000000000000e+00
7.400034191177265086e+01 1.400000000000000000e+01 4.000000000000000000e+00
7.500034191177259402e+01 1.400000000000000000e+01 4.000000000000000000e+00
7.600034191177253717e+01 1.500000000000000000e+01 5.000000000000000000e+00
7.700034191177248033e+01 1.400000000000000000e+01 5.000000000000000000e+00
7.800034191177242349e+01 1.100000000000000000e+01 5.000000000000000000e+00
7.900034191177236664e+01 1.000000000000000000e+01 4.000000000000000000e+00
8.000034191177230980e+01 1.200000000000000000e+01 4.000000000000000000e+00
8.100034191177225296e+01 1.300000000000000000e+01 3.000000000000000000e+00
8.200034191177219611e+01 1.500000000000000000e+01 2.000000000000000000e+00
8.300034191177213927e+01 1.500000000000000000e+01 1.000000000000000000e+00
8.400034191177208243e+01 1.400000000000000000e+01 2.000000000000000000e+00
8.500034191177202558e+01 1.500000000000000000e+01 3.000000000000000000e+00
8.600034191177196874e+01 1.500000000000000000e+01 3.000000000000000000e+00
8.700034191177191190e+01 1.500000000000000000e+01 3.000000000000000000e+00
8.800034191177185505e+01 1.500000000000000000e+01 4.000000000000000000e+00
8.900034191177179821e+01 1.300000000000000000e+01 4.000000000000000000e+00
9.000034191177174137e+01 1.300000000000000000e+01 3.000000000000000000e+00
9.100034191177168452e+01 1.400000000000000000e+01 2.000000000000000000e+00
9.200034191177162768e+01 1.400000000000000000e+01 2.000000000000000000e+00
9.300014888373368649e+01 1.400000000000000000e+01 3.000000000000000000e+00
9.400034191177151399e+01 1.400000000000000000e+01 1.000000000000000000e+00
9.500034191177145715e+01 1.500000000000000000e+01 1.000000000000000000e+00
9.600034191177140031e+01 1.500000000000000000e+01 1.000000000000000000e+00
9.700034191177134346e+01 1.600000000000000000e+01 2.000000000000000000e+00
9.800034191177128662e+01 1.600000000000000000e+01 3.000000000000000000e+00
9.900034191177122977e+01 1.500000000000000000e+01 3.000000000000000000e+00
1.000003419117711729e+02 1.700000000000000000e+01 5.000000000000000000e+00
1.010003419117711161e+02 1.700000000000000000e+01 6.000000000000000000e+00
1.020003419117710592e+02 1.700000000000000000e+01 7.000000000000000000e+00
1.030003419117710024e+02 1.800000000000000000e+01 1.000000000000000000e+01
1.040003419117709456e+02 1.700000000000000000e+01 8.000000000000000000e+00
1.050002133210570321e+02 1.800000000000000000e+01 9.000000000000000000e+00
1.060002940191968577e+02 1.800000000000000000e+01 9.000000000000000000e+00
1.070003419117707750e+02 2.000000000000000000e+01 1.000000000000000000e+01
1.080003419117707182e+02 2.100000000000000000e+01 1.000000000000000000e+01
1.090003419117706613e+02 2.100000000000000000e+01 8.000000000000000000e+00
1.100003419117706045e+02 2.200000000000000000e+01 9.000000000000000000e+00
1.110003419117705477e+02 2.100000000000000000e+01 8.000000000000000000e+00
1.120003419117704908e+02 2.100000000000000000e+01 7.000000000000000000e+00
1.130003419117704340e+02 2.300000000000000000e+01 7.000000000000000000e+00
1.140003419117703771e+02 2.400000000000000000e+01 6.000000000000000000e+00
1.150003419117703203e+02 2.500000000000000000e+01 7.000000000000000000e+00
1.160003419117702634e+02 2.500000000000000000e+01 8.000000000000000000e+00
1.170003419117702066e+02 2.500000000000000000e+01 8.000000000000000000e+00
1.180003419117701497e+02 2.300000000000000000e+01 7.000000000000000000e+00
1.190003419117700929e+02 2.400000000000000000e+01 9.000000000000000000e+00
1.200003419117700361e+02 2.400000000000000000e+01 1.000000000000000000e+01
1.210003419117699792e+02 2.500000000000000000e+01 1.100000000000000000e+01
1.220002681822795267e+02 2.500000000000000000e+01 1.200000000000000000e+01
1.230003419117698655e+02 2.400000000000000000e+01 1.100000000000000000e+01
1.240003419117698087e+02 2.500000000000000000e+01 1.100000000000000000e+01
1.250003419117697518e+02 2.700000000000000000e+01 1.300000000000000000e+01
1.260003419117696950e+02 2.100000000000000000e+01 1.200000000000000000e+01
1.270003419117696382e+02 2.000000000000000000e+01 1.100000000000000000e+01
1.280003419117695955e+02 2.000000000000000000e+01 1.200000000000000000e+01
1.290002435695688519e+02 1.900000000000000000e+01 1.200000000000000000e+01
1.300003419117694818e+02 2.200000000000000000e+01 1.400000000000000000e+01
1.310003419117694250e+02 2.300000000000000000e+01 1.600000000000000000e+01
1.320003419117693682e+02 2.300000000000000000e+01 1.400000000000000000e+01
1.330003419117693113e+02 2.300000000000000000e+01 1.400000000000000000e+01
1.340003419117692545e+02 2.200000000000000000e+01 1.600000000000000000e+01
1.350003419117691976e+02 1.900000000000000000e+01 1.600000000000000000e+01
1.360003419117691408e+02 2.000000000000000000e+01 1.500000000000000000e+01
1.370002340259578375e+02 1.900000000000000000e+01 1.400000000000000000e+01
1.380003419117690271e+02 1.800000000000000000e+01 1.400000000000000000e+01
1.390003419117689702e+02 1.900000000000000000e+01 1.200000000000000000e+01
1.400003419117689134e+02 1.400000000000000000e+01 1.300000000000000000e+01
1.410003419117688566e+02 1.100000000000000000e+01 1.300000000000000000e+01
1.420003419117687997e+02 1.200000000000000000e+01 1.400000000000000000e+01
1.430003419117687429e+02 1.400000000000000000e+01 1.600000000000000000e+01
1.440003419117686860e+02 1.600000000000000000e+01 1.800000000000000000e+01
1.450003419117686292e+02 1.600000000000000000e+01 1.900000000000000000e+01
1.460003419117685723e+02 1.600000000000000000e+01 2.100000000000000000e+01
1.470003419117685155e+02 1.700000000000000000e+01 2.100000000000000000e+01
1.480003419117684587e+02 1.600000000000000000e+01 2.200000000000000000e+01
1.490003419117684018e+02 1.500000000000000000e+01 2.300000000000000000e+01
1.500003419117683450e+02 1.700000000000000000e+01 2.300000000000000000e+01
1.510003419117682881e+02 1.700000000000000000e+01 2.300000000000000000e+01
1.520003419117682313e+02 1.900000000000000000e+01 2.200000000000000000e+01
1.530003419117681744e+02 1.900000000000000000e+01 1.900000000000000000e+01
1.540003419117681176e+02 1.900000000000000000e+01 1.500000000000000000e+01
1.550003419117680608e+02 2.000000000000000000e+01 1.400000000000000000e+01
1.560003241522442465e+02 2.000000000000000000e+01 1.600000000000000000e+01
1.570003419117679471e+02 1.900000000000000000e+01 1.700000000000000000e+01
1.580003419117678902e+02 1.800000000000000000e+01 1.700000000000000000e+01
1.590003419117678334e+02 2.100000000000000000e+01 2.000000000000000000e+01
1.600003419117677765e+02 2.100000000000000000e+01 2.100000000000000000e+01
1.610003419117677197e+02 1.800000000000000000e+01 2.100000000000000000e+01
1.620003419117676629e+02 1.400000000000000000e+01 2.200000000000000000e+01
1.630003419117676060e+02 1.500000000000000000e+01 2.200000000000000000e+01
1.640003419117675492e+02 1.500000000000000000e+01 2.200000000000000000e+01
1.650003419117674923e+02 1.700000000000000000e+01 2.200000000000000000e+01
1.660003419117674355e+02 1.600000000000000000e+01 2.300000000000000000e+01
1.670002840031103233e+02 1.700000000000000000e+01 2.000000000000000000e+01
1.680002295968979524e+02 1.800000000000000000e+01 2.100000000000000000e+01
1.690003419117672649e+02 2.000000000000000000e+01 1.800000000000000000e+01
1.700003419117672081e+02 1.900000000000000000e+01 1.300000000000000000e+01
1.710003419117671513e+02 1.800000000000000000e+01 1.300000000000000000e+01
1.720003419117670944e+02 1.600000000000000000e+01 1.100000000000000000e+01
1.730003419117670376e+02 1.700000000000000000e+01 1.000000000000000000e+01
1.740003419117669807e+02 1.800000000000000000e+01 1.000000000000000000e+01
1.750003419117669239e+02 1.800000000000000000e+01 9.000000000000000000e+00
1.760003419117668670e+02 1.800000000000000000e+01 8.000000000000000000e+00
1.770003419117668102e+02 1.800000000000000000e+01 1.100000000000000000e+01
1.780003419117667534e+02 1.800000000000000000e+01 1.100000000000000000e+01
1.790003419117666965e+02 1.700000000000000000e+01 1.100000000000000000e+01
1.800003419117666397e+02 1.800000000000000000e+01 1.100000000000000000e+01
1.810003419117665828e+02 1.800000000000000000e+01 1.200000000000000000e+01
1.820003419117665260e+02 1.400000000000000000e+01 1.200000000000000000e+01
1.830003419117664691e+02 1.500000000000000000e+01 1.200000000000000000e+01
1.840003419117664123e+02 1.400000000000000000e+01 1.100000000000000000e+01
1.850003419117663555e+02 1.400000000000000000e+01 1.100000000000000000e+01
1.860003419117662986e+02 1.500000000000000000e+01 1.200000000000000000e+01
1.870003419117662418e+02 1.500000000000000000e+01 1.500000000000000000e+01
1.880003419117661849e+02 1.400000000000000000e+01 1.300000000000000000e+01
1.890000865915796737e+02 1.500000000000000000e+01 1.600000000000000000e+01
1.900003419117660712e+02 1.700000000000000000e+01 1.600000000000000000e+01
1.910003419117660144e+02 1.800000000000000000e+01 1.700000000000000000e+01
1.920003419117659575e+02 1.800000000000000000e+01 1.800000000000000000e+01
1.930003419117659007e+02 1.800000000000000000e+01 1.800000000000000000e+01
1.940003419117658439e+02 1.800000000000000000e+01 1.800000000000000000e+01
1.950003419117657870e+02 1.900000000000000000e+01 2.000000000000000000e+01
1.960003419117657302e+02 1.900000000000000000e+01 2.200000000000000000e+01
1.970003419117656733e+02 2.000000000000000000e+01 2.300000000000000000e+01
1.980003419117656165e+02 2.100000000000000000e+01 2.200000000000000000e+01
1.990003419117655596e+02 2.200000000000000000e+01 2.100000000000000000e+01
2.000003419117655028e+02 2.300000000000000000e+01 2.200000000000000000e+01
2.010003419117654460e+02 2.400000000000000000e+01 2.200000000000000000e+01
2.020003419117653891e+02 2.300000000000000000e+01 2.300000000000000000e+01
2.030003419117653323e+02 2.200000000000000000e+01 2.400000000000000000e+01
2.040003419117652754e+02 2.200000000000000000e+01 2.300000000000000000e+01
2.050003419117652186e+02 1.700000000000000000e+01 2.200000000000000000e+01
2.060003419117651617e+02 1.500000000000000000e+01 2.100000000000000000e+01
2.070003419117651049e+02 8.000000000000000000e+00 2.100000000000000000e+01
2.080003419117650481e+02 6.000000000000000000e+00 2.100000000000000000e+01
2.090003419117649912e+02 5.000000000000000000e+00 2.000000000000000000e+01
2.100003419117649344e+02 6.000000000000000000e+00 1.900000000000000000e+01
2.110003419117648775e+02 6.000000000000000000e+00 1.900000000000000000e+01
2.120003419117648207e+02 6.000000000000000000e+00 1.800000000000000000e+01
2.130003419117647638e+02 6.000000000000000000e+00 1.900000000000000000e+01
2.140003419117647070e+02 6.000000000000000000e+00 1.800000000000000000e+01
2.150003419117646501e+02 6.000000000000000000e+00 1.900000000000000000e+01
2.160003419117645933e+02 6.000000000000000000e+00 2.000000000000000000e+01
2.170003419117645365e+02 7.000000000000000000e+00 2.100000000000000000e+01
2.180003419117644796e+02 8.000000000000000000e+00 2.100000000000000000e+01
2.190003419117644228e+02 8.000000000000000000e+00 2.100000000000000000e+01
2.200003419117643659e+02 8.000000000000000000e+00 2.200000000000000000e+01
2.210003323338953578e+02 9.000000000000000000e+00 2.200000000000000000e+01
2.220003419117642522e+02 1.000000000000000000e+01 2.100000000000000000e+01
2.230003419117641954e+02 1.000000000000000000e+01 2.000000000000000000e+01
2.240003419117641386e+02 1.100000000000000000e+01 1.900000000000000000e+01
2.250003419117640817e+02 1.200000000000000000e+01 1.700000000000000000e+01
2.260003419117640249e+02 1.200000000000000000e+01 1.200000000000000000e+01
2.270003419117639680e+02 1.200000000000000000e+01 9.000000000000000000e+00
2.280003419117639112e+02 1.400000000000000000e+01 8.000000000000000000e+00
2.290003419117638543e+02 1.400000000000000000e+01 8.000000000000000000e+00
2.300003073987034554e+02 1.400000000000000000e+01 8.000000000000000000e+00
2.310003419117637407e+02 1.400000000000000000e+01 8.000000000000000000e+00
2.320003419117636838e+02 1.400000000000000000e+01 8.000000000000000000e+00
2.330003419117636270e+02 1.300000000000000000e+01 8.000000000000000000e+00
2.340003419117635701e+02 1.200000000000000000e+01 8.000000000000000000e+00
2.350000852944182554e+02 1.200000000000000000e+01 9.000000000000000000e+00
2.360003419117634564e+02 1.000000000000000000e+01 1.000000000000000000e+01
2.370003419117633996e+02 7.000000000000000000e+00 1.000000000000000000e+01
2.380003419117633428e+02 6.000000000000000000e+00 1.000000000000000000e+01
2.390003419117632859e+02 6.000000000000000000e+00 1.000000000000000000e+01
2.400003419117632291e+02 6.000000000000000000e+00 8.000000000000000000e+00
2.410003419117631722e+02 7.000000000000000000e+00 1.200000000000000000e+01
2.420003419117631154e+02 5.000000000000000000e+00 1.200000000000000000e+01
2.430003419117630585e+02 5.000000000000000000e+00 1.200000000000000000e+01
2.440003419117630017e+02 5.000000000000000000e+00 1.100000000000000000e+01
2.450003419117629448e+02 5.000000000000000000e+00 1.000000000000000000e+01
2.460003419117628880e+02 7.000000000000000000e+00 1.100000000000000000e+01
2.470003419117628312e+02 7.000000000000000000e+00 1.100000000000000000e+01
2.480003419117627743e+02 6.000000000000000000e+00 1.200000000000000000e+01
2.490003419117627175e+02 5.000000000000000000e+00 1.200000000000000000e+01
2.500003419117626606e+02 7.000000000000000000e+00 1.400000000000000000e+01
2.510003419117626038e+02 5.000000000000000000e+00 1.300000000000000000e+01
2.520003419117625469e+02 6.000000000000000000e+00 1.300000000000000000e+01
2.530003419117624901e+02 7.000000000000000000e+00 6.000000000000000000e+00
2.540003419117624333e+02 7.000000000000000000e+00 6.000000000000000000e+00
2.550003419117623764e+02 7.000000000000000000e+00 7.000000000000000000e+00
2.560003419117623480e+02 7.000000000000000000e+00 8.000000000000000000e+00
2.570003419117625754e+02 6.000000000000000000e+00 5.000000000000000000e+00
2.580003419117628027e+02 5.000000000000000000e+00 3.000000000000000000e+00
2.590003419117630301e+02 7.000000000000000000e+00 4.000000000000000000e+00
2.600003419117632575e+02 7.000000000000000000e+00 4.000000000000000000e+00
2.610003419117634849e+02 6.000000000000000000e+00 7.000000000000000000e+00
2.620003419117637122e+02 6.000000000000000000e+00 9.000000000000000000e+00
2.630003419117639396e+02 6.000000000000000000e+00 9.000000000000000000e+00
2.640003419117641670e+02 6.000000000000000000e+00 9.000000000000000000e+00
2.650003419117643944e+02 7.000000000000000000e+00 1.100000000000000000e+01
2.660003419117646217e+02 6.000000000000000000e+00 1.200000000000000000e+01
2.670000100241625205e+02 6.000000000000000000e+00 1.400000000000000000e+01
2.680003419117650765e+02 7.000000000000000000e+00 1.400000000000000000e+01
2.690003419117653038e+02 8.000000000000000000e+00 1.200000000000000000e+01
2.700003419117655312e+02 9.000000000000000000e+00 1.200000000000000000e+01
2.710003419117657586e+02 9.000000000000000000e+00 1.300000000000000000e+01
2.720003419117659860e+02 9.000000000000000000e+00 1.200000000000000000e+01
2.730003419117662133e+02 9.000000000000000000e+00 1.200000000000000000e+01
2.740003419117664407e+02 1.200000000000000000e+01 1.200000000000000000e+01
2.750003419117666681e+02 1.300000000000000000e+01 1.000000000000000000e+01
2.760003419117668955e+02 1.300000000000000000e+01 1.200000000000000000e+01
2.770003419117671228e+02 1.400000000000000000e+01 1.300000000000000000e+01
2.780003419117673502e+02 1.400000000000000000e+01 1.300000000000000000e+01
2.790003419117675776e+02 1.300000000000000000e+01 1.300000000000000000e+01
2.800002974173450525e+02 1.300000000000000000e+01 1.300000000000000000e+01
2.810003419117680323e+02 1.400000000000000000e+01 1.300000000000000000e+01
2.820003419117682597e+02 1.500000000000000000e+01 1.500000000000000000e+01
2.830003419117684871e+02 1.400000000000000000e+01 1.500000000000000000e+01
2.840003419117687145e+02 1.500000000000000000e+01 1.600000000000000000e+01
2.850003419117689418e+02 1.400000000000000000e+01 1.600000000000000000e+01
2.860003419117691692e+02 1.400000000000000000e+01 1.400000000000000000e+01
2.870003419117693966e+02 1.400000000000000000e+01 1.300000000000000000e+01
2.880003419117696239e+02 1.200000000000000000e+01 1.300000000000000000e+01
2.890003419117698513e+02 1.300000000000000000e+01 1.100000000000000000e+01
2.900003419117700787e+02 1.500000000000000000e+01 1.200000000000000000e+01
2.910003419117703061e+02 1.600000000000000000e+01 1.000000000000000000e+01
2.920003419117705334e+02 1.600000000000000000e+01 1.100000000000000000e+01
2.930003419117707608e+02 1.600000000000000000e+01 1.000000000000000000e+01
2.940003419117709882e+02 1.600000000000000000e+01 1.100000000000000000e+01
2.950003419117712156e+02 1.600000000000000000e+01 9.000000000000000000e+00
2.960003419117714429e+02 1.600000000000000000e+01 9.000000000000000000e+00
2.970003419117716703e+02 1.500000000000000000e+01 9.000000000000000000e+00
2.980003419117718977e+02 1.600000000000000000e+01 9.000000000000000000e+00
2.990003419117721251e+02 1.700000000000000000e+01 1.000000000000000000e+01
3.000003419117723524e+02 1.800000000000000000e+01 1.000000000000000000e+01
