0.000000000000000000e+00 0.000000000000000000e+00 0.000000000000000000e+00
1.000363818287048456e+00 0.000000000000000000e+00 0.000000000000000000e+00
2.000363818287049344e+00 0.000000000000000000e+00 0.000000000000000000e+00
3.000363818287050233e+00 2.000000000000000000e+00 2.000000000000000000e+00
4.000363818287050677e+00 3.000000000000000000e+00 3.000000000000000000e+00
5.000363818287047124e+00 3.000000000000000000e+00 3.000000000000000000e+00
6.000363818287043571e+00 4.000000000000000000e+00 4.000000000000000000e+00
7.000363818287040019e+00 3.000000000000000000e+00 3.000000000000000000e+00
8.000363818287036466e+00 3.000000000000000000e+00 3.000000000000000000e+00
9.000185383970501718e+00 3.000000000000000000e+00 3.000000000000000000e+00
1.000036381828702936e+01 4.000000000000000000e+00 4.000000000000000000e+00
1.100036381828702581e+01 4.000000000000000000e+00 4.000000000000000000e+00
1.200036381828702226e+01 5.000000000000000000e+00 5.000000000000000000e+00
1.300036381828701870e+01 7.000000000000000000e+00 7.000000000000000000e+00
1.400036381828701515e+01 8.000000000000000000e+00 8.000000000000000000e+00
1.500036381828701160e+01 7.000000000000000000e+00 7.000000000000000000e+00
1.600036381828700982e+01 7.000000000000000000e+00 7.000000000000000000e+00
1.700001993908042763e+01 7.000000000000000000e+00 7.000000000000000000e+00
1.800036381828703824e+01 8.000000000000000000e+00 8.000000000000000000e+00
1.900036381828705245e+01 9.000000000000000000e+00 9.000000000000000000e+00
2.000001571342472317e+01 1.000000000000000000e+01 1.000000000000000000e+01
2.100036381828708087e+01 1.000000000000000000e+01 1.000000000000000000e+01
2.200036381828709509e+01 1.100000000000000000e+01 1.100000000000000000e+01
2.300036381828710930e+01 1.100000000000000000e+01 1.100000000000000000e+01
2.400036381828712351e+01 1.000000000000000000e+01 1.000000000000000000e+01
2.500036381828713772e+01 1.200000000000000000e+01 1.200000000000000000e+01
2.600036381828715193e+01 1.300000000000000000e+01 1.300000000000000000e+01
2.700036381828716614e+01 1.100000000000000000e+01 1.400000000000000000e+01
2.800036381828718035e+01 1.200000000000000000e+01 1.500000000000000000e+01
2.900036381828719456e+01 1.500000000000000000e+01 1.700000000000000000e+01
3.000032996364134164e+01 1.400000000000000000e+01 1.500000000000000000e+01
3.100036381828722298e+01 1.400000000000000000e+01 1.400000000000000000e+01
3.200036381828723364e+01 1.000000000000000000e+01 1.400000000000000000e+01
3.300036381828724785e+01 9.000000000000000000e+00 1.400000000000000000e+01
3.400036381828726206e+01 7.000000000000000000e+00 1.400000000000000000e+01
3.500036381828727627e+01 6.000000000000000000e+00 1.400000000000000000e+01
3.600036381828729048e+01 7.000000000000000000e+00 1.400000000000000000e+01
3.700036381828730470e+01 7.000000000000000000e+00 1.400000000000000000e+01
3.800036381828731891e+01 7.000000000000000000e+00 1.400000000000000000e+01
3.900036381828733312e+01 1.000000000000000000e+01 1.700000000000000000e+01
4.000036381828734733e+01 9.000000000000000000e+00 1.700000000000000000e+01
4.100036381828736154e+01 1.000000000000000000e+01 1.800000000000000000e+01
4.200006765283826837e+01 1.100000000000000000e+01 1.900000000000000000e+01
4.300036381828738996e+01 1.200000000000000000e+01 2.000000000000000000e+01
4.400036381828740417e+01 1.500000000000000000e+01 2.300000000000000000e+01
4.500036381828741838e+01 1.400000000000000000e+01 2.400000000000000000e+01
4.600036381828743259e+01 1.300000000000000000e+01 2.200000000000000000e+01
4.700036381828744680e+01 1.300000000000000000e+01 2.000000000000000000e+01
4.800036381828746102e+01 1.300000000000000000e+01 1.900000000000000000e+01
4.900036381828747523e+01 1.400000000000000000e+01 1.900000000000000000e+01
5.000036381828748944e+01 1.500000000000000000e+01 2.000000000000000000e+01
5.100036381828750365e+01 1.300000000000000000e+01 2.300000000000000000e+01
5.200036381828751786e+01 1.200000000000000000e+01 2.300000000000000000e+01
5.300036381828753207e+01 9.000000000000000000e+00 2.000000000000000000e+01
5.400036381828754628e+01 9.000000000000000000e+00 2.000000000000000000e+01
5.500036381828756049e+01 8.000000000000000000e+00 2.000000000000000000e+01
5.600036381828757470e+01 7.000000000000000000e+00 1.900000000000000000e+01
5.700036381828758891e+01 5.000000000000000000e+00 1.900000000000000000e+01
5.800036381828760312e+01 6.000000000000000000e+00 2.000000000000000000e+01
5.900036381828761733e+01 7.000000000000000000e+00 2.100000000000000000e+01
6.000036381828763155e+01 6.000000000000000000e+00 2.000000000000000000e+01
6.100036381828764576e+01 7.000000000000000000e+00 2.000000000000000000e+01
6.200036381828765997e+01 7.000000000000000000e+00 1.900000000000000000e+01
6.300036381828767418e+01 7.000000000000000000e+00 1.800000000000000000e+01
6.400036381828768128e+01 8.000000000000000000e+00 1.700000000000000000e+01
6.500036381828762444e+01 9.000000000000000000e+00 1.600000000000000000e+01
6.600036381828756760e+01 9.000000000000000000e+00 1.700000000000000000e+01
6.700036381828751075e+01 1.000000000000000000e+01 1.800000000000000000e+01
6.800036381828745391e+01 1.100000000000000000e+01 1.900000000000000000e+01
6.900036381828739707e+01 1.200000000000000000e+01 1.800000000000000000e+01
7.000036381828734022e+01 1.200000000000000000e+01 1.900000000000000000e+01
7.100028623789488336e+01 1.300000000000000000e+01 1.700000000000000000e+01
7.200036381828722654e+01 1.500000000000000000e+01 1.600000000000000000e+01
7.300036381828716969e+01 1.400000000000000000e+01 1.500000000000000000e+01
7.400036381828711285e+01 1.400000000000000000e+01 1.500000000000000000e+01
7.500036381828705601e+01 1.400000000000000000e+01 1.600000000000000000e+01
7.600036381828699916e+01 1.300000000000000000e+01 1.700000000000000000e+01
7.700036381828694232e+01 1.400000000000000000e+01 1.900000000000000000e+01
7.800036381828688548e+01 1.200000000000000000e+01 1.900000000000000000e+01
7.900029996327997139e+01 1.000000000000000000e+01 1.800000000000000000e+01
8.000036381828677179e+01 1.100000000000000000e+01 1.900000000000000000e+01
8.100036381828671495e+01 1.100000000000000000e+01 1.900000000000000000e+01
8.200036381828665810e+01 1.200000000000000000e+01 1.900000000000000000e+01
8.300036381828660126e+01 1.300000000000000000e+01 2.000000000000000000e+01
8.400036381828654442e+01 1.400000000000000000e+01 2.200000000000000000e+01
8.500036381828648757e+01 1.400000000000000000e+01 2.300000000000000000e+01
8.600036381828643073e+01 1.200000000000000000e+01 2.400000000000000000e+01
8.700036381828637388e+01 1.400000000000000000e+01 2.300000000000000000e+01
8.800033580229204233e+01 1.500000000000000000e+01 2.400000000000000000e+01
8.900014059412015399e+01 1.500000000000000000e+01 2.500000000000000000e+01
9.000011218729834184e+01 1.500000000000000000e+01 2.500000000000000000e+01
9.100036381828614651e+01 1.400000000000000000e+01 2.500000000000000000e+01
9.200036381828608967e+01 1.100000000000000000e+01 2.400000000000000000e+01
9.300036381828603282e+01 1.400000000000000000e+01 2.700000000000000000e+01
9.400036381828597598e+01 1.400000000000000000e+01 2.500000000000000000e+01
9.500036381828591914e+01 1.200000000000000000e+01 2.000000000000000000e+01
9.600036381828586229e+01 1.100000000000000000e+01 2.000000000000000000e+01
9.700036381828580545e+01 1.100000000000000000e+01 2.000000000000000000e+01
9.800036381828574861e+01 1.200000000000000000e+01 2.200000000000000000e+01
9.900036381828569176e+01 1.100000000000000000e+01 2.300000000000000000e+01
1.000003638182856349e+02 1.300000000000000000e+01 2.400000000000000000e+01
1.010003638182855781e+02 1.300000000000000000e+01 2.600000000000000000e+01
1.020003638182855212e+02 1.200000000000000000e+01 2.700000000000000000e+01
1.030003638182854644e+02 8.000000000000000000e+00 2.700000000000000000e+01
1.040001036923424351e+02 5.000000000000000000e+00 2.800000000000000000e+01
1.050003638182853507e+02 6.000000000000000000e+00 2.900000000000000000e+01
1.060003638182852939e+02 6.000000000000000000e+00 2.900000000000000000e+01
1.070003638182852370e+02 6.000000000000000000e+00 3.000000000000000000e+01
1.080003638182851802e+02 6.000000000000000000e+00 3.400000000000000000e+01
1.090003638182851233e+02 3.000000000000000000e+00 3.300000000000000000e+01
1.100003638182850665e+02 4.000000000000000000e+00 3.300000000000000000e+01
1.110003638182850096e+02 5.000000000000000000e+00 3.400000000000000000e+01
1.120003638182849528e+02 4.000000000000000000e+00 3.500000000000000000e+01
1.130003638182848960e+02 4.000000000000000000e+00 3.600000000000000000e+01
1.140003638182848391e+02 5.000000000000000000e+00 3.700000000000000000e+01
1.150003638182847823e+02 6.000000000000000000e+00 3.700000000000000000e+01
1.160003638182847254e+02 4.000000000000000000e+00 3.700000000000000000e+01
1.170003638182846686e+02 4.000000000000000000e+00 3.500000000000000000e+01
1.180003638182846117e+02 3.000000000000000000e+00 3.300000000000000000e+01
1.190003638182845549e+02 3.000000000000000000e+00 3.000000000000000000e+01
1.200003638182844981e+02 3.000000000000000000e+00 2.600000000000000000e+01
1.210003638182844412e+02 4.000000000000000000e+00 2.500000000000000000e+01
1.220003638182843844e+02 4.000000000000000000e+00 2.300000000000000000e+01
1.230003638182843275e+02 4.000000000000000000e+00 2.300000000000000000e+01
1.240003638182842707e+02 5.000000000000000000e+00 2.300000000000000000e+01
1.250003638182842138e+02 5.000000000000000000e+00 2.500000000000000000e+01
1.260003638182841570e+02 6.000000000000000000e+00 2.400000000000000000e+01
1.270003638182841001e+02 7.000000000000000000e+00 2.400000000000000000e+01
1.280003638182840575e+02 6.000000000000000000e+00 2.300000000000000000e+01
1.290003638182840007e+02 8.000000000000000000e+00 2.400000000000000000e+01
1.300003638182839438e+02 8.000000000000000000e+00 2.500000000000000000e+01
1.310003638182838870e+02 8.000000000000000000e+00 2.500000000000000000e+01
1.320000714209195962e+02 8.000000000000000000e+00 2.300000000000000000e+01
1.330003638182837733e+02 8.000000000000000000e+00 2.300000000000000000e+01
1.340003638182837165e+02 1.000000000000000000e+01 2.400000000000000000e+01
1.350003638182836596e+02 1.100000000000000000e+01 2.300000000000000000e+01
1.360003638182836028e+02 1.100000000000000000e+01 2.300000000000000000e+01
1.370003638182835459e+02 1.500000000000000000e+01 2.400000000000000000e+01
1.380003638182834891e+02 1.600000000000000000e+01 2.300000000000000000e+01
1.390003638182834322e+02 1.400000000000000000e+01 2.000000000000000000e+01
1.400003638182833754e+02 1.100000000000000000e+01 1.600000000000000000e+01
1.410003638182833186e+02 1.200000000000000000e+01 1.600000000000000000e+01
1.420003638182832617e+02 1.000000000000000000e+01 1.200000000000000000e+01
1.430003638182832049e+02 9.000000000000000000e+00 1.000000000000000000e+01
1.440003638182831480e+02 1.000000000000000000e+01 1.200000000000000000e+01
1.450003638182830912e+02 5.000000000000000000e+00 1.200000000000000000e+01
1.460003638182830343e+02 6.000000000000000000e+00 1.200000000000000000e+01
1.470003638182829775e+02 6.000000000000000000e+00 1.200000000000000000e+01
1.480003638182829206e+02 7.000000000000000000e+00 1.500000000000000000e+01
1.490003638182828638e+02 8.000000000000000000e+00 1.600000000000000000e+01
1.500003638182828070e+02 6.000000000000000000e+00 1.500000000000000000e+01
1.510003638182827501e+02 6.000000000000000000e+00 1.500000000000000000e+01
1.520003638182826933e+02 6.000000000000000000e+00 1.600000000000000000e+01
1.530003631486317204e+02 5.000000000000000000e+00 1.600000000000000000e+01
1.540003638182825796e+02 5.000000000000000000e+00 1.600000000000000000e+01
1.550003638182825227e+02 6.000000000000000000e+00 1.600000000000000000e+01
1.560003638182824659e+02 7.000000000000000000e+00 1.500000000000000000e+01
1.570003638182824091e+02 8.000000000000000000e+00 1.500000000000000000e+01
1.580003638182823522e+02 7.000000000000000000e+00 1.500000000000000000e+01
1.590003638182822954e+02 8.000000000000000000e+00 1.800000000000000000e+01
1.600003638182822385e+02 7.000000000000000000e+00 1.800000000000000000e+01
1.610003638182821817e+02 1.100000000000000000e+01 1.900000000000000000e+01
1.620003638182821248e+02 1.100000000000000000e+01 1.800000000000000000e+01
1.630003638182820680e+02 1.300000000000000000e+01 1.800000000000000000e+01
1.640001953207382428e+02 1.300000000000000000e+01 1.800000000000000000e+01
1.650003638182819543e+02 1.400000000000000000e+01 2.000000000000000000e+01
1.660003638182818975e+02 1.400000000000000000e+01 2.000000000000000000e+01
1.670003638182818406e+02 1.500000000000000000e+01 2.200000000000000000e+01
1.680003638182817838e+02 1.400000000000000000e+01 2.100000000000000000e+01
1.690003638182817269e+02 1.400000000000000000e+01 2.100000000000000000e+01
1.700003638182816701e+02 1.500000000000000000e+01 1.900000000000000000e+01
1.710003638182816132e+02 1.800000000000000000e+01 1.900000000000000000e+01
1.720003638182815564e+02 1.500000000000000000e+01 1.800000000000000000e+01
1.730003638182814996e+02 1.500000000000000000e+01 1.900000000000000000e+01
1.740003638182814427e+02 1.700000000000000000e+01 2.000000000000000000e+01
1.750003638182813859e+02 1.800000000000000000e+01 2.000000000000000000e+01
1.760001997163462306e+02 1.900000000000000000e+01 2.000000000000000000e+01
1.770003638182812722e+02 1.900000000000000000e+01 2.100000000000000000e+01
1.780003638182812153e+02 1.900000000000000000e+01 2.200000000000000000e+01
1.790003638182811585e+02 2.100000000000000000e+01 2.100000000000000000e+01
1.800003638182811017e+02 2.100000000000000000e+01 2.100000000000000000e+01
1.810003638182810448e+02 2.200000000000000000e+01 2.200000000000000000e+01
1.820000950877706885e+02 2.200000000000000000e+01 2.200000000000000000e+01
1.830003638182809311e+02 2.400000000000000000e+01 2.400000000000000000e+01
1.840003638182808743e+02 2.500000000000000000e+01 2.300000000000000000e+01
1.850003638182808174e+02 2.500000000000000000e+01 2.300000000000000000e+01
1.860003638182807606e+02 2.700000000000000000e+01 2.500000000000000000e+01
1.870003638182807038e+02 2.800000000000000000e+01 2.600000000000000000e+01
1.880003638182806469e+02 2.800000000000000000e+01 2.700000000000000000e+01
1.890003638182805901e+02 2.800000000000000000e+01 2.700000000000000000e+01
1.900001617406094283e+02 2.800000000000000000e+01 2.800000000000000000e+01
1.910003638182804764e+02 2.500000000000000000e+01 2.900000000000000000e+01
1.920003638182804195e+02 2.100000000000000000e+01 3.000000000000000000e+01
1.930003638182803627e+02 2.000000000000000000e+01 3.200000000000000000e+01
1.940003518198154211e+02 1.600000000000000000e+01 2.700000000000000000e+01
1.950003638182802490e+02 1.400000000000000000e+01 2.800000000000000000e+01
1.960003638182801922e+02 1.400000000000000000e+01 2.900000000000000000e+01
1.970003638182801353e+02 1.400000000000000000e+01 2.800000000000000000e+01
1.980003638182800785e+02 1.300000000000000000e+01 2.800000000000000000e+01
1.990003638182800216e+02 1.300000000000000000e+01 2.700000000000000000e+01
2.000003638182799648e+02 1.400000000000000000e+01 2.700000000000000000e+01
2.010003638182799079e+02 1.500000000000000000e+01 2.700000000000000000e+01
2.020003638182798511e+02 1.600000000000000000e+01 2.500000000000000000e+01
2.030003638182797943e+02 1.500000000000000000e+01 2.500000000000000000e+01
2.040003638182797374e+02 1.400000000000000000e+01 2.600000000000000000e+01
2.050003638182796806e+02 1.300000000000000000e+01 2.100000000000000000e+01
2.060003638182796237e+02 1.300000000000000000e+01 2.000000000000000000e+01
2.070003638182795669e+02 1.200000000000000000e+01 1.800000000000000000e+01
2.080003638182795100e+02 1.100000000000000000e+01 1.900000000000000000e+01
2.090002602870628436e+02 1.400000000000000000e+01 1.800000000000000000e+01
2.100003638182793964e+02 1.400000000000000000e+01 1.800000000000000000e+01
2.110003638182793395e+02 1.200000000000000000e+01 1.700000000000000000e+01
2.120003638182792827e+02 1.100000000000000000e+01 1.700000000000000000e+01
2.130003638182792258e+02 1.200000000000000000e+01 1.500000000000000000e+01
2.140003638182791690e+02 1.100000000000000000e+01 1.100000000000000000e+01
2.150003638182791121e+02 1.400000000000000000e+01 8.000000000000000000e+00
2.160003638182790553e+02 1.500000000000000000e+01 7.000000000000000000e+00
2.170003638182789985e+02 1.600000000000000000e+01 5.000000000000000000e+00
2.180003638182789416e+02 1.400000000000000000e+01 6.000000000000000000e+00
2.190003638182788848e+02 1.300000000000000000e+01 5.000000000000000000e+00
2.200003638182788279e+02 1.400000000000000000e+01 6.000000000000000000e+00
2.210003638182787711e+02 1.200000000000000000e+01 7.000000000000000000e+00
2.220003638182787142e+02 1.200000000000000000e+01 7.000000000000000000e+00
2.230003638182786574e+02 1.200000000000000000e+01 8.000000000000000000e+00
2.240003638182786005e+02 1.200000000000000000e+01 1.000000000000000000e+01
2.250003638182785437e+02 1.100000000000000000e+01 1.200000000000000000e+01
2.260003638182784869e+02 1.100000000000000000e+01 1.200000000000000000e+01
2.270003638182784300e+02 1.000000000000000000e+01 1.300000000000000000e+01
2.280003638182783732e+02 1.100000000000000000e+01 1.300000000000000000e+01
2.290003638182783163e+02 1.100000000000000000e+01 1.300000000000000000e+01
2.300003638182782595e+02 1.100000000000000000e+01 1.400000000000000000e+01
2.310003638182782026e+02 1.200000000000000000e+01 1.200000000000000000e+01
2.320003638182781458e+02 1.400000000000000000e+01 1.100000000000000000e+01
2.330003638182780890e+02 1.200000000000000000e+01 1.300000000000000000e+01
2.340003638182780321e+02 1.200000000000000000e+01 1.500000000000000000e+01
2.350003638182779753e+02 1.000000000000000000e+01 1.500000000000000000e+01
2.360003638182779184e+02 1.100000000000000000e+01 1.800000000000000000e+01
2.370000328241818295e+02 1.100000000000000000e+01 1.900000000000000000e+01
2.380003638182778047e+02 1.300000000000000000e+01 1.900000000000000000e+01
2.390003638182777479e+02 1.300000000000000000e+01 1.900000000000000000e+01
2.400003638182776911e+02 1.200000000000000000e+01 2.000000000000000000e+01
2.410003638182776342e+02 1.300000000000000000e+01 2.100000000000000000e+01
2.420003638182775774e+02 1.400000000000000000e+01 2.000000000000000000e+01
2.430003638182775205e+02 1.300000000000000000e+01 2.100000000000000000e+01
2.440003638182774637e+02 1.100000000000000000e+01 2.200000000000000000e+01
2.450003638182774068e+02 1.200000000000000000e+01 2.300000000000000000e+01
2.460003606573862669e+02 1.400000000000000000e+01 2.200000000000000000e+01
2.470003638182772931e+02 1.200000000000000000e+01 2.200000000000000000e+01
2.480003638182772363e+02 1.300000000000000000e+01 2.200000000000000000e+01
2.490003638182771795e+02 1.300000000000000000e+01 2.200000000000000000e+01
2.500003638182771226e+02 1.300000000000000000e+01 2.300000000000000000e+01
2.510003638182770658e+02 1.200000000000000000e+01 2.500000000000000000e+01
2.520003638182770089e+02 1.300000000000000000e+01 2.500000000000000000e+01
2.530003638182769521e+02 1.200000000000000000e+01 2.500000000000000000e+01
2.540003638182768952e+02 1.200000000000000000e+01 2.500000000000000000e+01
2.550003638182768384e+02 1.300000000000000000e+01 2.500000000000000000e+01
2.560003638182768100e+02 1.200000000000000000e+01 2.200000000000000000e+01
2.570003638182770374e+02 1.100000000000000000e+01 2.400000000000000000e+01
2.580000732911092882e+02 1.000000000000000000e+01 2.300000000000000000e+01
2.590003638182774921e+02 1.000000000000000000e+01 2.300000000000000000e+01
2.600003638182777195e+02 1.000000000000000000e+01 2.300000000000000000e+01
2.610003638182779468e+02 1.200000000000000000e+01 2.400000000000000000e+01
2.620003638182781742e+02 1.200000000000000000e+01 2.400000000000000000e+01
2.630003638182784016e+02 1.400000000000000000e+01 2.500000000000000000e+01
2.640001523146056002e+02 1.400000000000000000e+01 2.400000000000000000e+01
2.650003638182788563e+02 1.300000000000000000e+01 2.400000000000000000e+01
2.660003638182790837e+02 1.400000000000000000e+01 2.400000000000000000e+01
2.670003638182793111e+02 1.400000000000000000e+01 2.500000000000000000e+01
2.680003638182795385e+02 1.400000000000000000e+01 2.300000000000000000e+01
2.690003638182797658e+02 1.700000000000000000e+01 2.200000000000000000e+01
2.700003638182799932e+02 1.900000000000000000e+01 2.100000000000000000e+01
2.710003638182802206e+02 2.200000000000000000e+01 2.100000000000000000e+01
2.720003638182804480e+02 2.200000000000000000e+01 2.000000000000000000e+01
2.730003638182806753e+02 1.800000000000000000e+01 1.900000000000000000e+01
2.740003638182809027e+02 1.800000000000000000e+01 1.600000000000000000e+01
2.750003638182811301e+02 1.800000000000000000e+01 1.400000000000000000e+01
2.760003638182813575e+02 1.700000000000000000e+01 1.500000000000000000e+01
2.770003638182815848e+02 1.700000000000000000e+01 1.400000000000000000e+01
2.780003638182818122e+02 1.800000000000000000e+01 1.300000000000000000e+01
2.790003638182820396e+02 1.800000000000000000e+01 1.200000000000000000e+01
2.800003638182822669e+02 1.700000000000000000e+01 1.300000000000000000e+01
2.810003638182824943e+02 1.700000000000000000e+01 1.500000000000000000e+01
2.820003638182827217e+02 1.700000000000000000e+01 1.500000000000000000e+01
2.830003638182829491e+02 1.800000000000000000e+01 1.600000000000000000e+01
2.840003638182831764e+02 1.600000000000000000e+01 1.200000000000000000e+01
2.850003638182834038e+02 1.900000000000000000e+01 1.100000000000000000e+01
2.860003638182836312e+02 1.700000000000000000e+01 1.100000000000000000e+01
2.870003638182838586e+02 1.800000000000000000e+01 1.300000000000000000e+01
2.880003638182840859e+02 1.800000000000000000e+01 1.000000000000000000e+01
2.890003638182843133e+02 1.800000000000000000e+01 9.000000000000000000e+00
2.900003638182845407e+02 1.500000000000000000e+01 8.000000000000000000e+00
2.910003638182847681e+02 1.600000000000000000e+01 9.000000000000000000e+00
2.920003638182849954e+02 1.600000000000000000e+01 9.000000000000000000e+00
2.930003638182852228e+02 1.500000000000000000e+01 9.000000000000000000e+00
2.940003638182854502e+02 1.300000000000000000e+01 9.000000000000000000e+00
2.950003638182856776e+02 1.300000000000000000e+01 9.000000000000000000e+00
2.960003638182859049e+02 1.200000000000000000e+01 1.100000000000000000e+01
2.970003638182861323e+02 1.200000000000000000e+01 1.000000000000000000e+01
2.980003638182863597e+02 1.000000000000000000e+01 1.100000000000000000e+01
2.990003638182865870e+02 8.000000000000000000e+00 1.200000000000000000e+01
3.000001499707495327e+02 7.000000000000000000e+00 1.200000000000000000e+01
