0.000000000000000000e+00 0.000000000000000000e+00 0.000000000000000000e+00
1.000517144098738598e+00 0.000000000000000000e+00 0.000000000000000000e+00
2.000517144098739486e+00 1.000000000000000000e+00 1.000000000000000000e+00
3.000517144098740374e+00 2.000000000000000000e+00 2.000000000000000000e+00
4.000517144098741262e+00 3.000000000000000000e+00 3.000000000000000000e+00
5.000517144098737710e+00 5.000000000000000000e+00 5.000000000000000000e+00
6.000517144098734157e+00 6.000000000000000000e+00 6.000000000000000000e+00
7.000517144098730604e+00 6.000000000000000000e+00 6.000000000000000000e+00
8.000517144098727940e+00 7.000000000000000000e+00 7.000000000000000000e+00
9.000517144098724387e+00 9.000000000000000000e+00 9.000000000000000000e+00
1.000034716185997929e+01 1.200000000000000000e+01 1.200000000000000000e+01
1.100051714409871728e+01 1.300000000000000000e+01 1.300000000000000000e+01
1.200051714409871373e+01 1.500000000000000000e+01 1.500000000000000000e+01
1.300051714409871018e+01 1.700000000000000000e+01 1.700000000000000000e+01
1.400051714409870662e+01 1.700000000000000000e+01 1.600000000000000000e+01
1.500051714409870307e+01 1.700000000000000000e+01 1.500000000000000000e+01
1.600051714409870129e+01 1.700000000000000000e+01 1.500000000000000000e+01
1.700051714409871551e+01 1.800000000000000000e+01 1.700000000000000000e+01
1.800051714409872972e+01 1.700000000000000000e+01 1.600000000000000000e+01
1.900051714409874393e+01 1.800000000000000000e+01 1.700000000000000000e+01
2.000051714409875814e+01 1.800000000000000000e+01 1.800000000000000000e+01
2.100051714409877235e+01 1.600000000000000000e+01 1.500000000000000000e+01
2.200051714409878656e+01 1.600000000000000000e+01 1.300000000000000000e+01
2.300051714409880077e+01 1.200000000000000000e+01 1.300000000000000000e+01
2.400051714409881498e+01 9.000000000000000000e+00 1.000000000000000000e+01
2.500032279577085248e+01 8.000000000000000000e+00 8.000000000000000000e+00
2.600051714409884340e+01 8.000000000000000000e+00 8.000000000000000000e+00
2.700051714409885761e+01 9.000000000000000000e+00 1.000000000000000000e+01
2.800051714409887182e+01 8.000000000000000000e+00 1.000000000000000000e+01
2.900051714409888604e+01 9.000000000000000000e+00 1.000000000000000000e+01
3.000051714409890025e+01 1.000000000000000000e+01 1.100000000000000000e+01
3.100034755846346357e+01 1.000000000000000000e+01 1.100000000000000000e+01
3.200051714409892867e+01 9.000000000000000000e+00 1.200000000000000000e+01
3.300051714409894288e+01 9.000000000000000000e+00 1.000000000000000000e+01
3.400051714409895709e+01 9.000000000000000000e+00 1.100000000000000000e+01
3.500051714409897130e+01 9.000000000000000000e+00 1.100000000000000000e+01
3.600043505782232245e+01 1.000000000000000000e+01 1.100000000000000000e+01
3.700051714409899972e+01 1.100000000000000000e+01 1.000000000000000000e+01
3.800051714409901393e+01 9.000000000000000000e+00 1.000000000000000000e+01
3.900051714409902814e+01 1.100000000000000000e+01 1.000000000000000000e+01
4.000007328909669724e+01 1.300000000000000000e+01 1.100000000000000000e+01
4.100051714409905657e+01 1.200000000000000000e+01 1.100000000000000000e+01
4.200051714409907078e+01 1.200000000000000000e+01 1.300000000000000000e+01
4.300051714409908499e+01 1.000000000000000000e+01 1.200000000000000000e+01
4.400051714409909920e+01 1.000000000000000000e+01 1.200000000000000000e+01
4.500051714409911341e+01 1.000000000000000000e+01 1.300000000000000000e+01
4.600051714409912762e+01 9.000000000000000000e+00 1.300000000000000000e+01
4.700051714409914183e+01 7.000000000000000000e+00 1.400000000000000000e+01
4.800051714409915604e+01 7.000000000000000000e+00 1.600000000000000000e+01
4.900051714409917025e+01 5.000000000000000000e+00 1.500000000000000000e+01
5.000051714409918446e+01 4.000000000000000000e+00 1.500000000000000000e+01
5.100051714409919867e+01 4.000000000000000000e+00 1.600000000000000000e+01
5.200008667551847452e+01 4.000000000000000000e+00 1.700000000000000000e+01
5.300051714409922710e+01 4.000000000000000000e+00 1.800000000000000000e+01
5.400051714409924131e+01 5.000000000000000000e+00 1.900000000000000000e+01
5.500051714409925552e+01 2.000000000000000000e+00 1.500000000000000000e+01
5.600051714409926973e+01 2.000000000000000000e+00 1.000000000000000000e+01
5.700011636989727037e+01 2.000000000000000000e+00 1.100000000000000000e+01
5.800051714409929815e+01 2.000000000000000000e+00 1.000000000000000000e+01
5.900051714409931236e+01 2.000000000000000000e+00 1.000000000000000000e+01
6.000051714409932657e+01 4.000000000000000000e+00 1.100000000000000000e+01
6.100051714409934078e+01 3.000000000000000000e+00 1.200000000000000000e+01
6.200051714409935499e+01 3.000000000000000000e+00 1.200000000000000000e+01
6.300051714409936920e+01 3.000000000000000000e+00 1.300000000000000000e+01
6.400051714409937631e+01 5.000000000000000000e+00 1.400000000000000000e+01
6.500051714409931947e+01 5.000000000000000000e+00 1.300000000000000000e+01
6.600051714409926262e+01 8.000000000000000000e+00 1.100000000000000000e+01
6.700051714409920578e+01 8.000000000000000000e+00 6.000000000000000000e+00
6.800005456622329802e+01 9.000000000000000000e+00 8.000000000000000000e+00
6.900051714409909209e+01 8.000000000000000000e+00 5.000000000000000000e+00
7.000051714409903525e+01 7.000000000000000000e+00 6.000000000000000000e+00
7.100051714409897841e+01 8.000000000000000000e+00 8.000000000000000000e+00
7.200051714409892156e+01 8.000000000000000000e+00 8.000000000000000000e+00
7.300051714409886472e+01 8.000000000000000000e+00 7.000000000000000000e+00
7.400051714409880788e+01 9.000000000000000000e+00 8.000000000000000000e+00
7.500051714409875103e+01 1.200000000000000000e+01 9.000000000000000000e+00
7.600051714409869419e+01 1.000000000000000000e+01 9.000000000000000000e+00
7.700051714409863735e+01 1.000000000000000000e+01 8.000000000000000000e+00
7.800051714409858050e+01 1.100000000000000000e+01 9.000000000000000000e+00
7.900051714409852366e+01 1.200000000000000000e+01 9.000000000000000000e+00
8.000051714409846682e+01 1.200000000000000000e+01 9.000000000000000000e+00
8.100051714409840997e+01 1.200000000000000000e+01 9.000000000000000000e+00
8.200051714409835313e+01 1.200000000000000000e+01 9.000000000000000000e+00
8.300051714409829628e+01 1.300000000000000000e+01 8.000000000000000000e+00
8.400039968419113734e+01 1.400000000000000000e+01 8.000000000000000000e+00
8.500051714409818260e+01 1.500000000000000000e+01 9.000000000000000000e+00
8.600051714409812575e+01 1.500000000000000000e+01 1.000000000000000000e+01
8.700051714409806891e+01 1.500000000000000000e+01 8.000000000000000000e+00
8.800051714409801207e+01 1.500000000000000000e+01 7.000000000000000000e+00
8.900051714409795522e+01 1.500000000000000000e+01 7.000000000000000000e+00
9.000051714409789838e+01 1.300000000000000000e+01 8.000000000000000000e+00
9.100026616145193259e+01 1.500000000000000000e+01 1.000000000000000000e+01
9.200051714409778469e+01 1.600000000000000000e+01 1.000000000000000000e+01
9.300051714409772785e+01 1.700000000000000000e+01 1.100000000000000000e+01
9.400051714409767101e+01 1.900000000000000000e+01 1.200000000000000000e+01
9.500005149911682167e+01 1.700000000000000000e+01 1.400000000000000000e+01
9.600051714409755732e+01 1.800000000000000000e+01 1.500000000000000000e+01
9.700051714409750048e+01 1.900000000000000000e+01 1.600000000000000000e+01
9.800051714409744363e+01 1.500000000000000000e+01 1.400000000000000000e+01
9.900051714409738679e+01 1.300000000000000000e+01 1.300000000000000000e+01
1.000005171440973299e+02 1.000000000000000000e+01 1.300000000000000000e+01
1.010005171440972731e+02 1.200000000000000000e+01 1.300000000000000000e+01
1.020005171440972163e+02 1.200000000000000000e+01 1.000000000000000000e+01
1.030005171440971594e+02 1.100000000000000000e+01 8.000000000000000000e+00
1.040005171440971026e+02 1.200000000000000000e+01 8.000000000000000000e+00
1.050005171440970457e+02 1.200000000000000000e+01 9.000000000000000000e+00
1.060005171440969889e+02 1.300000000000000000e+01 9.000000000000000000e+00
1.070005171440969320e+02 1.400000000000000000e+01 9.000000000000000000e+00
1.080005171440968752e+02 1.600000000000000000e+01 1.100000000000000000e+01
1.090005171440968184e+02 1.700000000000000000e+01 1.400000000000000000e+01
1.100005171440967615e+02 1.700000000000000000e+01 1.600000000000000000e+01
1.110005171440967047e+02 1.600000000000000000e+01 1.700000000000000000e+01
1.120005171440966478e+02 1.400000000000000000e+01 1.600000000000000000e+01
1.130000734841337504e+02 1.400000000000000000e+01 1.400000000000000000e+01
1.140005171440965341e+02 1.600000000000000000e+01 1.400000000000000000e+01
1.150005171440964773e+02 1.600000000000000000e+01 1.500000000000000000e+01
1.160005171440964205e+02 1.700000000000000000e+01 1.400000000000000000e+01
1.170005171440963636e+02 1.700000000000000000e+01 1.300000000000000000e+01
1.180005171440963068e+02 1.700000000000000000e+01 1.300000000000000000e+01
1.190000650388445536e+02 1.600000000000000000e+01 1.200000000000000000e+01
1.200005171440961931e+02 1.500000000000000000e+01 1.200000000000000000e+01
1.210005171440961362e+02 1.400000000000000000e+01 1.300000000000000000e+01
1.220005171440960794e+02 1.400000000000000000e+01 1.300000000000000000e+01
1.230005171440960225e+02 1.600000000000000000e+01 1.200000000000000000e+01
1.240005171440959657e+02 1.500000000000000000e+01 1.200000000000000000e+01
1.250005171440959089e+02 1.500000000000000000e+01 1.200000000000000000e+01
1.260005171440958520e+02 1.400000000000000000e+01 1.100000000000000000e+01
1.270005171440957952e+02 1.500000000000000000e+01 1.200000000000000000e+01
1.280005171440957383e+02 1.500000000000000000e+01 1.200000000000000000e+01
1.290005171440956815e+02 1.700000000000000000e+01 1.400000000000000000e+01
1.300005066398305473e+02 1.400000000000000000e+01 1.500000000000000000e+01
1.310005171440955678e+02 1.400000000000000000e+01 1.500000000000000000e+01
1.320005171440955110e+02 1.300000000000000000e+01 1.500000000000000000e+01
1.330005171440954541e+02 1.600000000000000000e+01 1.700000000000000000e+01
1.340005171440953973e+02 1.400000000000000000e+01 1.600000000000000000e+01
1.350005171440953404e+02 1.500000000000000000e+01 1.500000000000000000e+01
1.360005171440952836e+02 1.500000000000000000e+01 1.800000000000000000e+01
1.370005171440952267e+02 1.600000000000000000e+01 1.700000000000000000e+01
1.380005171440951699e+02 1.300000000000000000e+01 1.700000000000000000e+01
1.390005171440951131e+02 1.300000000000000000e+01 1.700000000000000000e+01
1.400005171440950562e+02 1.000000000000000000e+01 1.800000000000000000e+01
1.410005171440949994e+02 1.000000000000000000e+01 1.900000000000000000e+01
1.420005171440949425e+02 9.000000000000000000e+00 1.900000000000000000e+01
1.430000464858006239e+02 9.000000000000000000e+00 1.600000000000000000e+01
1.440005171440948288e+02 9.000000000000000000e+00 9.000000000000000000e+00
1.450005171440947720e+02 9.000000000000000000e+00 8.000000000000000000e+00
1.460005171440947151e+02 2.000000000000000000e+00 9.000000000000000000e+00
1.470004419802754114e+02 3.000000000000000000e+00 1.000000000000000000e+01
1.480005171440946015e+02 3.000000000000000000e+00 1.000000000000000000e+01
1.490005171440945446e+02 4.000000000000000000e+00 9.000000000000000000e+00
1.500005171440944878e+02 4.000000000000000000e+00 1.000000000000000000e+01
1.510005171440944309e+02 5.000000000000000000e+00 9.000000000000000000e+00
1.520005171440943741e+02 5.000000000000000000e+00 8.000000000000000000e+00
1.530005171440943172e+02 5.000000000000000000e+00 8.000000000000000000e+00
1.540005171440942604e+02 6.000000000000000000e+00 8.000000000000000000e+00
1.550005171440942036e+02 7.000000000000000000e+00 9.000000000000000000e+00
1.560005171440941467e+02 7.000000000000000000e+00 9.000000000000000000e+00
1.570005171440940899e+02 6.000000000000000000e+00 8.000000000000000000e+00
1.580005171440940330e+02 6.000000000000000000e+00 8.000000000000000000e+00
1.590005171440939762e+02 5.000000000000000000e+00 8.000000000000000000e+00
1.600005171440939193e+02 5.000000000000000000e+00 1.000000000000000000e+01
1.610005171440938625e+02 8.000000000000000000e+00 1.100000000000000000e+01
1.620005171440938057e+02 6.000000000000000000e+00 1.000000000000000000e+01
1.630005171440937488e+02 6.000000000000000000e+00 1.100000000000000000e+01
1.640005171440936920e+02 7.000000000000000000e+00 1.200000000000000000e+01
1.650005171440936351e+02 9.000000000000000000e+00 1.100000000000000000e+01
1.660005171440935783e+02 8.000000000000000000e+00 1.100000000000000000e+01
1.670005171440935214e+02 8.000000000000000000e+00 1.100000000000000000e+01
1.680005171440934646e+02 8.000000000000000000e+00 1.000000000000000000e+01
1.690005171440934078e+02 8.000000000000000000e+00 9.000000000000000000e+00
1.700005171440933509e+02 8.000000000000000000e+00 7.000000000000000000e+00
1.710001919892164040e+02 8.000000000000000000e+00 7.000000000000000000e+00
1.720005171440932372e+02 1.000000000000000000e+01 8.000000000000000000e+00
1.730005171440931804e+02 1.100000000000000000e+01 8.000000000000000000e+00
1.740005171440931235e+02 1.100000000000000000e+01 8.000000000000000000e+00
1.750003539470887688e+02 1.000000000000000000e+01 8.000000000000000000e+00
1.760005171440930098e+02 1.100000000000000000e+01 6.000000000000000000e+00
1.770005171440929530e+02 9.000000000000000000e+00 5.000000000000000000e+00
1.780005171440928962e+02 1.000000000000000000e+01 5.000000000000000000e+00
1.790005171440928393e+02 1.100000000000000000e+01 6.000000000000000000e+00
1.800005171440927825e+02 1.100000000000000000e+01 7.000000000000000000e+00
1.810005171440927256e+02 1.000000000000000000e+01 8.000000000000000000e+00
1.820005171440926688e+02 9.000000000000000000e+00 9.000000000000000000e+00
1.830002367302881510e+02 9.000000000000000000e+00 9.000000000000000000e+00
1.840005015550343046e+02 9.000000000000000000e+00 1.100000000000000000e+01
1.850005171440924983e+02 9.000000000000000000e+00 1.100000000000000000e+01
1.860005171440924414e+02 8.000000000000000000e+00 1.100000000000000000e+01
1.870005171440923846e+02 9.000000000000000000e+00 1.200000000000000000e+01
1.880005171440923277e+02 8.000000000000000000e+00 1.100000000000000000e+01
1.890005171440922709e+02 6.000000000000000000e+00 1.100000000000000000e+01
1.900002150421823046e+02 5.000000000000000000e+00 1.000000000000000000e+01
1.910005171440921572e+02 5.000000000000000000e+00 8.000000000000000000e+00
1.920005171440921004e+02 2.000000000000000000e+00 8.000000000000000000e+00
1.930005171440920435e+02 1.000000000000000000e+00 6.000000000000000000e+00
1.940005171440919867e+02 1.000000000000000000e+00 4.000000000000000000e+00
1.950005171440919298e+02 2.000000000000000000e+00 5.000000000000000000e+00
1.960005171440918730e+02 3.000000000000000000e+00 6.000000000000000000e+00
1.970005171440918161e+02 3.000000000000000000e+00 5.000000000000000000e+00
1.980005171440917593e+02 7.000000000000000000e+00 6.000000000000000000e+00
1.990005171440917024e+02 8.000000000000000000e+00 7.000000000000000000e+00
2.000005171440916456e+02 9.000000000000000000e+00 5.000000000000000000e+00
2.010005171440915888e+02 8.000000000000000000e+00 6.000000000000000000e+00
2.020001370319662897e+02 7.000000000000000000e+00 9.000000000000000000e+00
2.030005171440914751e+02 8.000000000000000000e+00 7.000000000000000000e+00
2.040005171440914182e+02 8.000000000000000000e+00 8.000000000000000000e+00
2.050005171440913614e+02 8.000000000000000000e+00 9.000000000000000000e+00
2.060000010576310956e+02 9.000000000000000000e+00 1.000000000000000000e+01
2.070005171440912477e+02 1.000000000000000000e+01 1.200000000000000000e+01
2.080005171440911909e+02 9.000000000000000000e+00 1.300000000000000000e+01
2.090005171440911340e+02 1.200000000000000000e+01 1.400000000000000000e+01
2.100004781209600537e+02 1.100000000000000000e+01 1.400000000000000000e+01
2.110005171440910203e+02 1.200000000000000000e+01 1.400000000000000000e+01
2.120005171440909635e+02 1.300000000000000000e+01 1.500000000000000000e+01
2.130005171440909066e+02 1.300000000000000000e+01 1.500000000000000000e+01
2.140004459551296918e+02 1.300000000000000000e+01 1.600000000000000000e+01
2.150005171440907930e+02 1.500000000000000000e+01 1.800000000000000000e+01
2.160005171440907361e+02 1.600000000000000000e+01 1.900000000000000000e+01
2.170005171440906793e+02 1.600000000000000000e+01 2.000000000000000000e+01
2.180005171440906224e+02 1.700000000000000000e+01 1.900000000000000000e+01
2.190002400145342563e+02 1.700000000000000000e+01 1.900000000000000000e+01
2.200005171440905087e+02 1.700000000000000000e+01 2.100000000000000000e+01
2.210005171440904519e+02 1.800000000000000000e+01 1.800000000000000000e+01
2.220005171440903950e+02 1.800000000000000000e+01 1.500000000000000000e+01
2.230005171440903382e+02 1.800000000000000000e+01 1.400000000000000000e+01
2.240005171440902814e+02 1.800000000000000000e+01 1.800000000000000000e+01
2.250001755809169310e+02 1.900000000000000000e+01 1.700000000000000000e+01
2.260005171440901677e+02 2.200000000000000000e+01 1.800000000000000000e+01
2.270005171440901108e+02 2.200000000000000000e+01 1.700000000000000000e+01
2.280005171440900540e+02 2.300000000000000000e+01 1.800000000000000000e+01
2.290005171440899971e+02 1.800000000000000000e+01 1.800000000000000000e+01
2.300005171440899403e+02 1.000000000000000000e+01 1.900000000000000000e+01
2.310005171440898835e+02 8.000000000000000000e+00 2.000000000000000000e+01
2.320005171440898266e+02 7.000000000000000000e+00 2.100000000000000000e+01
2.330005171440897698e+02 5.000000000000000000e+00 2.200000000000000000e+01
2.340005171440897129e+02 6.000000000000000000e+00 2.200000000000000000e+01
2.350005171440896561e+02 7.000000000000000000e+00 2.300000000000000000e+01
2.360005171440895992e+02 9.000000000000000000e+00 2.300000000000000000e+01
2.370005171440895424e+02 1.000000000000000000e+01 2.600000000000000000e+01
2.380005171440894856e+02 1.100000000000000000e+01 2.400000000000000000e+01
2.390005171440894287e+02 1.100000000000000000e+01 2.200000000000000000e+01
2.400005171440893719e+02 1.300000000000000000e+01 2.100000000000000000e+01
2.410005171440893150e+02 1.200000000000000000e+01 2.000000000000000000e+01
2.420005171440892582e+02 1.400000000000000000e+01 1.700000000000000000e+01
2.430005171440892013e+02 1.300000000000000000e+01 1.200000000000000000e+01
2.440005171440891445e+02 1.300000000000000000e+01 1.000000000000000000e+01
2.450005171440890877e+02 1.300000000000000000e+01 1.300000000000000000e+01
2.460005171440890308e+02 1.300000000000000000e+01 1.300000000000000000e+01
2.470005171440889740e+02 1.300000000000000000e+01 1.400000000000000000e+01
2.480005171440889171e+02 1.400000000000000000e+01 1.500000000000000000e+01
2.490005171440888603e+02 1.400000000000000000e+01 1.500000000000000000e+01
2.500003257980192757e+02 1.400000000000000000e+01 1.500000000000000000e+01
2.510005171440887466e+02 1.500000000000000000e+01 1.000000000000000000e+01
2.520005171440886897e+02 1.400000000000000000e+01 7.000000000000000000e+00
2.530005171440886329e+02 1.500000000000000000e+01 7.000000000000000000e+00
2.540005171440885761e+02 1.600000000000000000e+01 7.000000000000000000e+00
2.550005171440885192e+02 1.600000000000000000e+01 7.000000000000000000e+00
2.560005171440884624e+02 1.800000000000000000e+01 4.000000000000000000e+00
2.570005171440886897e+02 1.900000000000000000e+01 5.000000000000000000e+00
2.580005171440889171e+02 1.900000000000000000e+01 7.000000000000000000e+00
2.590005171440891445e+02 2.000000000000000000e+01 5.000000000000000000e+00
2.600005171440893719e+02 2.200000000000000000e+01 7.000000000000000000e+00
2.610005171440895992e+02 2.300000000000000000e+01 6.000000000000000000e+00
2.620005171440898266e+02 2.200000000000000000e+01 6.000000000000000000e+00
2.630005171440900540e+02 2.200000000000000000e+01 7.000000000000000000e+00
2.640005171440902814e+02 2.300000000000000000e+01 7.000000000000000000e+00
2.650005171440905087e+02 2.000000000000000000e+01 7.000000000000000000e+00
2.660005171440907361e+02 1.800000000000000000e+01 8.000000000000000000e+00
2.670005171440909635e+02 1.400000000000000000e+01 9.000000000000000000e+00
2.680005171440911909e+02 1.500000000000000000e+01 8.000000000000000000e+00
2.690003867511442763e+02 1.600000000000000000e+01 6.000000000000000000e+00
2.700005171440916456e+02 1.600000000000000000e+01 8.000000000000000000e+00
2.710005171440918730e+02 1.600000000000000000e+01 8.000000000000000000e+00
2.720005171440921004e+02 1.600000000000000000e+01 5.000000000000000000e+00
2.730005171440923277e+02 1.600000000000000000e+01 2.000000000000000000e+00
2.740005171440925551e+02 1.600000000000000000e+01 2.000000000000000000e+00
2.750005171440927825e+02 1.400000000000000000e+01 3.000000000000000000e+00
2.760005171440930098e+02 1.100000000000000000e+01 3.000000000000000000e+00
2.770003128771481329e+02 1.000000000000000000e+01 4.000000000000000000e+00
2.780005171440934646e+02 1.100000000000000000e+01 4.000000000000000000e+00
2.790004070474388413e+02 1.100000000000000000e+01 5.000000000000000000e+00
2.800005171440939193e+02 1.100000000000000000e+01 5.000000000000000000e+00
2.810005171440941467e+02 1.000000000000000000e+01 6.000000000000000000e+00
2.820005171440943741e+02 8.000000000000000000e+00 6.000000000000000000e+00
2.830005171440946015e+02 8.000000000000000000e+00 6.000000000000000000e+00
2.840005171440948288e+02 7.000000000000000000e+00 5.000000000000000000e+00
2.850005171440950562e+02 8.000000000000000000e+00 4.000000000000000000e+00
2.860005171440952836e+02 8.000000000000000000e+00 5.000000000000000000e+00
2.870005171440955110e+02 1.000000000000000000e+01 4.000000000000000000e+00
2.880005171440957383e+02 6.000000000000000000e+00 3.000000000000000000e+00
2.890005171440959657e+02 6.000000000000000000e+00 3.000000000000000000e+00
2.900005171440961931e+02 4.000000000000000000e+00 3.000000000000000000e+00
2.910005171440964205e+02 4.000000000000000000e+00 3.000000000000000000e+00
2.920005171440966478e+02 5.000000000000000000e+00 3.000000000000000000e+00
2.930005171440968752e+02 7.000000000000000000e+00 3.000000000000000000e+00
2.940005171440971026e+02 7.000000000000000000e+00 3.000000000000000000e+00
2.950005171440973299e+02 7.000000000000000000e+00 3.000000000000000000e+00
2.960005171440975573e+02 6.000000000000000000e+00 2.000000000000000000e+00
2.970005171440977847e+02 6.000000000000000000e+00 2.000000000000000000e+00
2.980005171440980121e+02 8.000000000000000000e+00 2.000000000000000000e+00
2.990005171440982394e+02 9.000000000000000000e+00 2.000000000000000000e+00
3.000005171440984668e+02 9.000000000000000000e+00 3.000000000000000000e+00
