0.000000000000000000e+00 0.000000000000000000e+00 0.000000000000000000e+00
1.000192601697735162e+00 0.000000000000000000e+00 0.000000000000000000e+00
2.000192601697735828e+00 0.000000000000000000e+00 0.000000000000000000e+00
3.000192601697736716e+00 1.000000000000000000e+00 1.000000000000000000e+00
4.000192601697737160e+00 2.000000000000000000e+00 2.000000000000000000e+00
5.000192601697733608e+00 2.000000000000000000e+00 2.000000000000000000e+00
6.000192601697730055e+00 2.000000000000000000e+00 2.000000000000000000e+00
7.000192601697726502e+00 3.000000000000000000e+00 3.000000000000000000e+00
8.000192601697722949e+00 7.000000000000000000e+00 7.000000000000000000e+00
9.000192601697719397e+00 9.000000000000000000e+00 9.000000000000000000e+00
1.000010941058445013e+01 1.000000000000000000e+01 1.000000000000000000e+01
1.100019260169771229e+01 1.100000000000000000e+01 1.100000000000000000e+01
1.200019260169770874e+01 1.200000000000000000e+01 1.200000000000000000e+01
1.300019260169770519e+01 1.300000000000000000e+01 1.300000000000000000e+01
1.400019260169770163e+01 8.000000000000000000e+00 8.000000000000000000e+00
1.500019260169769808e+01 8.000000000000000000e+00 8.000000000000000000e+00
1.600019260169769453e+01 8.000000000000000000e+00 8.000000000000000000e+00
1.700005258248974727e+01 5.000000000000000000e+00 5.000000000000000000e+00
1.800019260169772295e+01 3.000000000000000000e+00 3.000000000000000000e+00
1.900019260169773716e+01 3.000000000000000000e+00 3.000000000000000000e+00
2.000019260169775137e+01 5.000000000000000000e+00 5.000000000000000000e+00
2.100019260169776558e+01 4.000000000000000000e+00 4.000000000000000000e+00
2.200019260169777979e+01 3.000000000000000000e+00 3.000000000000000000e+00
2.300019260169779400e+01 4.000000000000000000e+00 4.000000000000000000e+00
2.400019260169780821e+01 4.000000000000000000e+00 4.000000000000000000e+00
2.500019260169782243e+01 3.000000000000000000e+00 3.000000000000000000e+00
2.600019260169783664e+01 3.000000000000000000e+00 3.000000000000000000e+00
2.700019260169785085e+01 3.000000000000000000e+00 3.000000000000000000e+00
2.800019260169786506e+01 6.000000000000000000e+00 6.000000000000000000e+00
2.900019260169787927e+01 7.000000000000000000e+00 7.000000000000000000e+00
3.000019260169789348e+01 6.000000000000000000e+00 6.000000000000000000e+00
3.100019260169790769e+01 9.000000000000000000e+00 7.000000000000000000e+00
3.200019260169791835e+01 9.000000000000000000e+00 8.000000000000000000e+00
3.300019260169793256e+01 9.000000000000000000e+00 8.000000000000000000e+00
3.400019260169794677e+01 1.000000000000000000e+01 9.000000000000000000e+00
3.500019260169796098e+01 1.200000000000000000e+01 1.100000000000000000e+01
3.600019260169797519e+01 1.300000000000000000e+01 1.300000000000000000e+01
3.700019260169798940e+01 1.300000000000000000e+01 1.300000000000000000e+01
3.800019260169800361e+01 1.300000000000000000e+01 1.100000000000000000e+01
3.900019260169801782e+01 1.200000000000000000e+01 9.000000000000000000e+00
4.000019260169803204e+01 1.000000000000000000e+01 9.000000000000000000e+00
4.100019260169804625e+01 1.000000000000000000e+01 9.000000000000000000e+00
4.200019260169806046e+01 1.000000000000000000e+01 6.000000000000000000e+00
4.300019260169807467e+01 1.100000000000000000e+01 7.000000000000000000e+00
4.400019260169808888e+01 1.100000000000000000e+01 8.000000000000000000e+00
4.500019260169810309e+01 1.200000000000000000e+01 9.000000000000000000e+00
4.600019260169811730e+01 1.100000000000000000e+01 9.000000000000000000e+00
4.700019260169813151e+01 9.000000000000000000e+00 9.000000000000000000e+00
4.800019260169814572e+01 9.000000000000000000e+00 1.000000000000000000e+01
4.900019260169815993e+01 9.000000000000000000e+00 8.000000000000000000e+00
5.000019260169817414e+01 8.000000000000000000e+00 8.000000000000000000e+00
5.100019260169818835e+01 9.000000000000000000e+00 7.000000000000000000e+00
5.200019260169820257e+01 7.000000000000000000e+00 7.000000000000000000e+00
5.300019260169821678e+01 7.000000000000000000e+00 6.000000000000000000e+00
5.400019260169823099e+01 8.000000000000000000e+00 6.000000000000000000e+00
5.500019260169824520e+01 8.000000000000000000e+00 6.000000000000000000e+00
5.600019260169825941e+01 9.000000000000000000e+00 7.000000000000000000e+00
5.700019260169827362e+01 1.000000000000000000e+01 7.000000000000000000e+00
5.800019260169828783e+01 9.000000000000000000e+00 7.000000000000000000e+00
5.900019260169830204e+01 1.100000000000000000e+01 8.000000000000000000e+00
6.000019260169831625e+01 1.200000000000000000e+01 9.000000000000000000e+00
6.100019260169833046e+01 1.200000000000000000e+01 8.000000000000000000e+00
6.200019260169834467e+01 1.200000000000000000e+01 9.000000000000000000e+00
6.300019260169835889e+01 1.200000000000000000e+01 9.000000000000000000e+00
6.400019260169837310e+01 1.300000000000000000e+01 8.000000000000000000e+00
6.500019260169831625e+01 1.400000000000000000e+01 7.000000000000000000e+00
6.600019260169825941e+01 1.600000000000000000e+01 9.000000000000000000e+00
6.700019260169820257e+01 2.000000000000000000e+01 1.300000000000000000e+01
6.800019260169814572e+01 2.000000000000000000e+01 1.300000000000000000e+01
6.900019260169808888e+01 2.000000000000000000e+01 1.300000000000000000e+01
7.000019260169803204e+01 2.100000000000000000e+01 1.400000000000000000e+01
7.100019260169797519e+01 2.100000000000000000e+01 1.400000000000000000e+01
7.200019260169791835e+01 2.200000000000000000e+01 1.500000000000000000e+01
7.300019260169786151e+01 2.200000000000000000e+01 1.500000000000000000e+01
7.400019260169780466e+01 2.300000000000000000e+01 1.400000000000000000e+01
7.500019260169774782e+01 2.500000000000000000e+01 1.500000000000000000e+01
7.600019260169769098e+01 2.500000000000000000e+01 1.100000000000000000e+01
7.700019260169763413e+01 2.500000000000000000e+01 1.000000000000000000e+01
7.800019260169757729e+01 2.500000000000000000e+01 1.000000000000000000e+01
7.900019260169752044e+01 2.600000000000000000e+01 1.100000000000000000e+01
8.000019260169746360e+01 2.500000000000000000e+01 1.100000000000000000e+01
8.100019260169740676e+01 2.500000000000000000e+01 1.200000000000000000e+01
8.200019260169734991e+01 2.600000000000000000e+01 1.300000000000000000e+01
8.300019260169729307e+01 2.400000000000000000e+01 1.300000000000000000e+01
8.400019260169723623e+01 2.300000000000000000e+01 1.400000000000000000e+01
8.500019260169717938e+01 2.100000000000000000e+01 1.400000000000000000e+01
8.600019260169712254e+01 1.900000000000000000e+01 1.400000000000000000e+01
8.700019260169706570e+01 1.800000000000000000e+01 1.500000000000000000e+01
8.800019260169700885e+01 1.800000000000000000e+01 1.400000000000000000e+01
8.900019260169695201e+01 1.800000000000000000e+01 1.400000000000000000e+01
9.000019260169689517e+01 1.900000000000000000e+01 1.500000000000000000e+01
9.100019260169683832e+01 1.900000000000000000e+01 1.400000000000000000e+01
9.200019260169678148e+01 2.000000000000000000e+01 1.300000000000000000e+01
9.300019260169672464e+01 2.000000000000000000e+01 1.000000000000000000e+01
9.400019260169666779e+01 2.200000000000000000e+01 8.000000000000000000e+00
9.500019260169661095e+01 2.200000000000000000e+01 8.000000000000000000e+00
9.600019260169655411e+01 2.300000000000000000e+01 9.000000000000000000e+00
9.700019260169649726e+01 2.300000000000000000e+01 6.000000000000000000e+00
9.800019260169644042e+01 2.400000000000000000e+01 5.000000000000000000e+00
9.900019260169638358e+01 2.400000000000000000e+01 4.000000000000000000e+00
1.000001926016963267e+02 2.600000000000000000e+01 6.000000000000000000e+00
1.010001926016962699e+02 2.500000000000000000e+01 6.000000000000000000e+00
1.020001926016962130e+02 2.500000000000000000e+01 5.000000000000000000e+00
1.030001926016961562e+02 2.500000000000000000e+01 5.000000000000000000e+00
1.040001926016960994e+02 2.500000000000000000e+01 7.000000000000000000e+00
1.050001926016960425e+02 2.600000000000000000e+01 8.000000000000000000e+00
1.060001926016959857e+02 2.500000000000000000e+01 9.000000000000000000e+00
1.070001926016959288e+02 2.300000000000000000e+01 8.000000000000000000e+00
1.080001280384629467e+02 2.000000000000000000e+01 6.000000000000000000e+00
1.090001926016958151e+02 1.900000000000000000e+01 4.000000000000000000e+00
1.100001926016957583e+02 1.400000000000000000e+01 3.000000000000000000e+00
1.110001926016957015e+02 1.500000000000000000e+01 2.000000000000000000e+00
1.120001926016956446e+02 1.400000000000000000e+01 1.000000000000000000e+00
1.130000938957220455e+02 1.500000000000000000e+01 2.000000000000000000e+00
1.140001926016955309e+02 1.500000000000000000e+01 1.000000000000000000e+00
1.150001926016954741e+02 1.400000000000000000e+01 1.000000000000000000e+00
1.160001926016954172e+02 1.400000000000000000e+01 1.000000000000000000e+00
1.170001926016953604e+02 1.400000000000000000e+01 1.000000000000000000e+00
1.180001926016953036e+02 1.500000000000000000e+01 3.000000000000000000e+00
1.190001926016952467e+02 1.500000000000000000e+01 0.000000000000000000e+00
1.200001926016951899e+02 1.500000000000000000e+01 0.000000000000000000e+00
1.210001926016951330e+02 1.500000000000000000e+01 0.000000000000000000e+00
1.220001926016950762e+02 1.500000000000000000e+01 0.000000000000000000e+00
1.230001926016950193e+02 1.600000000000000000e+01 2.000000000000000000e+00
1.240001926016949625e+02 1.600000000000000000e+01 1.000000000000000000e+00
1.250001926016949056e+02 1.700000000000000000e+01 1.000000000000000000e+00
1.260001926016948488e+02 1.800000000000000000e+01 1.000000000000000000e+00
1.270001926016947920e+02 1.800000000000000000e+01 3.000000000000000000e+00
1.280001926016947493e+02 1.800000000000000000e+01 3.000000000000000000e+00
1.290001926016946925e+02 1.900000000000000000e+01 1.000000000000000000e+00
1.300001926016946356e+02 2.000000000000000000e+01 1.000000000000000000e+00
1.310001926016945788e+02 2.000000000000000000e+01 2.000000000000000000e+00
1.320001926016945220e+02 2.000000000000000000e+01 3.000000000000000000e+00
1.330001926016944651e+02 2.200000000000000000e+01 3.000000000000000000e+00
1.340000499068585782e+02 2.300000000000000000e+01 3.000000000000000000e+00
1.350001926016943514e+02 2.400000000000000000e+01 3.000000000000000000e+00
1.360001926016942946e+02 2.400000000000000000e+01 3.000000000000000000e+00
1.370001031391641106e+02 2.400000000000000000e+01 4.000000000000000000e+00
1.380001926016941809e+02 2.200000000000000000e+01 4.000000000000000000e+00
1.390001926016941241e+02 2.200000000000000000e+01 6.000000000000000000e+00
1.400001926016940672e+02 2.300000000000000000e+01 6.000000000000000000e+00
1.410001926016940104e+02 2.200000000000000000e+01 8.000000000000000000e+00
1.420001926016939535e+02 2.400000000000000000e+01 7.000000000000000000e+00
1.430001926016938967e+02 2.400000000000000000e+01 7.000000000000000000e+00
1.440001926016938398e+02 2.500000000000000000e+01 1.000000000000000000e+01
1.450001926016937830e+02 2.300000000000000000e+01 1.000000000000000000e+01
1.460001926016937261e+02 2.400000000000000000e+01 1.100000000000000000e+01
1.470001926016936693e+02 2.400000000000000000e+01 1.100000000000000000e+01
1.480001926016936125e+02 2.600000000000000000e+01 1.100000000000000000e+01
1.490001926016935556e+02 2.600000000000000000e+01 8.000000000000000000e+00
1.500001926016934988e+02 2.700000000000000000e+01 8.000000000000000000e+00
1.510001926016934419e+02 2.700000000000000000e+01 8.000000000000000000e+00
1.520001926016933851e+02 2.700000000000000000e+01 9.000000000000000000e+00
1.530001926016933282e+02 2.400000000000000000e+01 1.100000000000000000e+01
1.540001926016932714e+02 2.300000000000000000e+01 1.200000000000000000e+01
1.550001926016932146e+02 2.200000000000000000e+01 1.200000000000000000e+01
1.560001926016931577e+02 2.200000000000000000e+01 1.300000000000000000e+01
1.570001926016931009e+02 2.200000000000000000e+01 1.300000000000000000e+01
1.580001926016930440e+02 2.200000000000000000e+01 1.100000000000000000e+01
1.590001926016929872e+02 2.300000000000000000e+01 1.200000000000000000e+01
1.600001926016929303e+02 2.300000000000000000e+01 1.300000000000000000e+01
1.610001926016928735e+02 2.300000000000000000e+01 1.300000000000000000e+01
1.620001916543378968e+02 2.100000000000000000e+01 1.400000000000000000e+01
1.630001926016927598e+02 2.100000000000000000e+01 1.600000000000000000e+01
1.640001926016927030e+02 2.000000000000000000e+01 1.500000000000000000e+01
1.650001809105851294e+02 2.100000000000000000e+01 1.600000000000000000e+01
1.660001926016925893e+02 2.000000000000000000e+01 1.700000000000000000e+01
1.670001926016925324e+02 2.200000000000000000e+01 1.700000000000000000e+01
1.680001926016924756e+02 2.300000000000000000e+01 1.800000000000000000e+01
1.690000483292103866e+02 2.400000000000000000e+01 1.900000000000000000e+01
1.700001926016923619e+02 2.400000000000000000e+01 1.800000000000000000e+01
1.710001926016923051e+02 2.400000000000000000e+01 1.700000000000000000e+01
1.720001926016922482e+02 2.400000000000000000e+01 1.700000000000000000e+01
1.730001926016921914e+02 2.400000000000000000e+01 1.600000000000000000e+01
1.740001926016921345e+02 2.200000000000000000e+01 1.600000000000000000e+01
1.750001926016920777e+02 2.300000000000000000e+01 1.700000000000000000e+01
1.760001926016920208e+02 2.100000000000000000e+01 1.700000000000000000e+01
1.770001926016919640e+02 2.100000000000000000e+01 1.700000000000000000e+01
1.780001773340151487e+02 2.100000000000000000e+01 1.600000000000000000e+01
1.790001926016918503e+02 2.100000000000000000e+01 1.700000000000000000e+01
1.800001926016917935e+02 2.200000000000000000e+01 1.700000000000000000e+01
1.810001926016917366e+02 2.000000000000000000e+01 1.000000000000000000e+01
1.820001926016916798e+02 2.000000000000000000e+01 1.000000000000000000e+01
1.830001926016916229e+02 2.100000000000000000e+01 8.000000000000000000e+00
1.840001926016915661e+02 2.000000000000000000e+01 6.000000000000000000e+00
1.850001926016915093e+02 2.000000000000000000e+01 6.000000000000000000e+00
1.860001926016914524e+02 1.900000000000000000e+01 7.000000000000000000e+00
1.870001926016913956e+02 1.900000000000000000e+01 7.000000000000000000e+00
1.880001926016913387e+02 2.000000000000000000e+01 8.000000000000000000e+00
1.890001926016912819e+02 1.800000000000000000e+01 8.000000000000000000e+00
1.900001926016912250e+02 1.900000000000000000e+01 8.000000000000000000e+00
1.910001926016911682e+02 2.000000000000000000e+01 7.000000000000000000e+00
1.920001926016911113e+02 2.000000000000000000e+01 7.000000000000000000e+00
1.930001926016910545e+02 1.900000000000000000e+01 8.000000000000000000e+00
1.940001926016909977e+02 1.900000000000000000e+01 7.000000000000000000e+00
1.950001926016909408e+02 2.000000000000000000e+01 8.000000000000000000e+00
1.960001926016908840e+02 1.900000000000000000e+01 9.000000000000000000e+00
1.970001926016908271e+02 1.800000000000000000e+01 9.000000000000000000e+00
1.980001926016907703e+02 2.100000000000000000e+01 1.100000000000000000e+01
1.990001394440420484e+02 1.700000000000000000e+01 1.100000000000000000e+01
2.000001926016906566e+02 1.500000000000000000e+01 1.100000000000000000e+01
2.010001926016905998e+02 1.000000000000000000e+01 1.300000000000000000e+01
2.020001926016905429e+02 9.000000000000000000e+00 1.300000000000000000e+01
2.030001926016904861e+02 8.000000000000000000e+00 1.100000000000000000e+01
2.040001926016904292e+02 8.000000000000000000e+00 1.300000000000000000e+01
2.050001537110150878e+02 8.000000000000000000e+00 1.200000000000000000e+01
2.060001926016903155e+02 7.000000000000000000e+00 1.100000000000000000e+01
2.070001926016902587e+02 8.000000000000000000e+00 9.000000000000000000e+00
2.080001926016902019e+02 8.000000000000000000e+00 7.000000000000000000e+00
2.090001926016901450e+02 1.000000000000000000e+01 5.000000000000000000e+00
2.100001926016900882e+02 1.200000000000000000e+01 5.000000000000000000e+00
2.110001550553351990e+02 1.200000000000000000e+01 6.000000000000000000e+00
2.120001926016899745e+02 1.300000000000000000e+01 5.000000000000000000e+00
2.130001926016899176e+02 1.300000000000000000e+01 4.000000000000000000e+00
2.140001926016898608e+02 1.400000000000000000e+01 3.000000000000000000e+00
2.150001926016898040e+02 1.400000000000000000e+01 3.000000000000000000e+00
2.160001926016897471e+02 1.300000000000000000e+01 4.000000000000000000e+00
2.170001926016896903e+02 1.300000000000000000e+01 4.000000000000000000e+00
2.180001926016896334e+02 1.400000000000000000e+01 5.000000000000000000e+00
2.190001926016895766e+02 1.200000000000000000e+01 4.000000000000000000e+00
2.200001926016895197e+02 1.000000000000000000e+01 3.000000000000000000e+00
2.210001926016894629e+02 1.000000000000000000e+01 2.000000000000000000e+00
2.220001926016894060e+02 1.000000000000000000e+01 2.000000000000000000e+00
2.230001926016893492e+02 1.100000000000000000e+01 3.000000000000000000e+00
2.240001926016892924e+02 1.100000000000000000e+01 3.000000000000000000e+00
2.250001926016892355e+02 1.000000000000000000e+01 3.000000000000000000e+00
2.260001926016891787e+02 1.000000000000000000e+01 3.000000000000000000e+00
2.270001926016891218e+02 1.400000000000000000e+01 3.000000000000000000e+00
2.280001926016890650e+02 1.300000000000000000e+01 4.000000000000000000e+00
2.290001926016890081e+02 1.500000000000000000e+01 6.000000000000000000e+00
2.300001926016889513e+02 1.700000000000000000e+01 9.000000000000000000e+00
2.310001926016888945e+02 1.600000000000000000e+01 8.000000000000000000e+00
2.320001926016888376e+02 1.500000000000000000e+01 9.000000000000000000e+00
2.330001926016887808e+02 1.600000000000000000e+01 7.000000000000000000e+00
2.340001926016887239e+02 1.600000000000000000e+01 5.000000000000000000e+00
2.350001926016886671e+02 1.500000000000000000e+01 3.000000000000000000e+00
2.360001926016886102e+02 1.400000000000000000e+01 2.000000000000000000e+00
2.370001120765991516e+02 1.500000000000000000e+01 2.000000000000000000e+00
2.380001926016884966e+02 1.500000000000000000e+01 3.000000000000000000e+00
2.390001926016884397e+02 1.600000000000000000e+01 2.000000000000000000e+00
2.400001926016883829e+02 1.700000000000000000e+01 2.000000000000000000e+00
2.410001926016883260e+02 1.400000000000000000e+01 2.000000000000000000e+00
2.420001926016882692e+02 1.200000000000000000e+01 2.000000000000000000e+00
2.430001926016882123e+02 1.000000000000000000e+01 3.000000000000000000e+00
2.440001926016881555e+02 7.000000000000000000e+00 2.000000000000000000e+00
2.450001926016880986e+02 6.000000000000000000e+00 3.000000000000000000e+00
2.460001926016880418e+02 6.000000000000000000e+00 3.000000000000000000e+00
2.470001926016879850e+02 7.000000000000000000e+00 5.000000000000000000e+00
2.480001926016879281e+02 1.000000000000000000e+01 3.000000000000000000e+00
2.490001926016878713e+02 1.100000000000000000e+01 1.000000000000000000e+00
2.500001926016878144e+02 1.200000000000000000e+01 2.000000000000000000e+00
2.510001926016877576e+02 1.100000000000000000e+01 2.000000000000000000e+00
2.520000696709019508e+02 1.300000000000000000e+01 4.000000000000000000e+00
2.530001926016876439e+02 1.300000000000000000e+01 3.000000000000000000e+00
2.540001926016875871e+02 1.400000000000000000e+01 5.000000000000000000e+00
2.550001926016875302e+02 1.500000000000000000e+01 8.000000000000000000e+00
2.560001926016875018e+02 1.600000000000000000e+01 9.000000000000000000e+00
2.570001926016877292e+02 1.800000000000000000e+01 1.000000000000000000e+01
2.580001926016879565e+02 1.800000000000000000e+01 1.000000000000000000e+01
2.590001926016881839e+02 2.200000000000000000e+01 8.000000000000000000e+00
2.600001926016884113e+02 2.100000000000000000e+01 1.000000000000000000e+01
2.610001926016886387e+02 2.300000000000000000e+01 1.100000000000000000e+01
2.620001926016888660e+02 2.500000000000000000e+01 9.000000000000000000e+00
2.630001926016890934e+02 2.600000000000000000e+01 8.000000000000000000e+00
2.640001926016893208e+02 2.200000000000000000e+01 9.000000000000000000e+00
2.650001926016895482e+02 2.000000000000000000e+01 8.000000000000000000e+00
2.660001926016897755e+02 1.900000000000000000e+01 9.000000000000000000e+00
2.670001926016900029e+02 2.100000000000000000e+01 9.000000000000000000e+00
2.680001926016902303e+02 2.000000000000000000e+01 9.000000000000000000e+00
2.690001926016904576e+02 2.000000000000000000e+01 1.400000000000000000e+01
2.700001926016906850e+02 2.000000000000000000e+01 1.000000000000000000e+01
2.710001926016909124e+02 2.000000000000000000e+01 8.000000000000000000e+00
2.720001926016911398e+02 2.100000000000000000e+01 8.000000000000000000e+00
2.730001926016913671e+02 2.300000000000000000e+01 7.000000000000000000e+00
2.740001374062725290e+02 2.300000000000000000e+01 6.000000000000000000e+00
2.750001926016918219e+02 2.400000000000000000e+01 5.000000000000000000e+00
2.760001926016920493e+02 2.400000000000000000e+01 3.000000000000000000e+00
2.770001926016922766e+02 2.400000000000000000e+01 0.000000000000000000e+00
2.780001926016925040e+02 2.500000000000000000e+01 2.000000000000000000e+00
2.790001926016927314e+02 2.400000000000000000e+01 2.000000000000000000e+00
2.800001926016929588e+02 2.400000000000000000e+01 3.000000000000000000e+00
2.810001926016931861e+02 2.400000000000000000e+01 3.000000000000000000e+00
2.820001926016934135e+02 2.400000000000000000e+01 3.000000000000000000e+00
2.830001926016936409e+02 2.600000000000000000e+01 4.000000000000000000e+00
2.840001926016938683e+02 2.700000000000000000e+01 2.000000000000000000e+00
2.850001926016940956e+02 2.700000000000000000e+01 3.000000000000000000e+00
2.860001926016943230e+02 2.600000000000000000e+01 3.000000000000000000e+00
2.870001926016945504e+02 2.600000000000000000e+01 2.000000000000000000e+00
2.880001926016947777e+02 2.500000000000000000e+01 2.000000000000000000e+00
2.890001926016950051e+02 2.200000000000000000e+01 3.000000000000000000e+00
2.900001926016952325e+02 2.000000000000000000e+01 5.000000000000000000e+00
2.910001926016954599e+02 2.100000000000000000e+01 7.000000000000000000e+00
2.920001926016956872e+02 1.900000000000000000e+01 7.000000000000000000e+00
2.930001926016959146e+02 1.800000000000000000e+01 6.000000000000000000e+00
2.940001926016961420e+02 1.800000000000000000e+01 7.000000000000000000e+00
2.950001926016963694e+02 1.800000000000000000e+01 9.000000000000000000e+00
2.960001926016965967e+02 1.800000000000000000e+01 1.000000000000000000e+01
2.970001926016968241e+02 1.200000000000000000e+01 1.000000000000000000e+01
2.980001863007622092e+02 1.200000000000000000e+01 9.000000000000000000e+00
2.990001926016972789e+02 1.300000000000000000e+01 9.000000000000000000e+00
3.000001926016975062e+02 1.200000000000000000e+01 9.000000000000000000e+00
