0.000000000000000000e+00 0.000000000000000000e+00 0.000000000000000000e+00
1.000100382724542714e+00 0.000000000000000000e+00 0.000000000000000000e+00
2.000471950913391250e+00 0.000000000000000000e+00 0.000000000000000000e+00
3.000471950913392138e+00 2.000000000000000000e+00 2.000000000000000000e+00
4.000471950913392583e+00 2.000000000000000000e+00 2.000000000000000000e+00
5.000471950913389030e+00 2.000000000000000000e+00 2.000000000000000000e+00
6.000471950913385477e+00 3.000000000000000000e+00 3.000000000000000000e+00
7.000471950913381924e+00 3.000000000000000000e+00 3.000000000000000000e+00
8.000471950913379260e+00 2.000000000000000000e+00 2.000000000000000000e+00
9.000471950913375707e+00 3.000000000000000000e+00 3.000000000000000000e+00
1.000047195091337215e+01 5.000000000000000000e+00 5.000000000000000000e+00
1.100047195091336860e+01 5.000000000000000000e+00 5.000000000000000000e+00
1.200047195091336505e+01 5.000000000000000000e+00 5.000000000000000000e+00
1.300047195091336150e+01 7.000000000000000000e+00 7.000000000000000000e+00
1.400047195091335794e+01 8.000000000000000000e+00 8.000000000000000000e+00
1.500047195091335439e+01 9.000000000000000000e+00 9.000000000000000000e+00
1.600047195091335084e+01 9.000000000000000000e+00 9.000000000000000000e+00
1.700047195091336505e+01 9.000000000000000000e+00 9.000000000000000000e+00
1.800047195091337926e+01 8.000000000000000000e+00 9.000000000000000000e+00
1.900047195091339347e+01 7.000000000000000000e+00 7.000000000000000000e+00
2.000047195091340768e+01 8.000000000000000000e+00 9.000000000000000000e+00
2.100047195091342189e+01 1.000000000000000000e+01 9.000000000000000000e+00
2.200047195091343610e+01 1.000000000000000000e+01 9.000000000000000000e+00
2.300047195091345031e+01 8.000000000000000000e+00 9.000000000000000000e+00
2.400047195091346453e+01 8.000000000000000000e+00 9.000000000000000000e+00
2.500017667820328171e+01 8.000000000000000000e+00 9.000000000000000000e+00
2.600047195091349295e+01 8.000000000000000000e+00 8.000000000000000000e+00
2.700047195091350716e+01 8.000000000000000000e+00 8.000000000000000000e+00
2.800047195091352137e+01 8.000000000000000000e+00 8.000000000000000000e+00
2.900047195091353558e+01 1.000000000000000000e+01 1.000000000000000000e+01
3.000047195091354979e+01 1.000000000000000000e+01 1.000000000000000000e+01
3.100047195091356400e+01 1.000000000000000000e+01 1.000000000000000000e+01
3.200047195091357821e+01 1.000000000000000000e+01 1.000000000000000000e+01
3.300047195091359242e+01 1.200000000000000000e+01 1.200000000000000000e+01
3.400047195091360663e+01 1.400000000000000000e+01 1.300000000000000000e+01
3.500047195091362084e+01 1.400000000000000000e+01 1.200000000000000000e+01
3.600047195091363506e+01 1.300000000000000000e+01 1.100000000000000000e+01
3.700047195091364927e+01 1.200000000000000000e+01 1.100000000000000000e+01
3.800047195091366348e+01 1.000000000000000000e+01 8.000000000000000000e+00
3.900047195091367769e+01 9.000000000000000000e+00 8.000000000000000000e+00
4.000047195091369190e+01 1.100000000000000000e+01 1.000000000000000000e+01
4.100047195091370611e+01 1.100000000000000000e+01 1.000000000000000000e+01
4.200047195091372032e+01 1.100000000000000000e+01 8.000000000000000000e+00
4.300047195091373453e+01 1.300000000000000000e+01 7.000000000000000000e+00
4.400047195091374874e+01 1.200000000000000000e+01 5.000000000000000000e+00
4.500047195091376295e+01 1.300000000000000000e+01 6.000000000000000000e+00
4.600047195091377716e+01 1.300000000000000000e+01 6.000000000000000000e+00
4.700047195091379137e+01 1.300000000000000000e+01 3.000000000000000000e+00
4.800047195091380559e+01 1.300000000000000000e+01 1.000000000000000000e+00
4.900047195091381980e+01 1.300000000000000000e+01 2.000000000000000000e+00
5.000026175014241403e+01 1.400000000000000000e+01 1.000000000000000000e+00
5.100047195091384822e+01 1.700000000000000000e+01 2.000000000000000000e+00
5.200047195091386243e+01 1.700000000000000000e+01 1.000000000000000000e+00
5.300047195091387664e+01 1.700000000000000000e+01 1.000000000000000000e+00
5.400047195091389085e+01 1.700000000000000000e+01 1.000000000000000000e+00
5.500047195091390506e+01 1.700000000000000000e+01 1.000000000000000000e+00
5.600047195091391927e+01 1.600000000000000000e+01 2.000000000000000000e+00
5.700047195091393348e+01 1.500000000000000000e+01 3.000000000000000000e+00
5.800047195091394769e+01 1.600000000000000000e+01 4.000000000000000000e+00
5.900047195091396190e+01 1.600000000000000000e+01 3.000000000000000000e+00
6.000047195091397612e+01 1.600000000000000000e+01 4.000000000000000000e+00
6.100047195091399033e+01 1.400000000000000000e+01 4.000000000000000000e+00
6.200019570564239757e+01 1.400000000000000000e+01 6.000000000000000000e+00
6.300047195091401875e+01 1.400000000000000000e+01 6.000000000000000000e+00
6.400047195091403296e+01 1.400000000000000000e+01 8.000000000000000000e+00
6.500047195091397612e+01 1.200000000000000000e+01 8.000000000000000000e+00
6.600047195091391927e+01 1.400000000000000000e+01 1.000000000000000000e+01
6.700047195091386243e+01 1.500000000000000000e+01 1.100000000000000000e+01
6.800047195091380559e+01 1.500000000000000000e+01 1.000000000000000000e+01
6.900047195091374874e+01 1.500000000000000000e+01 9.000000000000000000e+00
7.000047195091369190e+01 1.700000000000000000e+01 9.000000000000000000e+00
7.100024723850290798e+01 1.800000000000000000e+01 8.000000000000000000e+00
7.200047195091357821e+01 1.900000000000000000e+01 1.000000000000000000e+01
7.300000184675522519e+01 1.900000000000000000e+01 1.000000000000000000e+01
7.400047195091346453e+01 1.900000000000000000e+01 1.100000000000000000e+01
7.500047195091340768e+01 2.000000000000000000e+01 1.200000000000000000e+01
7.600047195091335084e+01 2.000000000000000000e+01 1.200000000000000000e+01
7.700010809633430142e+01 2.100000000000000000e+01 1.300000000000000000e+01
7.800047195091323715e+01 2.000000000000000000e+01 1.300000000000000000e+01
7.900047195091318031e+01 2.100000000000000000e+01 1.400000000000000000e+01
8.000047195091312346e+01 2.100000000000000000e+01 1.400000000000000000e+01
8.100047195091306662e+01 1.900000000000000000e+01 1.400000000000000000e+01
8.200047195091300978e+01 1.800000000000000000e+01 1.400000000000000000e+01
8.300047195091295293e+01 1.800000000000000000e+01 1.400000000000000000e+01
8.400047195091289609e+01 1.800000000000000000e+01 1.400000000000000000e+01
8.500047195091283925e+01 2.000000000000000000e+01 1.400000000000000000e+01
8.600047195091278240e+01 2.100000000000000000e+01 1.500000000000000000e+01
8.700047195091272556e+01 2.100000000000000000e+01 1.300000000000000000e+01
8.800047195091266872e+01 2.000000000000000000e+01 9.000000000000000000e+00
8.900047195091261187e+01 2.000000000000000000e+01 1.000000000000000000e+01
9.000047195091255503e+01 2.100000000000000000e+01 1.000000000000000000e+01
9.100047195091249819e+01 1.700000000000000000e+01 8.000000000000000000e+00
9.200047195091244134e+01 1.700000000000000000e+01 7.000000000000000000e+00
9.300047195091238450e+01 1.600000000000000000e+01 9.000000000000000000e+00
9.400047195091232766e+01 1.300000000000000000e+01 7.000000000000000000e+00
9.500047195091227081e+01 1.300000000000000000e+01 6.000000000000000000e+00
9.600047195091221397e+01 1.300000000000000000e+01 7.000000000000000000e+00
9.700047195091215713e+01 1.200000000000000000e+01 7.000000000000000000e+00
9.800047195091210028e+01 1.300000000000000000e+01 7.000000000000000000e+00
9.900047195091204344e+01 1.500000000000000000e+01 9.000000000000000000e+00
1.000004719509119866e+02 1.500000000000000000e+01 8.000000000000000000e+00
1.010004719509119298e+02 1.500000000000000000e+01 4.000000000000000000e+00
1.020004719509118729e+02 1.300000000000000000e+01 3.000000000000000000e+00
1.030004719509118161e+02 1.300000000000000000e+01 4.000000000000000000e+00
1.040004719509117592e+02 8.000000000000000000e+00 4.000000000000000000e+00
1.050004719509117024e+02 9.000000000000000000e+00 5.000000000000000000e+00
1.060004719509116455e+02 8.000000000000000000e+00 6.000000000000000000e+00
1.070004719509115887e+02 9.000000000000000000e+00 6.000000000000000000e+00
1.080004719509115318e+02 8.000000000000000000e+00 6.000000000000000000e+00
1.090004719509114750e+02 7.000000000000000000e+00 5.000000000000000000e+00
1.100002663566382779e+02 8.000000000000000000e+00 6.000000000000000000e+00
1.110003163357772138e+02 4.000000000000000000e+00 6.000000000000000000e+00
1.120004719509113045e+02 1.000000000000000000e+00 4.000000000000000000e+00
1.130004719509112476e+02 0.000000000000000000e+00 6.000000000000000000e+00
1.140004719509111908e+02 0.000000000000000000e+00 4.000000000000000000e+00
1.150004719509111339e+02 0.000000000000000000e+00 4.000000000000000000e+00
1.160004719509110771e+02 0.000000000000000000e+00 5.000000000000000000e+00
1.170004719509110203e+02 0.000000000000000000e+00 5.000000000000000000e+00
1.180004719509109634e+02 1.000000000000000000e+00 7.000000000000000000e+00
1.190004719509109066e+02 1.000000000000000000e+00 7.000000000000000000e+00
1.200004719509108497e+02 1.000000000000000000e+00 7.000000000000000000e+00
1.210004719509107929e+02 2.000000000000000000e+00 7.000000000000000000e+00
1.220004719509107360e+02 2.000000000000000000e+00 7.000000000000000000e+00
1.230004719509106792e+02 2.000000000000000000e+00 8.000000000000000000e+00
1.240004719509106224e+02 1.000000000000000000e+00 9.000000000000000000e+00
1.250003784260794930e+02 2.000000000000000000e+00 1.000000000000000000e+01
1.260004719509105087e+02 3.000000000000000000e+00 1.000000000000000000e+01
1.270004719509104518e+02 4.000000000000000000e+00 9.000000000000000000e+00
1.280004719509103950e+02 4.000000000000000000e+00 8.000000000000000000e+00
1.290001017837176960e+02 5.000000000000000000e+00 9.000000000000000000e+00
1.300004719509102813e+02 7.000000000000000000e+00 1.100000000000000000e+01
1.310002213629221330e+02 7.000000000000000000e+00 1.100000000000000000e+01
1.320004719509101676e+02 8.000000000000000000e+00 1.000000000000000000e+01
1.330004719509101108e+02 8.000000000000000000e+00 1.000000000000000000e+01
1.340004719509100539e+02 8.000000000000000000e+00 9.000000000000000000e+00
1.350004719509099971e+02 8.000000000000000000e+00 8.000000000000000000e+00
1.360004719509099402e+02 8.000000000000000000e+00 7.000000000000000000e+00
1.370004719509098834e+02 1.000000000000000000e+01 7.000000000000000000e+00
1.380004719509098265e+02 1.000000000000000000e+01 9.000000000000000000e+00
1.390004719509097697e+02 1.000000000000000000e+01 9.000000000000000000e+00
1.400004719509097129e+02 1.000000000000000000e+01 8.000000000000000000e+00
1.410004719509096560e+02 1.200000000000000000e+01 8.000000000000000000e+00
1.420004719509095992e+02 1.300000000000000000e+01 8.000000000000000000e+00
1.430004719509095423e+02 1.200000000000000000e+01 9.000000000000000000e+00
1.440004719509094855e+02 1.200000000000000000e+01 9.000000000000000000e+00
1.450004719509094286e+02 1.100000000000000000e+01 1.000000000000000000e+01
1.460004719509093718e+02 1.100000000000000000e+01 1.100000000000000000e+01
1.470004719509093150e+02 1.100000000000000000e+01 1.200000000000000000e+01
1.480002554566206641e+02 1.300000000000000000e+01 1.300000000000000000e+01
1.490004719509092013e+02 1.300000000000000000e+01 1.300000000000000000e+01
1.500004719509091444e+02 1.200000000000000000e+01 1.300000000000000000e+01
1.510004719509090876e+02 1.200000000000000000e+01 1.400000000000000000e+01
1.520004719509090307e+02 1.300000000000000000e+01 1.400000000000000000e+01
1.530004719509089739e+02 1.200000000000000000e+01 1.500000000000000000e+01
1.540004719509089171e+02 1.200000000000000000e+01 1.500000000000000000e+01
1.550004719509088602e+02 1.200000000000000000e+01 1.500000000000000000e+01
1.560004719509088034e+02 1.400000000000000000e+01 1.400000000000000000e+01
1.570004719509087465e+02 1.400000000000000000e+01 1.500000000000000000e+01
1.580002832895488325e+02 1.700000000000000000e+01 1.400000000000000000e+01
1.590004719509086328e+02 1.700000000000000000e+01 1.200000000000000000e+01
1.600004687599368935e+02 1.800000000000000000e+01 1.200000000000000000e+01
1.610004719509085191e+02 1.800000000000000000e+01 1.200000000000000000e+01
1.620004719509084623e+02 1.900000000000000000e+01 1.500000000000000000e+01
1.630004719509084055e+02 2.000000000000000000e+01 1.500000000000000000e+01
1.640004719509083486e+02 2.100000000000000000e+01 1.500000000000000000e+01
1.650004719509082918e+02 2.100000000000000000e+01 1.500000000000000000e+01
1.660004719509082349e+02 2.300000000000000000e+01 1.500000000000000000e+01
1.670004719509081781e+02 2.300000000000000000e+01 1.500000000000000000e+01
1.680004719509081212e+02 1.900000000000000000e+01 1.500000000000000000e+01
1.690004719509080644e+02 2.000000000000000000e+01 1.500000000000000000e+01
1.700004719509080076e+02 1.900000000000000000e+01 1.400000000000000000e+01
1.710002059510189270e+02 1.800000000000000000e+01 1.400000000000000000e+01
1.720004719509078939e+02 1.900000000000000000e+01 1.500000000000000000e+01
1.730004719509078370e+02 1.800000000000000000e+01 1.500000000000000000e+01
1.740004719509077802e+02 1.700000000000000000e+01 1.600000000000000000e+01
1.750004719509077233e+02 1.800000000000000000e+01 1.700000000000000000e+01
1.760004719509076665e+02 1.500000000000000000e+01 1.600000000000000000e+01
1.770004719509076097e+02 1.400000000000000000e+01 1.600000000000000000e+01
1.780004719509075528e+02 1.500000000000000000e+01 1.900000000000000000e+01
1.790004719509074960e+02 1.400000000000000000e+01 2.100000000000000000e+01
1.800004719509074391e+02 1.400000000000000000e+01 2.000000000000000000e+01
1.810004719509073823e+02 1.400000000000000000e+01 2.100000000000000000e+01
1.820004719509073254e+02 1.600000000000000000e+01 2.200000000000000000e+01
1.830004719509072686e+02 1.500000000000000000e+01 2.300000000000000000e+01
1.840004719509072117e+02 1.400000000000000000e+01 2.600000000000000000e+01
1.850004719509071549e+02 1.400000000000000000e+01 2.600000000000000000e+01
1.860004719509070981e+02 1.400000000000000000e+01 2.600000000000000000e+01
1.870004719509070412e+02 1.400000000000000000e+01 2.800000000000000000e+01
1.880004719509069844e+02 1.600000000000000000e+01 2.600000000000000000e+01
1.890004719509069275e+02 1.500000000000000000e+01 2.500000000000000000e+01
1.900004719509068707e+02 1.700000000000000000e+01 2.400000000000000000e+01
1.910004719509068138e+02 1.800000000000000000e+01 2.500000000000000000e+01
1.920004719509067570e+02 1.700000000000000000e+01 2.500000000000000000e+01
1.930004719509067002e+02 1.900000000000000000e+01 2.500000000000000000e+01
1.940004719509066433e+02 2.000000000000000000e+01 2.500000000000000000e+01
1.950004719509065865e+02 2.100000000000000000e+01 2.600000000000000000e+01
1.960004719509065296e+02 2.100000000000000000e+01 2.700000000000000000e+01
1.970004719509064728e+02 2.100000000000000000e+01 2.800000000000000000e+01
1.980004328633833381e+02 2.300000000000000000e+01 2.900000000000000000e+01
1.990004719509063591e+02 2.400000000000000000e+01 3.000000000000000000e+01
2.000004719509063023e+02 2.400000000000000000e+01 3.100000000000000000e+01
2.010004719509062454e+02 2.300000000000000000e+01 3.200000000000000000e+01
2.020004719509061886e+02 2.000000000000000000e+01 2.900000000000000000e+01
2.030004719509061317e+02 1.800000000000000000e+01 2.600000000000000000e+01
2.040004719509060749e+02 1.700000000000000000e+01 2.700000000000000000e+01
2.050004719509060180e+02 1.700000000000000000e+01 2.700000000000000000e+01
2.060004719509059612e+02 1.600000000000000000e+01 2.700000000000000000e+01
2.070004719509059044e+02 1.300000000000000000e+01 2.700000000000000000e+01
2.080004719509058475e+02 1.200000000000000000e+01 2.700000000000000000e+01
2.090004719509057907e+02 1.100000000000000000e+01 2.800000000000000000e+01
2.100004719509057338e+02 1.100000000000000000e+01 2.700000000000000000e+01
2.110004719509056770e+02 1.100000000000000000e+01 2.700000000000000000e+01
2.120004719509056201e+02 1.100000000000000000e+01 2.800000000000000000e+01
2.130004719509055633e+02 1.100000000000000000e+01 2.800000000000000000e+01
2.140004719509055064e+02 1.300000000000000000e+01 2.800000000000000000e+01
2.150004719509054496e+02 1.300000000000000000e+01 3.000000000000000000e+01
2.160004719509053928e+02 1.300000000000000000e+01 2.900000000000000000e+01
2.170004719509053359e+02 1.400000000000000000e+01 2.900000000000000000e+01
2.180004719509052791e+02 1.400000000000000000e+01 3.200000000000000000e+01
2.190004719509052222e+02 1.000000000000000000e+01 3.300000000000000000e+01
2.200004719509051654e+02 6.000000000000000000e+00 3.400000000000000000e+01
2.210004719509051085e+02 4.000000000000000000e+00 3.500000000000000000e+01
2.220004719509050517e+02 5.000000000000000000e+00 3.600000000000000000e+01
2.230004719509049949e+02 6.000000000000000000e+00 3.800000000000000000e+01
2.240004719509049380e+02 7.000000000000000000e+00 3.800000000000000000e+01
2.250004719509048812e+02 6.000000000000000000e+00 3.800000000000000000e+01
2.260001947703821941e+02 6.000000000000000000e+00 3.800000000000000000e+01
2.270004719509047675e+02 3.000000000000000000e+00 4.000000000000000000e+01
2.280004719509047106e+02 1.000000000000000000e+00 4.000000000000000000e+01
2.290004719509046538e+02 3.000000000000000000e+00 4.100000000000000000e+01
2.300004719509045970e+02 7.000000000000000000e+00 4.300000000000000000e+01
2.310003833792025034e+02 6.000000000000000000e+00 4.400000000000000000e+01
2.320004719509044833e+02 5.000000000000000000e+00 4.300000000000000000e+01
2.330004719509044264e+02 6.000000000000000000e+00 4.100000000000000000e+01
2.340004719509043696e+02 8.000000000000000000e+00 3.900000000000000000e+01
2.350004719509043127e+02 8.000000000000000000e+00 3.200000000000000000e+01
2.360004719509042559e+02 7.000000000000000000e+00 2.900000000000000000e+01
2.370004719509041990e+02 7.000000000000000000e+00 2.800000000000000000e+01
2.380004719509041422e+02 9.000000000000000000e+00 2.600000000000000000e+01
2.390004719509040854e+02 1.000000000000000000e+01 2.300000000000000000e+01
2.400004719509040285e+02 9.000000000000000000e+00 2.200000000000000000e+01
2.410004719509039717e+02 8.000000000000000000e+00 2.200000000000000000e+01
2.420004719509039148e+02 8.000000000000000000e+00 2.100000000000000000e+01
2.430004719509038580e+02 7.000000000000000000e+00 2.100000000000000000e+01
2.440004719509038011e+02 7.000000000000000000e+00 2.300000000000000000e+01
2.450004719509037443e+02 7.000000000000000000e+00 2.500000000000000000e+01
2.460004719509036875e+02 6.000000000000000000e+00 2.400000000000000000e+01
2.470004719509036306e+02 6.000000000000000000e+00 2.500000000000000000e+01
2.480004719509035738e+02 6.000000000000000000e+00 2.700000000000000000e+01
2.490004719509035169e+02 5.000000000000000000e+00 2.900000000000000000e+01
2.500004719509034601e+02 4.000000000000000000e+00 2.900000000000000000e+01
2.510004719509034032e+02 4.000000000000000000e+00 2.800000000000000000e+01
2.520004719509033464e+02 5.000000000000000000e+00 2.700000000000000000e+01
2.530004719509032896e+02 5.000000000000000000e+00 2.700000000000000000e+01
2.540004719509032327e+02 5.000000000000000000e+00 2.600000000000000000e+01
2.550004719509031759e+02 5.000000000000000000e+00 2.400000000000000000e+01
2.560004719509031474e+02 5.000000000000000000e+00 1.900000000000000000e+01
2.570004719509033748e+02 7.000000000000000000e+00 1.900000000000000000e+01
2.580004719509036022e+02 8.000000000000000000e+00 1.900000000000000000e+01
2.590004719509038296e+02 8.000000000000000000e+00 1.900000000000000000e+01
2.600004719509040569e+02 8.000000000000000000e+00 1.900000000000000000e+01
2.610002984193328643e+02 8.000000000000000000e+00 2.000000000000000000e+01
2.620004719509045117e+02 9.000000000000000000e+00 2.000000000000000000e+01
2.630004719509047391e+02 9.000000000000000000e+00 2.000000000000000000e+01
2.640004719509049664e+02 9.000000000000000000e+00 2.200000000000000000e+01
2.650004719509051938e+02 9.000000000000000000e+00 2.300000000000000000e+01
2.660004719509054212e+02 1.000000000000000000e+01 2.300000000000000000e+01
2.670004719509056486e+02 9.000000000000000000e+00 2.200000000000000000e+01
2.680004719509058759e+02 8.000000000000000000e+00 2.000000000000000000e+01
2.690004719509061033e+02 8.000000000000000000e+00 2.300000000000000000e+01
2.700004422291951300e+02 1.000000000000000000e+01 2.500000000000000000e+01
2.710004719509065580e+02 1.100000000000000000e+01 2.500000000000000000e+01
2.720004719509067854e+02 7.000000000000000000e+00 2.500000000000000000e+01
2.730004719509070128e+02 7.000000000000000000e+00 2.200000000000000000e+01
2.740004719509072402e+02 8.000000000000000000e+00 2.200000000000000000e+01
2.750002294633222846e+02 8.000000000000000000e+00 2.100000000000000000e+01
2.760004719509076949e+02 3.000000000000000000e+00 2.100000000000000000e+01
2.770004719509079223e+02 3.000000000000000000e+00 2.200000000000000000e+01
2.780004719509081497e+02 4.000000000000000000e+00 2.100000000000000000e+01
2.790004719509083770e+02 3.000000000000000000e+00 2.100000000000000000e+01
2.800004719509086044e+02 3.000000000000000000e+00 2.300000000000000000e+01
2.810004719509088318e+02 4.000000000000000000e+00 2.200000000000000000e+01
2.820004719509090592e+02 4.000000000000000000e+00 2.200000000000000000e+01
2.830004719509092865e+02 4.000000000000000000e+00 2.000000000000000000e+01
2.840004719509095139e+02 4.000000000000000000e+00 1.900000000000000000e+01
2.850004719509097413e+02 7.000000000000000000e+00 1.800000000000000000e+01
2.860004719509099687e+02 5.000000000000000000e+00 2.100000000000000000e+01
2.870004719509101960e+02 5.000000000000000000e+00 2.100000000000000000e+01
2.880004719509104234e+02 6.000000000000000000e+00 2.300000000000000000e+01
2.890004719509106508e+02 7.000000000000000000e+00 2.200000000000000000e+01
2.900004719509108781e+02 8.000000000000000000e+00 2.100000000000000000e+01
2.910004719509111055e+02 9.000000000000000000e+00 2.000000000000000000e+01
2.920004719509113329e+02 9.000000000000000000e+00 1.700000000000000000e+01
2.930004719509115603e+02 9.000000000000000000e+00 1.600000000000000000e+01
2.940004719509117876e+02 9.000000000000000000e+00 1.400000000000000000e+01
2.950004719509120150e+02 1.000000000000000000e+01 1.400000000000000000e+01
2.960004719509122424e+02 9.000000000000000000e+00 1.700000000000000000e+01
2.970004719509124698e+02 1.100000000000000000e+01 1.700000000000000000e+01
2.980004719509126971e+02 1.200000000000000000e+01 1.600000000000000000e+01
2.990004719509129245e+02 1.100000000000000000e+01 1.500000000000000000e+01
3.000004719509131519e+02 1.100000000000000000e+01 1.500000000000000000e+01
