0.000000000000000000e+00 0.000000000000000000e+00 0.000000000000000000e+00
1.002042063994212917e+00 2.000000000000000000e+00 2.000000000000000000e+00
2.002084791364441951e+00 5.000000000000000000e+00 5.000000000000000000e+00
3.002084791364442840e+00 5.000000000000000000e+00 5.000000000000000000e+00
4.000523563561309892e+00 6.000000000000000000e+00 6.000000000000000000e+00
5.002084791364439731e+00 7.000000000000000000e+00 7.000000000000000000e+00
6.002084791364436178e+00 7.000000000000000000e+00 7.000000000000000000e+00
7.002084791364432625e+00 8.000000000000000000e+00 8.000000000000000000e+00
8.002084791364429961e+00 8.000000000000000000e+00 8.000000000000000000e+00
9.002084791364426408e+00 8.000000000000000000e+00 8.000000000000000000e+00
1.000208479136442286e+01 8.000000000000000000e+00 8.000000000000000000e+00
1.100180656032677540e+01 9.000000000000000000e+00 9.000000000000000000e+00
1.200133126173857256e+01 9.000000000000000000e+00 9.000000000000000000e+00
1.300208479136441220e+01 9.000000000000000000e+00 9.000000000000000000e+00
1.400208479136440864e+01 9.000000000000000000e+00 9.000000000000000000e+00
1.500208479136440509e+01 8.000000000000000000e+00 9.000000000000000000e+00
1.600043945727009387e+01 8.000000000000000000e+00 9.000000000000000000e+00
1.700208479136441753e+01 8.000000000000000000e+00 9.000000000000000000e+00
1.800066792910349278e+01 9.000000000000000000e+00 9.000000000000000000e+00
1.900208479136444595e+01 1.000000000000000000e+01 1.000000000000000000e+01
2.000208479136446016e+01 1.100000000000000000e+01 1.200000000000000000e+01
2.100208479136447437e+01 1.000000000000000000e+01 8.000000000000000000e+00
2.200005648162202831e+01 7.000000000000000000e+00 5.000000000000000000e+00
2.300208479136450279e+01 6.000000000000000000e+00 4.000000000000000000e+00
2.400208479136451700e+01 6.000000000000000000e+00 4.000000000000000000e+00
2.500208479136453121e+01 5.000000000000000000e+00 3.000000000000000000e+00
2.600125302681185246e+01 4.000000000000000000e+00 2.000000000000000000e+00
2.700208479136455963e+01 5.000000000000000000e+00 3.000000000000000000e+00
2.800010810186977039e+01 5.000000000000000000e+00 3.000000000000000000e+00
2.900205338292535018e+01 5.000000000000000000e+00 3.000000000000000000e+00
3.000208479136460227e+01 7.000000000000000000e+00 5.000000000000000000e+00
3.100208479136461648e+01 9.000000000000000000e+00 7.000000000000000000e+00
3.200208479136463069e+01 9.000000000000000000e+00 7.000000000000000000e+00
3.300167523144664727e+01 9.000000000000000000e+00 7.000000000000000000e+00
3.400208479136465911e+01 1.000000000000000000e+01 8.000000000000000000e+00
3.500208479136467332e+01 9.000000000000000000e+00 8.000000000000000000e+00
3.600208479136468753e+01 9.000000000000000000e+00 5.000000000000000000e+00
3.700208479136470174e+01 9.000000000000000000e+00 3.000000000000000000e+00
3.800065026492686115e+01 9.000000000000000000e+00 3.000000000000000000e+00
3.900208479136473017e+01 1.100000000000000000e+01 6.000000000000000000e+00
4.000208479136474438e+01 9.000000000000000000e+00 6.000000000000000000e+00
4.100117685595049721e+01 1.000000000000000000e+01 8.000000000000000000e+00
4.200016700079839893e+01 9.000000000000000000e+00 8.000000000000000000e+00
4.300096044006893692e+01 9.000000000000000000e+00 4.000000000000000000e+00
4.400134689559701684e+01 8.000000000000000000e+00 3.000000000000000000e+00
4.500208479136481543e+01 8.000000000000000000e+00 2.000000000000000000e+00
4.600094856851846004e+01 8.000000000000000000e+00 2.000000000000000000e+00
4.700102677549308794e+01 9.000000000000000000e+00 3.000000000000000000e+00
4.800059231332980403e+01 1.000000000000000000e+01 5.000000000000000000e+00
4.900080673485174998e+01 1.200000000000000000e+01 6.000000000000000000e+00
5.000208479136488648e+01 1.100000000000000000e+01 7.000000000000000000e+00
5.100208479136490070e+01 1.100000000000000000e+01 6.000000000000000000e+00
5.200208479136491491e+01 1.100000000000000000e+01 6.000000000000000000e+00
5.300042200536277903e+01 1.100000000000000000e+01 5.000000000000000000e+00
5.400117094507542248e+01 1.200000000000000000e+01 4.000000000000000000e+00
5.500172422043457487e+01 1.300000000000000000e+01 5.000000000000000000e+00
5.600208479136497175e+01 1.200000000000000000e+01 6.000000000000000000e+00
5.700031012613641934e+01 1.300000000000000000e+01 8.000000000000000000e+00
5.800068263707896676e+01 1.400000000000000000e+01 1.000000000000000000e+01
5.900208479136501438e+01 1.400000000000000000e+01 1.000000000000000000e+01
6.000046952034612957e+01 1.400000000000000000e+01 1.000000000000000000e+01
6.100208479136504280e+01 1.300000000000000000e+01 1.000000000000000000e+01
6.200115789101188568e+01 1.400000000000000000e+01 1.100000000000000000e+01
6.300208479136507123e+01 1.500000000000000000e+01 1.200000000000000000e+01
6.400093605193181645e+01 1.500000000000000000e+01 1.300000000000000000e+01
6.500208479136502149e+01 1.400000000000000000e+01 1.300000000000000000e+01
6.600208479136496464e+01 1.300000000000000000e+01 1.200000000000000000e+01
6.700104525580560733e+01 1.300000000000000000e+01 1.200000000000000000e+01
6.800208479136485096e+01 1.400000000000000000e+01 1.200000000000000000e+01
6.900063193265073380e+01 1.400000000000000000e+01 9.000000000000000000e+00
7.000006933635475548e+01 1.400000000000000000e+01 9.000000000000000000e+00
7.100030391271157271e+01 1.400000000000000000e+01 7.000000000000000000e+00
7.200080193522288141e+01 1.400000000000000000e+01 5.000000000000000000e+00
7.300208479136456674e+01 1.500000000000000000e+01 7.000000000000000000e+00
7.400208479136450990e+01 1.500000000000000000e+01 6.000000000000000000e+00
7.500208479136445305e+01 1.400000000000000000e+01 7.000000000000000000e+00
7.600208479136439621e+01 1.500000000000000000e+01 6.000000000000000000e+00
7.700208479136433937e+01 1.500000000000000000e+01 5.000000000000000000e+00
7.800208479136428252e+01 1.700000000000000000e+01 7.000000000000000000e+00
7.900134027387002789e+01 1.700000000000000000e+01 7.000000000000000000e+00
8.000208479136416884e+01 1.400000000000000000e+01 7.000000000000000000e+00
8.100067532040867491e+01 1.400000000000000000e+01 7.000000000000000000e+00
8.200208479136405515e+01 1.500000000000000000e+01 9.000000000000000000e+00
8.300208479136399831e+01 1.400000000000000000e+01 9.000000000000000000e+00
8.400208479136394146e+01 1.300000000000000000e+01 9.000000000000000000e+00
8.500151227878689042e+01 1.100000000000000000e+01 8.000000000000000000e+00
8.600208479136382778e+01 8.000000000000000000e+00 9.000000000000000000e+00
8.700188413375246910e+01 8.000000000000000000e+00 1.000000000000000000e+01
8.800208479136371409e+01 5.000000000000000000e+00 1.000000000000000000e+01
8.900051588048079054e+01 5.000000000000000000e+00 1.100000000000000000e+01
9.000027667648978991e+01 5.000000000000000000e+00 1.000000000000000000e+01
9.100208479136354356e+01 5.000000000000000000e+00 1.000000000000000000e+01
9.200003304715149000e+01 5.000000000000000000e+00 1.000000000000000000e+01
9.300208479136342987e+01 5.000000000000000000e+00 1.200000000000000000e+01
9.400208479136337303e+01 5.000000000000000000e+00 1.200000000000000000e+01
9.500142095902285178e+01 5.000000000000000000e+00 1.000000000000000000e+01
9.600208479136325934e+01 5.000000000000000000e+00 1.000000000000000000e+01
9.700060092904681142e+01 7.000000000000000000e+00 1.200000000000000000e+01
9.800208479136314565e+01 1.000000000000000000e+01 1.400000000000000000e+01
9.900208479136308881e+01 1.100000000000000000e+01 1.500000000000000000e+01
1.000020847913630320e+02 8.000000000000000000e+00 1.500000000000000000e+01
1.010020847913629751e+02 8.000000000000000000e+00 1.400000000000000000e+01
1.020006351670055835e+02 9.000000000000000000e+00 1.400000000000000000e+01
1.030020847913628614e+02 1.000000000000000000e+01 1.400000000000000000e+01
1.040004401902059215e+02 1.100000000000000000e+01 1.400000000000000000e+01
1.050020847913627478e+02 1.100000000000000000e+01 1.400000000000000000e+01
1.060020847913626909e+02 1.000000000000000000e+01 1.500000000000000000e+01
1.070020847913626341e+02 1.000000000000000000e+01 1.600000000000000000e+01
1.080020847913625772e+02 1.300000000000000000e+01 1.700000000000000000e+01
1.090020847913625204e+02 1.400000000000000000e+01 1.800000000000000000e+01
1.100020847913624635e+02 1.500000000000000000e+01 1.700000000000000000e+01
1.110004433563950812e+02 1.500000000000000000e+01 1.400000000000000000e+01
1.120015179670222665e+02 1.500000000000000000e+01 1.500000000000000000e+01
1.130009302663857937e+02 1.500000000000000000e+01 1.200000000000000000e+01
1.140003667735283130e+02 1.400000000000000000e+01 1.300000000000000000e+01
1.150018508899213003e+02 1.500000000000000000e+01 1.300000000000000000e+01
1.160014173438569003e+02 1.600000000000000000e+01 1.200000000000000000e+01
1.170008959854581576e+02 1.500000000000000000e+01 1.200000000000000000e+01
1.180020847913620088e+02 1.200000000000000000e+01 1.200000000000000000e+01
1.190006687023864771e+02 9.000000000000000000e+00 1.100000000000000000e+01
1.200011715936865500e+02 8.000000000000000000e+00 1.000000000000000000e+01
1.210003565326714892e+02 1.200000000000000000e+01 1.100000000000000000e+01
1.220020847913617814e+02 1.200000000000000000e+01 1.000000000000000000e+01
1.230009844242772346e+02 1.200000000000000000e+01 1.100000000000000000e+01
1.240020847913616677e+02 1.200000000000000000e+01 1.300000000000000000e+01
1.250017670009271313e+02 1.200000000000000000e+01 1.300000000000000000e+01
1.260020847913615540e+02 1.200000000000000000e+01 1.300000000000000000e+01
1.270013298588659580e+02 1.200000000000000000e+01 1.300000000000000000e+01
1.280020847913614546e+02 1.300000000000000000e+01 1.400000000000000000e+01
1.290020847913613977e+02 1.300000000000000000e+01 1.300000000000000000e+01
1.300020847913613409e+02 1.300000000000000000e+01 1.300000000000000000e+01
1.310020847913612840e+02 1.600000000000000000e+01 1.300000000000000000e+01
1.320020847913612272e+02 1.600000000000000000e+01 1.500000000000000000e+01
1.330020558689909365e+02 1.600000000000000000e+01 1.500000000000000000e+01
1.340020847913611135e+02 1.800000000000000000e+01 1.700000000000000000e+01
1.350002725664524235e+02 1.900000000000000000e+01 1.600000000000000000e+01
1.360001653506558057e+02 1.900000000000000000e+01 1.400000000000000000e+01
1.370020847913609430e+02 2.000000000000000000e+01 1.300000000000000000e+01
1.380020847913608861e+02 2.100000000000000000e+01 1.200000000000000000e+01
1.390020847913608293e+02 2.200000000000000000e+01 1.100000000000000000e+01
1.400018969454190199e+02 2.200000000000000000e+01 1.100000000000000000e+01
1.410020847913607156e+02 2.300000000000000000e+01 1.100000000000000000e+01
1.420016995103281943e+02 2.300000000000000000e+01 1.200000000000000000e+01
1.430006479018384482e+02 2.400000000000000000e+01 1.400000000000000000e+01
1.440020847913605451e+02 2.400000000000000000e+01 1.400000000000000000e+01
1.450020847913604882e+02 2.200000000000000000e+01 1.500000000000000000e+01
1.460020847913604314e+02 2.000000000000000000e+01 1.300000000000000000e+01
1.470020847913603745e+02 1.900000000000000000e+01 1.300000000000000000e+01
1.480013480552040619e+02 1.900000000000000000e+01 1.300000000000000000e+01
1.490020847913602609e+02 1.800000000000000000e+01 1.500000000000000000e+01
1.500020847913602040e+02 2.000000000000000000e+01 1.300000000000000000e+01
1.510020847913601472e+02 2.000000000000000000e+01 1.000000000000000000e+01
1.520020847913600903e+02 2.100000000000000000e+01 8.000000000000000000e+00
1.530001787769390660e+02 2.100000000000000000e+01 7.000000000000000000e+00
1.540020847913599766e+02 2.200000000000000000e+01 7.000000000000000000e+00
1.550016174010709449e+02 2.400000000000000000e+01 6.000000000000000000e+00
1.560020847913598629e+02 2.500000000000000000e+01 6.000000000000000000e+00
1.570020847913598061e+02 2.700000000000000000e+01 7.000000000000000000e+00
1.580001851258323313e+02 2.700000000000000000e+01 6.000000000000000000e+00
1.590015491084453743e+02 2.700000000000000000e+01 6.000000000000000000e+00
1.600006363541909309e+02 2.700000000000000000e+01 6.000000000000000000e+00
1.610020847913595787e+02 2.700000000000000000e+01 6.000000000000000000e+00
1.620015293035891091e+02 2.900000000000000000e+01 8.000000000000000000e+00
1.630014795495326894e+02 2.900000000000000000e+01 6.000000000000000000e+00
1.640020847913594082e+02 2.900000000000000000e+01 5.000000000000000000e+00
1.650002183518693641e+02 3.000000000000000000e+01 8.000000000000000000e+00
1.660004083123384930e+02 3.100000000000000000e+01 7.000000000000000000e+00
1.670008386492345380e+02 3.100000000000000000e+01 6.000000000000000000e+00
1.680020847913591808e+02 3.100000000000000000e+01 4.000000000000000000e+00
1.690020847913591240e+02 3.100000000000000000e+01 4.000000000000000000e+00
1.700020847913590671e+02 3.200000000000000000e+01 6.000000000000000000e+00
1.710003310968529036e+02 3.300000000000000000e+01 6.000000000000000000e+00
1.720010590758685680e+02 3.300000000000000000e+01 5.000000000000000000e+00
1.730020847913588966e+02 3.300000000000000000e+01 5.000000000000000000e+00
1.740004554120683338e+02 3.200000000000000000e+01 5.000000000000000000e+00
1.750020847913587829e+02 3.100000000000000000e+01 5.000000000000000000e+00
1.760020847913587261e+02 3.300000000000000000e+01 6.000000000000000000e+00
1.770020847913586692e+02 3.200000000000000000e+01 6.000000000000000000e+00
1.780008206415032816e+02 2.900000000000000000e+01 5.000000000000000000e+00
1.790010201851362694e+02 2.200000000000000000e+01 5.000000000000000000e+00
1.800020847913584987e+02 1.300000000000000000e+01 3.000000000000000000e+00
1.810011940058821551e+02 1.400000000000000000e+01 2.000000000000000000e+00
1.820020847913583850e+02 1.300000000000000000e+01 3.000000000000000000e+00
1.830006636790865286e+02 1.100000000000000000e+01 3.000000000000000000e+00
1.840020168770302007e+02 1.000000000000000000e+01 3.000000000000000000e+00
1.850020847913582145e+02 9.000000000000000000e+00 2.000000000000000000e+00
1.860001464868054200e+02 9.000000000000000000e+00 4.000000000000000000e+00
1.870020847913581008e+02 6.000000000000000000e+00 3.000000000000000000e+00
1.880020847913580440e+02 6.000000000000000000e+00 3.000000000000000000e+00
1.890019736327343765e+02 2.000000000000000000e+00 3.000000000000000000e+00
1.900020847913579303e+02 1.000000000000000000e+00 1.000000000000000000e+00
1.910020847913578734e+02 3.000000000000000000e+00 3.000000000000000000e+00
1.920020847913578166e+02 2.000000000000000000e+00 3.000000000000000000e+00
1.930008902729826161e+02 3.000000000000000000e+00 4.000000000000000000e+00
1.940020847913577029e+02 2.000000000000000000e+00 3.000000000000000000e+00
1.950009391050444094e+02 2.000000000000000000e+00 3.000000000000000000e+00
1.960020847913575892e+02 2.000000000000000000e+00 5.000000000000000000e+00
1.970005377848137584e+02 3.000000000000000000e+00 7.000000000000000000e+00
1.980020847913574755e+02 2.000000000000000000e+00 7.000000000000000000e+00
1.990003893484089588e+02 1.000000000000000000e+00 7.000000000000000000e+00
2.000020847913573618e+02 2.000000000000000000e+00 7.000000000000000000e+00
2.010020847913573050e+02 2.000000000000000000e+00 8.000000000000000000e+00
2.020002737967129178e+02 3.000000000000000000e+00 9.000000000000000000e+00
2.030000318987833623e+02 4.000000000000000000e+00 5.000000000000000000e+00
2.040015529546765833e+02 7.000000000000000000e+00 3.000000000000000000e+00
2.050020847913570776e+02 5.000000000000000000e+00 3.000000000000000000e+00
2.060020847913570208e+02 4.000000000000000000e+00 3.000000000000000000e+00
2.070006457284978296e+02 5.000000000000000000e+00 4.000000000000000000e+00
2.080020847913569071e+02 5.000000000000000000e+00 3.000000000000000000e+00
2.090020847913568502e+02 4.000000000000000000e+00 3.000000000000000000e+00
2.100020847913567934e+02 5.000000000000000000e+00 4.000000000000000000e+00
2.110020847913567366e+02 5.000000000000000000e+00 2.000000000000000000e+00
2.120019719594219225e+02 6.000000000000000000e+00 3.000000000000000000e+00
2.130020847913566229e+02 6.000000000000000000e+00 4.000000000000000000e+00
2.140020847913565660e+02 6.000000000000000000e+00 4.000000000000000000e+00
2.150020847913565092e+02 6.000000000000000000e+00 4.000000000000000000e+00
2.160010607421384350e+02 7.000000000000000000e+00 4.000000000000000000e+00
2.170020847913563955e+02 7.000000000000000000e+00 7.000000000000000000e+00
2.180020847913563387e+02 6.000000000000000000e+00 7.000000000000000000e+00
2.190001765318061757e+02 7.000000000000000000e+00 7.000000000000000000e+00
2.200016276417322558e+02 4.000000000000000000e+00 8.000000000000000000e+00
2.210010492244618945e+02 5.000000000000000000e+00 6.000000000000000000e+00
2.220020847913561113e+02 5.000000000000000000e+00 6.000000000000000000e+00
2.230004777345079958e+02 5.000000000000000000e+00 6.000000000000000000e+00
2.240020847913559976e+02 5.000000000000000000e+00 7.000000000000000000e+00
2.250012445509597967e+02 3.000000000000000000e+00 7.000000000000000000e+00
2.260020847913558839e+02 3.000000000000000000e+00 7.000000000000000000e+00
2.270008266063965152e+02 2.000000000000000000e+00 9.000000000000000000e+00
2.280005627699660806e+02 3.000000000000000000e+00 1.200000000000000000e+01
2.290005621803028362e+02 3.000000000000000000e+00 1.200000000000000000e+01
2.300020847913556565e+02 3.000000000000000000e+00 1.200000000000000000e+01
2.310020847913555997e+02 1.000000000000000000e+00 1.400000000000000000e+01
2.320020847913555428e+02 1.000000000000000000e+00 1.300000000000000000e+01
2.330020847913554860e+02 2.000000000000000000e+00 1.500000000000000000e+01
2.340005745405660491e+02 3.000000000000000000e+00 1.500000000000000000e+01
2.350020847913553723e+02 3.000000000000000000e+00 1.500000000000000000e+01
2.360010755376517864e+02 4.000000000000000000e+00 1.500000000000000000e+01
2.370020847913552586e+02 4.000000000000000000e+00 1.600000000000000000e+01
2.380016950798396635e+02 5.000000000000000000e+00 1.600000000000000000e+01
2.390020847913551449e+02 4.000000000000000000e+00 1.500000000000000000e+01
2.400016812630261711e+02 2.000000000000000000e+00 1.300000000000000000e+01
2.410020847913550313e+02 2.000000000000000000e+00 1.300000000000000000e+01
2.420004344824317570e+02 3.000000000000000000e+00 1.300000000000000000e+01
2.430020847913549176e+02 1.000000000000000000e+00 1.200000000000000000e+01
2.440020847913548607e+02 1.000000000000000000e+00 1.200000000000000000e+01
2.450015254487693710e+02 1.000000000000000000e+00 1.000000000000000000e+01
2.460020847913547470e+02 4.000000000000000000e+00 6.000000000000000000e+00
2.470020847913546902e+02 4.000000000000000000e+00 5.000000000000000000e+00
2.480001058634963442e+02 4.000000000000000000e+00 4.000000000000000000e+00
2.490020847913545765e+02 4.000000000000000000e+00 4.000000000000000000e+00
2.500020847913545197e+02 8.000000000000000000e+00 8.000000000000000000e+00
2.510020847913544628e+02 6.000000000000000000e+00 8.000000000000000000e+00
2.520020847913544060e+02 5.000000000000000000e+00 8.000000000000000000e+00
2.530006322236689584e+02 3.000000000000000000e+00 8.000000000000000000e+00
2.540020847913542923e+02 3.000000000000000000e+00 8.000000000000000000e+00
2.550020847913542354e+02 4.000000000000000000e+00 8.000000000000000000e+00
2.560014499244227295e+02 4.000000000000000000e+00 8.000000000000000000e+00
2.570020847913544344e+02 4.000000000000000000e+00 9.000000000000000000e+00
2.580020847913546618e+02 6.000000000000000000e+00 1.000000000000000000e+01
2.590020847913548891e+02 6.000000000000000000e+00 1.000000000000000000e+01
2.600020847913551165e+02 8.000000000000000000e+00 8.000000000000000000e+00
2.610011531753690974e+02 7.000000000000000000e+00 7.000000000000000000e+00
2.620020847913555713e+02 7.000000000000000000e+00 7.000000000000000000e+00
2.630020847913557986e+02 6.000000000000000000e+00 9.000000000000000000e+00
2.640020847913560260e+02 5.000000000000000000e+00 9.000000000000000000e+00
2.650011388575240403e+02 7.000000000000000000e+00 9.000000000000000000e+00
2.660015390307930829e+02 8.000000000000000000e+00 1.000000000000000000e+01
2.670018573899712919e+02 7.000000000000000000e+00 9.000000000000000000e+00
2.680000795599481762e+02 8.000000000000000000e+00 1.000000000000000000e+01
2.690020847913571629e+02 7.000000000000000000e+00 9.000000000000000000e+00
2.700020847913573903e+02 6.000000000000000000e+00 9.000000000000000000e+00
2.710020847913576176e+02 6.000000000000000000e+00 8.000000000000000000e+00
2.720020847913578450e+02 6.000000000000000000e+00 6.000000000000000000e+00
2.730020847913580724e+02 8.000000000000000000e+00 9.000000000000000000e+00
2.740020847913582998e+02 7.000000000000000000e+00 1.000000000000000000e+01
2.750020847913585271e+02 7.000000000000000000e+00 9.000000000000000000e+00
2.760005568313704885e+02 7.000000000000000000e+00 9.000000000000000000e+00
2.770014591476374335e+02 7.000000000000000000e+00 1.000000000000000000e+01
2.780020847913592092e+02 6.000000000000000000e+00 1.100000000000000000e+01
2.790020847913594366e+02 4.000000000000000000e+00 1.200000000000000000e+01
2.800011563144331603e+02 6.000000000000000000e+00 1.400000000000000000e+01
2.810020847913598914e+02 6.000000000000000000e+00 1.300000000000000000e+01
2.820011344164156526e+02 5.000000000000000000e+00 1.500000000000000000e+01
2.830018618897576061e+02 5.000000000000000000e+00 1.500000000000000000e+01
2.840020847913605735e+02 6.000000000000000000e+00 1.400000000000000000e+01
2.850020847913608009e+02 7.000000000000000000e+00 1.100000000000000000e+01
2.860020847913610282e+02 7.000000000000000000e+00 9.000000000000000000e+00
2.870020847913612556e+02 8.000000000000000000e+00 7.000000000000000000e+00
2.880020847913614830e+02 8.000000000000000000e+00 8.000000000000000000e+00
2.890020847913617104e+02 9.000000000000000000e+00 7.000000000000000000e+00
2.900020847913619377e+02 1.000000000000000000e+01 8.000000000000000000e+00
2.910006112598310892e+02 1.100000000000000000e+01 9.000000000000000000e+00
2.920020847913623925e+02 1.000000000000000000e+01 1.100000000000000000e+01
2.930010838472688874e+02 8.000000000000000000e+00 1.100000000000000000e+01
2.940020847913628472e+02 1.000000000000000000e+01 1.200000000000000000e+01
2.950004109641082550e+02 1.000000000000000000e+01 1.000000000000000000e+01
2.960020847913633020e+02 7.000000000000000000e+00 1.000000000000000000e+01
2.970020847913635293e+02 9.000000000000000000e+00 1.000000000000000000e+01
2.980020847913637567e+02 9.000000000000000000e+00 1.000000000000000000e+01
2.990020847913639841e+02 9.000000000000000000e+00 1.000000000000000000e+01
3.000020847913642115e+02 1.200000000000000000e+01 1.000000000000000000e+01
