0.000000000000000000e+00 0.000000000000000000e+00 0.000000000000000000e+00
1.000072929557072721e+00 0.000000000000000000e+00 0.000000000000000000e+00
2.000072929557073387e+00 0.000000000000000000e+00 0.000000000000000000e+00
3.000072929557074275e+00 0.000000000000000000e+00 0.000000000000000000e+00
4.000072929557075163e+00 2.000000000000000000e+00 2.000000000000000000e+00
5.000072929557071610e+00 2.000000000000000000e+00 2.000000000000000000e+00
6.000072929557068058e+00 3.000000000000000000e+00 3.000000000000000000e+00
7.000072929557064505e+00 3.000000000000000000e+00 3.000000000000000000e+00
8.000072929557061840e+00 4.000000000000000000e+00 4.000000000000000000e+00
9.000072929557058288e+00 5.000000000000000000e+00 5.000000000000000000e+00
1.000007292955705474e+01 7.000000000000000000e+00 7.000000000000000000e+00
1.100007292955705118e+01 7.000000000000000000e+00 7.000000000000000000e+00
1.200007292955704763e+01 8.000000000000000000e+00 8.000000000000000000e+00
1.300007292955704408e+01 1.100000000000000000e+01 1.100000000000000000e+01
1.400007292955704052e+01 9.000000000000000000e+00 9.000000000000000000e+00
1.500007292955703697e+01 9.000000000000000000e+00 9.000000000000000000e+00
1.600007292955703520e+01 1.000000000000000000e+01 1.000000000000000000e+01
1.700007292955704941e+01 9.000000000000000000e+00 9.000000000000000000e+00
1.800007292955706362e+01 9.000000000000000000e+00 9.000000000000000000e+00
1.900007292955707783e+01 1.000000000000000000e+01 1.000000000000000000e+01
2.000007292955709204e+01 8.000000000000000000e+00 8.000000000000000000e+00
2.100007292955710625e+01 7.000000000000000000e+00 7.000000000000000000e+00
2.200007292955712046e+01 7.000000000000000000e+00 7.000000000000000000e+00
2.300007292955713467e+01 7.000000000000000000e+00 7.000000000000000000e+00
2.400007292955714888e+01 6.000000000000000000e+00 5.000000000000000000e+00
2.500007292955716309e+01 8.000000000000000000e+00 6.000000000000000000e+00
2.600007292955717730e+01 9.000000000000000000e+00 7.000000000000000000e+00
2.700007292955719151e+01 9.000000000000000000e+00 9.000000000000000000e+00
2.800007292955720573e+01 1.000000000000000000e+01 1.000000000000000000e+01
2.900007292955721994e+01 9.000000000000000000e+00 9.000000000000000000e+00
3.000007292955723415e+01 9.000000000000000000e+00 9.000000000000000000e+00
3.100007292955724836e+01 9.000000000000000000e+00 1.000000000000000000e+01
3.200007292955726257e+01 9.000000000000000000e+00 9.000000000000000000e+00
3.300007292955727678e+01 1.100000000000000000e+01 1.000000000000000000e+01
3.400007292955729099e+01 1.200000000000000000e+01 1.100000000000000000e+01
3.500007292955730520e+01 1.300000000000000000e+01 1.200000000000000000e+01
3.600007292955731941e+01 1.300000000000000000e+01 1.200000000000000000e+01
3.700007292955733362e+01 1.200000000000000000e+01 1.200000000000000000e+01
3.800007292955734783e+01 1.400000000000000000e+01 1.400000000000000000e+01
3.900007292955736204e+01 1.600000000000000000e+01 1.300000000000000000e+01
4.000007292955737626e+01 1.600000000000000000e+01 1.300000000000000000e+01
4.100007292955739047e+01 1.700000000000000000e+01 1.600000000000000000e+01
4.200007292955740468e+01 1.500000000000000000e+01 1.700000000000000000e+01
4.300007292955741889e+01 1.000000000000000000e+01 1.800000000000000000e+01
4.400007292955743310e+01 8.000000000000000000e+00 1.900000000000000000e+01
4.500007292955744731e+01 8.000000000000000000e+00 1.900000000000000000e+01
4.600007292955746152e+01 8.000000000000000000e+00 1.700000000000000000e+01
4.700004492335462203e+01 1.000000000000000000e+01 2.000000000000000000e+01
4.800007292955748994e+01 1.200000000000000000e+01 2.100000000000000000e+01
4.900007292955750415e+01 1.200000000000000000e+01 2.200000000000000000e+01
5.000007292955751836e+01 1.300000000000000000e+01 2.500000000000000000e+01
5.100007292955753258e+01 1.300000000000000000e+01 2.600000000000000000e+01
5.200007292955754679e+01 1.200000000000000000e+01 2.500000000000000000e+01
5.300007292955756100e+01 1.300000000000000000e+01 2.400000000000000000e+01
5.400007292955757521e+01 1.200000000000000000e+01 2.500000000000000000e+01
5.500007292955758942e+01 1.400000000000000000e+01 2.500000000000000000e+01
5.600007292955760363e+01 1.400000000000000000e+01 2.500000000000000000e+01
5.700007292955761784e+01 1.300000000000000000e+01 2.500000000000000000e+01
5.800007292955763205e+01 1.300000000000000000e+01 2.600000000000000000e+01
5.900007292955764626e+01 1.200000000000000000e+01 2.500000000000000000e+01
6.000007292955766047e+01 1.000000000000000000e+01 2.600000000000000000e+01
6.100007292955767468e+01 7.000000000000000000e+00 2.600000000000000000e+01
6.200007292955768889e+01 5.000000000000000000e+00 2.600000000000000000e+01
6.300007292955770311e+01 3.000000000000000000e+00 1.900000000000000000e+01
6.400007292955771732e+01 3.000000000000000000e+00 1.600000000000000000e+01
6.500007292955766047e+01 4.000000000000000000e+00 1.600000000000000000e+01
6.600007292955760363e+01 4.000000000000000000e+00 1.600000000000000000e+01
6.700007292955754679e+01 6.000000000000000000e+00 1.700000000000000000e+01
6.800007292955748994e+01 6.000000000000000000e+00 1.700000000000000000e+01
6.900007292955743310e+01 4.000000000000000000e+00 1.700000000000000000e+01
7.000007292955737626e+01 3.000000000000000000e+00 1.700000000000000000e+01
7.100007292955731941e+01 4.000000000000000000e+00 1.800000000000000000e+01
7.200007292955726257e+01 5.000000000000000000e+00 1.800000000000000000e+01
7.300007292955720573e+01 8.000000000000000000e+00 2.200000000000000000e+01
7.400007292955714888e+01 8.000000000000000000e+00 2.100000000000000000e+01
7.500007292955709204e+01 8.000000000000000000e+00 1.900000000000000000e+01
7.600007292955703520e+01 8.000000000000000000e+00 1.900000000000000000e+01
7.700007292955697835e+01 8.000000000000000000e+00 1.900000000000000000e+01
7.800007292955692151e+01 8.000000000000000000e+00 1.800000000000000000e+01
7.900007292955686466e+01 7.000000000000000000e+00 1.400000000000000000e+01
8.000007292955680782e+01 6.000000000000000000e+00 7.000000000000000000e+00
8.100007292955675098e+01 7.000000000000000000e+00 6.000000000000000000e+00
8.200007292955669413e+01 7.000000000000000000e+00 4.000000000000000000e+00
8.300007292955663729e+01 7.000000000000000000e+00 5.000000000000000000e+00
8.400007292955658045e+01 8.000000000000000000e+00 6.000000000000000000e+00
8.500007292955652360e+01 9.000000000000000000e+00 5.000000000000000000e+00
8.600007292955646676e+01 8.000000000000000000e+00 5.000000000000000000e+00
8.700007292955640992e+01 8.000000000000000000e+00 5.000000000000000000e+00
8.800007292955635307e+01 9.000000000000000000e+00 6.000000000000000000e+00
8.900007292955629623e+01 1.000000000000000000e+01 7.000000000000000000e+00
9.000007292955623939e+01 1.000000000000000000e+01 7.000000000000000000e+00
9.100007292955618254e+01 1.000000000000000000e+01 5.000000000000000000e+00
9.200007292955612570e+01 1.300000000000000000e+01 5.000000000000000000e+00
9.300007292955606886e+01 1.200000000000000000e+01 3.000000000000000000e+00
9.400007292955601201e+01 1.300000000000000000e+01 3.000000000000000000e+00
9.500007292955595517e+01 1.300000000000000000e+01 3.000000000000000000e+00
9.600007292955589833e+01 1.400000000000000000e+01 2.000000000000000000e+00
9.700007292955584148e+01 1.400000000000000000e+01 2.000000000000000000e+00
9.800007292955578464e+01 1.300000000000000000e+01 3.000000000000000000e+00
9.900007292955572780e+01 1.300000000000000000e+01 6.000000000000000000e+00
1.000000729295556710e+02 8.000000000000000000e+00 8.000000000000000000e+00
1.010000729295556141e+02 8.000000000000000000e+00 8.000000000000000000e+00
1.020000729295555573e+02 8.000000000000000000e+00 9.000000000000000000e+00
1.030000729295555004e+02 8.000000000000000000e+00 8.000000000000000000e+00
1.040000729295554436e+02 1.000000000000000000e+01 9.000000000000000000e+00
1.050000729295553867e+02 9.000000000000000000e+00 9.000000000000000000e+00
1.060000729295553299e+02 1.000000000000000000e+01 1.000000000000000000e+01
1.070000729295552730e+02 8.000000000000000000e+00 1.100000000000000000e+01
1.080000729295552162e+02 9.000000000000000000e+00 1.100000000000000000e+01
1.090000729295551594e+02 1.100000000000000000e+01 1.200000000000000000e+01
1.100000729295551025e+02 7.000000000000000000e+00 1.100000000000000000e+01
1.110000729295550457e+02 6.000000000000000000e+00 1.100000000000000000e+01
1.120000729295549888e+02 7.000000000000000000e+00 1.100000000000000000e+01
1.130000729295549320e+02 7.000000000000000000e+00 1.200000000000000000e+01
1.140000729295548751e+02 8.000000000000000000e+00 1.100000000000000000e+01
1.150000729295548183e+02 7.000000000000000000e+00 1.100000000000000000e+01
1.160000729295547615e+02 9.000000000000000000e+00 1.200000000000000000e+01
1.170000729295547046e+02 9.000000000000000000e+00 1.300000000000000000e+01
1.180000729295546478e+02 9.000000000000000000e+00 1.300000000000000000e+01
1.190000729295545909e+02 9.000000000000000000e+00 1.300000000000000000e+01
1.200000729295545341e+02 9.000000000000000000e+00 1.400000000000000000e+01
1.210000729295544772e+02 9.000000000000000000e+00 1.400000000000000000e+01
1.220000729295544204e+02 9.000000000000000000e+00 1.400000000000000000e+01
1.230000729295543636e+02 1.100000000000000000e+01 1.500000000000000000e+01
1.240000729295543067e+02 1.300000000000000000e+01 1.500000000000000000e+01
1.250000729295542499e+02 1.300000000000000000e+01 1.700000000000000000e+01
1.260000729295541930e+02 1.300000000000000000e+01 1.700000000000000000e+01
1.270000729295541362e+02 1.400000000000000000e+01 1.800000000000000000e+01
1.280000729295540793e+02 1.400000000000000000e+01 1.800000000000000000e+01
1.290000729295540225e+02 1.100000000000000000e+01 1.800000000000000000e+01
1.300000729295539657e+02 1.100000000000000000e+01 1.900000000000000000e+01
1.310000729295539088e+02 7.000000000000000000e+00 1.900000000000000000e+01
1.320000729295538520e+02 8.000000000000000000e+00 2.000000000000000000e+01
1.330000729295537951e+02 8.000000000000000000e+00 2.000000000000000000e+01
1.340000729295537383e+02 5.000000000000000000e+00 2.000000000000000000e+01
1.350000729295536814e+02 5.000000000000000000e+00 1.800000000000000000e+01
1.360000729295536246e+02 7.000000000000000000e+00 2.000000000000000000e+01
1.370000729295535677e+02 7.000000000000000000e+00 2.000000000000000000e+01
1.380000729295535109e+02 8.000000000000000000e+00 2.100000000000000000e+01
1.390000729295534541e+02 8.000000000000000000e+00 2.200000000000000000e+01
1.400000729295533972e+02 9.000000000000000000e+00 1.900000000000000000e+01
1.410000729295533404e+02 9.000000000000000000e+00 1.600000000000000000e+01
1.420000729295532835e+02 8.000000000000000000e+00 1.300000000000000000e+01
1.430000729295532267e+02 7.000000000000000000e+00 1.200000000000000000e+01
1.440000729295531698e+02 7.000000000000000000e+00 1.200000000000000000e+01
1.450000729295531130e+02 7.000000000000000000e+00 1.200000000000000000e+01
1.460000729295530562e+02 7.000000000000000000e+00 1.300000000000000000e+01
1.470000729295529993e+02 1.000000000000000000e+01 1.500000000000000000e+01
1.480000729295529425e+02 1.100000000000000000e+01 1.500000000000000000e+01
1.490000729295528856e+02 1.000000000000000000e+01 1.500000000000000000e+01
1.500000729295528288e+02 8.000000000000000000e+00 1.500000000000000000e+01
1.510000729295527719e+02 9.000000000000000000e+00 1.600000000000000000e+01
1.520000729295527151e+02 1.000000000000000000e+01 1.400000000000000000e+01
1.530000729295526583e+02 9.000000000000000000e+00 1.500000000000000000e+01
1.540000729295526014e+02 1.000000000000000000e+01 1.500000000000000000e+01
1.550000729295525446e+02 1.100000000000000000e+01 1.300000000000000000e+01
1.560000729295524877e+02 1.200000000000000000e+01 1.500000000000000000e+01
1.570000729295524309e+02 1.300000000000000000e+01 1.600000000000000000e+01
1.580000729295523740e+02 1.400000000000000000e+01 1.500000000000000000e+01
1.590000729295523172e+02 1.400000000000000000e+01 1.500000000000000000e+01
1.600000729295522603e+02 1.300000000000000000e+01 1.400000000000000000e+01
1.610000729295522035e+02 1.400000000000000000e+01 1.400000000000000000e+01
1.620000729295521467e+02 1.400000000000000000e+01 1.400000000000000000e+01
1.630000729295520898e+02 1.400000000000000000e+01 1.400000000000000000e+01
1.640000729295520330e+02 1.500000000000000000e+01 1.500000000000000000e+01
1.650000729295519761e+02 1.300000000000000000e+01 1.600000000000000000e+01
1.660000729295519193e+02 1.400000000000000000e+01 1.600000000000000000e+01
1.670000729295518624e+02 1.100000000000000000e+01 1.800000000000000000e+01
1.680000729295518056e+02 1.000000000000000000e+01 1.900000000000000000e+01
1.690000729295517488e+02 1.100000000000000000e+01 1.900000000000000000e+01
1.700000729295516919e+02 1.000000000000000000e+01 1.800000000000000000e+01
1.710000729295516351e+02 9.000000000000000000e+00 1.900000000000000000e+01
1.720000729295515782e+02 1.000000000000000000e+01 1.700000000000000000e+01
1.730000729295515214e+02 1.000000000000000000e+01 1.300000000000000000e+01
1.740000729295514645e+02 1.000000000000000000e+01 1.100000000000000000e+01
1.750000729295514077e+02 1.000000000000000000e+01 8.000000000000000000e+00
1.760000729295513509e+02 1.000000000000000000e+01 8.000000000000000000e+00
1.770000725131512240e+02 8.000000000000000000e+00 6.000000000000000000e+00
1.780000729295512372e+02 9.000000000000000000e+00 5.000000000000000000e+00
1.790000729295511803e+02 9.000000000000000000e+00 5.000000000000000000e+00
1.800000729295511235e+02 9.000000000000000000e+00 8.000000000000000000e+00
1.810000729295510666e+02 9.000000000000000000e+00 5.000000000000000000e+00
1.820000729295510098e+02 8.000000000000000000e+00 4.000000000000000000e+00
1.830000729295509529e+02 7.000000000000000000e+00 4.000000000000000000e+00
1.840000729295508961e+02 7.000000000000000000e+00 4.000000000000000000e+00
1.850000729295508393e+02 6.000000000000000000e+00 4.000000000000000000e+00
1.860000729295507824e+02 7.000000000000000000e+00 5.000000000000000000e+00
1.870000729295507256e+02 6.000000000000000000e+00 5.000000000000000000e+00
1.880000729295506687e+02 6.000000000000000000e+00 4.000000000000000000e+00
1.890000729295506119e+02 6.000000000000000000e+00 4.000000000000000000e+00
1.900000729295505550e+02 6.000000000000000000e+00 4.000000000000000000e+00
1.910000729295504982e+02 6.000000000000000000e+00 6.000000000000000000e+00
1.920000729295504414e+02 9.000000000000000000e+00 4.000000000000000000e+00
1.930000729295503845e+02 4.000000000000000000e+00 4.000000000000000000e+00
1.940000729295503277e+02 1.000000000000000000e+00 4.000000000000000000e+00
1.950000729295502708e+02 2.000000000000000000e+00 4.000000000000000000e+00
1.960000729295502140e+02 2.000000000000000000e+00 3.000000000000000000e+00
1.970000729295501571e+02 2.000000000000000000e+00 6.000000000000000000e+00
1.980000729295501003e+02 2.000000000000000000e+00 7.000000000000000000e+00
1.990000729295500435e+02 3.000000000000000000e+00 6.000000000000000000e+00
2.000000729295499866e+02 2.000000000000000000e+00 5.000000000000000000e+00
2.010000729295499298e+02 3.000000000000000000e+00 6.000000000000000000e+00
2.020000729295498729e+02 3.000000000000000000e+00 5.000000000000000000e+00
2.030000729295498161e+02 2.000000000000000000e+00 5.000000000000000000e+00
2.040000729295497592e+02 2.000000000000000000e+00 8.000000000000000000e+00
2.050000729295497024e+02 2.000000000000000000e+00 7.000000000000000000e+00
2.060000729295496456e+02 3.000000000000000000e+00 5.000000000000000000e+00
2.070000729295495887e+02 3.000000000000000000e+00 5.000000000000000000e+00
2.080000729295495319e+02 4.000000000000000000e+00 3.000000000000000000e+00
2.090000729295494750e+02 4.000000000000000000e+00 3.000000000000000000e+00
2.100000729295494182e+02 5.000000000000000000e+00 3.000000000000000000e+00
2.110000729295493613e+02 6.000000000000000000e+00 2.000000000000000000e+00
2.120000729295493045e+02 7.000000000000000000e+00 0.000000000000000000e+00
2.130000729295492476e+02 7.000000000000000000e+00 0.000000000000000000e+00
2.140000729295491908e+02 8.000000000000000000e+00 0.000000000000000000e+00
2.150000729295491340e+02 1.200000000000000000e+01 2.000000000000000000e+00
2.160000729295490771e+02 1.200000000000000000e+01 2.000000000000000000e+00
2.170000729295490203e+02 1.300000000000000000e+01 2.000000000000000000e+00
2.180000729295489634e+02 1.400000000000000000e+01 1.000000000000000000e+00
2.190000729295489066e+02 1.400000000000000000e+01 2.000000000000000000e+00
2.200000729295488497e+02 1.500000000000000000e+01 3.000000000000000000e+00
2.210000729295487929e+02 1.500000000000000000e+01 4.000000000000000000e+00
2.220000729295487361e+02 1.400000000000000000e+01 5.000000000000000000e+00
2.230000729295486792e+02 1.500000000000000000e+01 8.000000000000000000e+00
2.240000729295486224e+02 1.400000000000000000e+01 7.000000000000000000e+00
2.250000729295485655e+02 1.700000000000000000e+01 1.000000000000000000e+01
2.260000729295485087e+02 1.800000000000000000e+01 1.100000000000000000e+01
2.270000729295484518e+02 1.800000000000000000e+01 1.100000000000000000e+01
2.280000729295483950e+02 1.600000000000000000e+01 1.100000000000000000e+01
2.290000729295483382e+02 1.800000000000000000e+01 1.000000000000000000e+01
2.300000729295482813e+02 1.900000000000000000e+01 1.100000000000000000e+01
2.310000729295482245e+02 1.900000000000000000e+01 8.000000000000000000e+00
2.320000729295481676e+02 1.900000000000000000e+01 4.000000000000000000e+00
2.330000729295481108e+02 1.800000000000000000e+01 4.000000000000000000e+00
2.340000729295480539e+02 1.700000000000000000e+01 2.000000000000000000e+00
2.350000729295479971e+02 1.700000000000000000e+01 2.000000000000000000e+00
2.360000729295479402e+02 1.800000000000000000e+01 3.000000000000000000e+00
2.370000729295478834e+02 1.700000000000000000e+01 2.000000000000000000e+00
2.380000729295478266e+02 1.700000000000000000e+01 2.000000000000000000e+00
2.390000729295477697e+02 1.700000000000000000e+01 2.000000000000000000e+00
2.400000729295477129e+02 1.500000000000000000e+01 3.000000000000000000e+00
2.410000729295476560e+02 1.600000000000000000e+01 4.000000000000000000e+00
2.420000729295475992e+02 1.500000000000000000e+01 5.000000000000000000e+00
2.430000729295475423e+02 1.500000000000000000e+01 6.000000000000000000e+00
2.440000729295474855e+02 1.600000000000000000e+01 5.000000000000000000e+00
2.450000729295474287e+02 1.700000000000000000e+01 4.000000000000000000e+00
2.460000729295473718e+02 1.700000000000000000e+01 4.000000000000000000e+00
2.470000729295473150e+02 1.900000000000000000e+01 3.000000000000000000e+00
2.480000729295472581e+02 2.000000000000000000e+01 3.000000000000000000e+00
2.490000729295472013e+02 2.100000000000000000e+01 5.000000000000000000e+00
2.500000729295471444e+02 2.100000000000000000e+01 3.000000000000000000e+00
2.510000729295470876e+02 2.000000000000000000e+01 4.000000000000000000e+00
2.520000729295470308e+02 1.900000000000000000e+01 4.000000000000000000e+00
2.530000729295469739e+02 1.700000000000000000e+01 4.000000000000000000e+00
2.540000729295469171e+02 1.100000000000000000e+01 5.000000000000000000e+00
2.550000729295468602e+02 1.000000000000000000e+01 1.000000000000000000e+00
2.560000729295468318e+02 9.000000000000000000e+00 1.000000000000000000e+00
2.570000729295470592e+02 9.000000000000000000e+00 1.000000000000000000e+00
2.580000729295472865e+02 8.000000000000000000e+00 1.000000000000000000e+00
2.590000729295475139e+02 8.000000000000000000e+00 1.000000000000000000e+00
2.600000729295477413e+02 6.000000000000000000e+00 0.000000000000000000e+00
2.610000729295479687e+02 5.000000000000000000e+00 3.000000000000000000e+00
2.620000729295481960e+02 5.000000000000000000e+00 2.000000000000000000e+00
2.630000729295484234e+02 4.000000000000000000e+00 1.000000000000000000e+00
2.640000729295486508e+02 3.000000000000000000e+00 1.000000000000000000e+00
2.650000729295488782e+02 3.000000000000000000e+00 1.000000000000000000e+00
2.660000729295491055e+02 6.000000000000000000e+00 1.000000000000000000e+00
2.670000729295493329e+02 6.000000000000000000e+00 1.000000000000000000e+00
2.680000729295495603e+02 9.000000000000000000e+00 1.000000000000000000e+00
2.690000729295497877e+02 1.100000000000000000e+01 2.000000000000000000e+00
2.700000729295500150e+02 1.100000000000000000e+01 3.000000000000000000e+00
2.710000729295502424e+02 1.000000000000000000e+01 2.000000000000000000e+00
2.720000426532839697e+02 8.000000000000000000e+00 2.000000000000000000e+00
2.730000729295506972e+02 7.000000000000000000e+00 1.000000000000000000e+00
2.740000729295509245e+02 8.000000000000000000e+00 1.000000000000000000e+00
2.750000729295511519e+02 8.000000000000000000e+00 2.000000000000000000e+00
2.760000729295513793e+02 8.000000000000000000e+00 0.000000000000000000e+00
2.770000729295516066e+02 9.000000000000000000e+00 0.000000000000000000e+00
2.780000729295518340e+02 1.000000000000000000e+01 0.000000000000000000e+00
2.790000729295520614e+02 1.000000000000000000e+01 0.000000000000000000e+00
2.800000729295522888e+02 1.000000000000000000e+01 1.000000000000000000e+00
2.810000729295525161e+02 1.000000000000000000e+01 3.000000000000000000e+00
2.820000729295527435e+02 1.000000000000000000e+01 2.000000000000000000e+00
2.830000729295529709e+02 1.000000000000000000e+01 2.000000000000000000e+00
2.840000729295531983e+02 1.100000000000000000e+01 2.000000000000000000e+00
2.850000729295534256e+02 1.300000000000000000e+01 3.000000000000000000e+00
2.860000729295536530e+02 1.400000000000000000e+01 5.000000000000000000e+00
2.870000729295538804e+02 1.400000000000000000e+01 4.000000000000000000e+00
2.880000729295541078e+02 1.300000000000000000e+01 4.000000000000000000e+00
2.890000729295543351e+02 1.400000000000000000e+01 5.000000000000000000e+00
2.900000729295545625e+02 1.200000000000000000e+01 3.000000000000000000e+00
2.910000729295547899e+02 1.300000000000000000e+01 3.000000000000000000e+00
2.920000729295550173e+02 1.400000000000000000e+01 4.000000000000000000e+00
2.930000729295552446e+02 1.400000000000000000e+01 5.000000000000000000e+00
2.940000729295554720e+02 1.500000000000000000e+01 6.000000000000000000e+00
2.950000729295556994e+02 1.400000000000000000e+01 7.000000000000000000e+00
2.960000729295559267e+02 1.500000000000000000e+01 6.000000000000000000e+00
2.970000729295561541e+02 1.600000000000000000e+01 6.000000000000000000e+00
2.980000729295563815e+02 1.300000000000000000e+01 6.000000000000000000e+00
2.990000729295566089e+02 1.300000000000000000e+01 6.000000000000000000e+00
3.000000729295568362e+02 1.200000000000000000e+01 5.000000000000000000e+00
