0.000000000000000000e+00 0.000000000000000000e+00 0.000000000000000000e+00
1.000536623275424253e+00 0.000000000000000000e+00 0.000000000000000000e+00
2.000680392534127439e+00 0.000000000000000000e+00 0.000000000000000000e+00
3.000680392534128327e+00 1.000000000000000000e+00 1.000000000000000000e+00
4.000357589212648612e+00 1.000000000000000000e+00 1.000000000000000000e+00
5.000680392534125218e+00 1.000000000000000000e+00 1.000000000000000000e+00
6.000680392534121665e+00 1.000000000000000000e+00 1.000000000000000000e+00
7.000006288471507965e+00 2.000000000000000000e+00 2.000000000000000000e+00
8.000680392534114560e+00 6.000000000000000000e+00 6.000000000000000000e+00
9.000680392534111007e+00 8.000000000000000000e+00 8.000000000000000000e+00
1.000068039253410745e+01 9.000000000000000000e+00 9.000000000000000000e+00
1.100068039253410390e+01 8.000000000000000000e+00 8.000000000000000000e+00
1.200068039253410035e+01 8.000000000000000000e+00 8.000000000000000000e+00
1.300068039253409680e+01 8.000000000000000000e+00 8.000000000000000000e+00
1.400068039253409324e+01 8.000000000000000000e+00 8.000000000000000000e+00
1.500068039253408969e+01 8.000000000000000000e+00 8.000000000000000000e+00
1.600068039253408614e+01 9.000000000000000000e+00 9.000000000000000000e+00
1.700068039253410035e+01 9.000000000000000000e+00 9.000000000000000000e+00
1.800068039253411456e+01 1.000000000000000000e+01 1.000000000000000000e+01
1.900068039253412877e+01 9.000000000000000000e+00 9.000000000000000000e+00
2.000068039253414298e+01 6.000000000000000000e+00 6.000000000000000000e+00
2.100068039253415719e+01 7.000000000000000000e+00 7.000000000000000000e+00
2.200068039253417140e+01 6.000000000000000000e+00 6.000000000000000000e+00
2.300013660499848811e+01 7.000000000000000000e+00 7.000000000000000000e+00
2.400045844315716792e+01 6.000000000000000000e+00 6.000000000000000000e+00
2.500068039253421404e+01 6.000000000000000000e+00 6.000000000000000000e+00
2.600068039253422825e+01 6.000000000000000000e+00 5.000000000000000000e+00
2.700068039253424246e+01 8.000000000000000000e+00 7.000000000000000000e+00
2.800068039253425667e+01 7.000000000000000000e+00 6.000000000000000000e+00
2.900068039253427088e+01 9.000000000000000000e+00 9.000000000000000000e+00
3.000068039253428509e+01 8.000000000000000000e+00 8.000000000000000000e+00
3.100068039253429930e+01 9.000000000000000000e+00 8.000000000000000000e+00
3.200068039253431351e+01 9.000000000000000000e+00 8.000000000000000000e+00
3.300068039253432772e+01 1.000000000000000000e+01 9.000000000000000000e+00
3.400068039253434193e+01 9.000000000000000000e+00 8.000000000000000000e+00
3.500068039253435614e+01 1.000000000000000000e+01 9.000000000000000000e+00
3.600068039253437036e+01 1.200000000000000000e+01 1.100000000000000000e+01
3.700068039253438457e+01 1.300000000000000000e+01 1.200000000000000000e+01
3.800068039253439878e+01 1.400000000000000000e+01 1.100000000000000000e+01
3.900068039253441299e+01 1.500000000000000000e+01 1.100000000000000000e+01
4.000068039253442720e+01 1.500000000000000000e+01 1.000000000000000000e+01
4.100068039253444141e+01 1.600000000000000000e+01 1.100000000000000000e+01
4.200068039253445562e+01 1.600000000000000000e+01 1.100000000000000000e+01
4.300068039253446983e+01 1.900000000000000000e+01 1.400000000000000000e+01
4.400068039253448404e+01 1.900000000000000000e+01 1.300000000000000000e+01
4.500068039253449825e+01 1.900000000000000000e+01 1.300000000000000000e+01
4.600068039253451246e+01 1.900000000000000000e+01 1.300000000000000000e+01
4.700068039253452667e+01 1.700000000000000000e+01 1.400000000000000000e+01
4.800068039253454089e+01 1.600000000000000000e+01 1.300000000000000000e+01
4.900068039253455510e+01 1.800000000000000000e+01 1.400000000000000000e+01
5.000068039253456931e+01 1.600000000000000000e+01 1.400000000000000000e+01
5.100068039253458352e+01 1.800000000000000000e+01 1.600000000000000000e+01
5.200068039253459773e+01 1.700000000000000000e+01 1.600000000000000000e+01
5.300068039253461194e+01 1.800000000000000000e+01 1.400000000000000000e+01
5.400068039253462615e+01 2.000000000000000000e+01 9.000000000000000000e+00
5.500068039253464036e+01 1.900000000000000000e+01 7.000000000000000000e+00
5.600068039253465457e+01 2.200000000000000000e+01 9.000000000000000000e+00
5.700068039253466878e+01 2.100000000000000000e+01 8.000000000000000000e+00
5.800068039253468299e+01 2.200000000000000000e+01 6.000000000000000000e+00
5.900068039253469721e+01 2.300000000000000000e+01 7.000000000000000000e+00
6.000068039253471142e+01 2.200000000000000000e+01 6.000000000000000000e+00
6.100068039253472563e+01 2.300000000000000000e+01 6.000000000000000000e+00
6.200068039253473984e+01 2.700000000000000000e+01 7.000000000000000000e+00
6.300068039253475405e+01 2.700000000000000000e+01 7.000000000000000000e+00
6.400068039253476115e+01 2.800000000000000000e+01 7.000000000000000000e+00
6.500005632083993135e+01 2.700000000000000000e+01 7.000000000000000000e+00
6.600068039253464747e+01 1.800000000000000000e+01 5.000000000000000000e+00
6.700036555775075442e+01 1.900000000000000000e+01 4.000000000000000000e+00
6.800068039253453378e+01 1.500000000000000000e+01 4.000000000000000000e+00
6.900068039253447694e+01 1.600000000000000000e+01 4.000000000000000000e+00
7.000068039253442009e+01 1.500000000000000000e+01 4.000000000000000000e+00
7.100068039253436325e+01 1.500000000000000000e+01 5.000000000000000000e+00
7.200068039253430641e+01 1.500000000000000000e+01 4.000000000000000000e+00
7.300068039253424956e+01 1.500000000000000000e+01 4.000000000000000000e+00
7.400068039253419272e+01 1.400000000000000000e+01 4.000000000000000000e+00
7.500068039253413588e+01 1.400000000000000000e+01 4.000000000000000000e+00
7.600048072517591891e+01 1.500000000000000000e+01 4.000000000000000000e+00
7.700068039253402219e+01 1.700000000000000000e+01 3.000000000000000000e+00
7.800068039253396535e+01 1.700000000000000000e+01 1.000000000000000000e+00
7.900068039253390850e+01 1.900000000000000000e+01 3.000000000000000000e+00
8.000068039253385166e+01 1.900000000000000000e+01 2.000000000000000000e+00
8.100068039253379482e+01 2.000000000000000000e+01 2.000000000000000000e+00
8.200068039253373797e+01 2.000000000000000000e+01 2.000000000000000000e+00
8.300026257174735633e+01 2.000000000000000000e+01 1.000000000000000000e+00
8.400068039253362429e+01 2.100000000000000000e+01 1.000000000000000000e+00
8.500036126974681849e+01 2.200000000000000000e+01 2.000000000000000000e+00
8.600068039253351060e+01 2.300000000000000000e+01 4.000000000000000000e+00
8.700068039253345376e+01 2.300000000000000000e+01 4.000000000000000000e+00
8.800068039253339691e+01 2.400000000000000000e+01 5.000000000000000000e+00
8.900068039253334007e+01 2.400000000000000000e+01 5.000000000000000000e+00
9.000068039253328323e+01 2.400000000000000000e+01 6.000000000000000000e+00
9.100068039253322638e+01 2.400000000000000000e+01 4.000000000000000000e+00
9.200068039253316954e+01 2.200000000000000000e+01 4.000000000000000000e+00
9.300068039253311269e+01 2.000000000000000000e+01 4.000000000000000000e+00
9.400068039253305585e+01 2.000000000000000000e+01 4.000000000000000000e+00
9.500068039253299901e+01 2.100000000000000000e+01 5.000000000000000000e+00
9.600068039253294216e+01 2.000000000000000000e+01 5.000000000000000000e+00
9.700026874566833612e+01 2.100000000000000000e+01 6.000000000000000000e+00
9.800068039253282848e+01 2.200000000000000000e+01 8.000000000000000000e+00
9.900068039253277163e+01 2.500000000000000000e+01 1.000000000000000000e+01
1.000006803925327148e+02 2.500000000000000000e+01 9.000000000000000000e+00
1.010006803925326579e+02 2.700000000000000000e+01 9.000000000000000000e+00
1.020006803925326011e+02 2.600000000000000000e+01 9.000000000000000000e+00
1.030001055121234543e+02 2.700000000000000000e+01 1.000000000000000000e+01
1.040006803925324874e+02 2.800000000000000000e+01 1.100000000000000000e+01
1.050004095997662148e+02 2.600000000000000000e+01 1.100000000000000000e+01
1.060006803925323737e+02 2.700000000000000000e+01 1.400000000000000000e+01
1.070006803925323169e+02 2.700000000000000000e+01 1.300000000000000000e+01
1.080006803925322600e+02 2.700000000000000000e+01 1.300000000000000000e+01
1.090006803925322032e+02 2.800000000000000000e+01 1.400000000000000000e+01
1.100006803925321464e+02 2.700000000000000000e+01 1.300000000000000000e+01
1.110006803925320895e+02 2.500000000000000000e+01 1.400000000000000000e+01
1.120006803925320327e+02 2.500000000000000000e+01 1.100000000000000000e+01
1.130006803925319758e+02 2.200000000000000000e+01 9.000000000000000000e+00
1.140006803925319190e+02 1.900000000000000000e+01 7.000000000000000000e+00
1.150006803925318621e+02 1.400000000000000000e+01 8.000000000000000000e+00
1.160006803925318053e+02 1.200000000000000000e+01 3.000000000000000000e+00
1.170006803925317485e+02 1.100000000000000000e+01 2.000000000000000000e+00
1.180006803925316916e+02 1.300000000000000000e+01 5.000000000000000000e+00
1.190006803925316348e+02 1.200000000000000000e+01 5.000000000000000000e+00
1.200006803925315779e+02 1.200000000000000000e+01 5.000000000000000000e+00
1.210006803925315211e+02 1.200000000000000000e+01 4.000000000000000000e+00
1.220006803925314642e+02 1.200000000000000000e+01 4.000000000000000000e+00
1.230006803925314074e+02 1.200000000000000000e+01 4.000000000000000000e+00
1.240006803925313505e+02 1.400000000000000000e+01 5.000000000000000000e+00
1.250006803925312937e+02 1.400000000000000000e+01 4.000000000000000000e+00
1.260006803925312369e+02 1.400000000000000000e+01 4.000000000000000000e+00
1.270006803925311800e+02 1.400000000000000000e+01 4.000000000000000000e+00
1.280001212175315004e+02 1.300000000000000000e+01 6.000000000000000000e+00
1.290006803925310805e+02 1.200000000000000000e+01 6.000000000000000000e+00
1.300006803925310237e+02 1.300000000000000000e+01 5.000000000000000000e+00
1.310006803925309669e+02 1.400000000000000000e+01 7.000000000000000000e+00
1.320006803925309100e+02 1.200000000000000000e+01 6.000000000000000000e+00
1.330000060421185140e+02 1.300000000000000000e+01 5.000000000000000000e+00
1.340001529130194058e+02 1.300000000000000000e+01 7.000000000000000000e+00
1.350006803925307395e+02 1.100000000000000000e+01 8.000000000000000000e+00
1.360006803925306826e+02 1.000000000000000000e+01 9.000000000000000000e+00
1.370006803925306258e+02 1.100000000000000000e+01 1.000000000000000000e+01
1.380006803925305690e+02 1.300000000000000000e+01 1.000000000000000000e+01
1.390006803925305121e+02 1.600000000000000000e+01 1.000000000000000000e+01
1.400006803925304553e+02 1.600000000000000000e+01 1.200000000000000000e+01
1.410006803925303984e+02 1.700000000000000000e+01 1.300000000000000000e+01
1.420006803925303416e+02 1.700000000000000000e+01 1.200000000000000000e+01
1.430006803925302847e+02 1.500000000000000000e+01 1.200000000000000000e+01
1.440006803925302279e+02 1.600000000000000000e+01 1.100000000000000000e+01
1.450006803925301710e+02 1.500000000000000000e+01 1.100000000000000000e+01
1.460006803925301142e+02 1.400000000000000000e+01 1.100000000000000000e+01
1.470006803925300574e+02 1.300000000000000000e+01 1.000000000000000000e+01
1.480006803925300005e+02 1.300000000000000000e+01 1.000000000000000000e+01
1.490006803925299437e+02 1.300000000000000000e+01 9.000000000000000000e+00
1.500005132914460262e+02 1.300000000000000000e+01 8.000000000000000000e+00
1.510006803925298300e+02 1.500000000000000000e+01 8.000000000000000000e+00
1.520006803925297731e+02 1.500000000000000000e+01 7.000000000000000000e+00
1.530005340156973546e+02 1.500000000000000000e+01 1.000000000000000000e+01
1.540006803925296595e+02 1.500000000000000000e+01 7.000000000000000000e+00
1.550004444653167184e+02 1.500000000000000000e+01 6.000000000000000000e+00
1.560006803925295458e+02 1.500000000000000000e+01 7.000000000000000000e+00
1.570006803925294889e+02 1.600000000000000000e+01 7.000000000000000000e+00
1.580006803925294321e+02 1.600000000000000000e+01 8.000000000000000000e+00
1.590006803925293752e+02 1.700000000000000000e+01 9.000000000000000000e+00
1.600006803925293184e+02 1.500000000000000000e+01 1.100000000000000000e+01
1.610004283174704085e+02 1.300000000000000000e+01 1.100000000000000000e+01
1.620002919566699973e+02 1.300000000000000000e+01 1.200000000000000000e+01
1.630006803925291479e+02 1.400000000000000000e+01 1.300000000000000000e+01
1.640006803925290910e+02 1.600000000000000000e+01 1.200000000000000000e+01
1.650006803925290342e+02 1.600000000000000000e+01 1.100000000000000000e+01
1.660003785753418697e+02 1.600000000000000000e+01 1.000000000000000000e+01
1.670006803925289205e+02 1.600000000000000000e+01 1.100000000000000000e+01
1.680001349098238279e+02 1.600000000000000000e+01 7.000000000000000000e+00
1.690006803925288068e+02 1.600000000000000000e+01 6.000000000000000000e+00
1.700006803925287500e+02 1.700000000000000000e+01 6.000000000000000000e+00
1.710006803925286931e+02 1.800000000000000000e+01 5.000000000000000000e+00
1.720006803925286363e+02 1.600000000000000000e+01 3.000000000000000000e+00
1.730006803925285794e+02 1.100000000000000000e+01 3.000000000000000000e+00
1.740006803925285226e+02 1.000000000000000000e+01 3.000000000000000000e+00
1.750006803925284657e+02 1.000000000000000000e+01 5.000000000000000000e+00
1.760006803925284089e+02 1.100000000000000000e+01 6.000000000000000000e+00
1.770006803925283521e+02 1.300000000000000000e+01 5.000000000000000000e+00
1.780006803925282952e+02 1.100000000000000000e+01 5.000000000000000000e+00
1.790006803925282384e+02 1.100000000000000000e+01 5.000000000000000000e+00
1.800006803925281815e+02 1.200000000000000000e+01 6.000000000000000000e+00
1.810006803925281247e+02 1.100000000000000000e+01 7.000000000000000000e+00
1.820006803925280678e+02 1.100000000000000000e+01 5.000000000000000000e+00
1.830006803925280110e+02 1.000000000000000000e+01 6.000000000000000000e+00
1.840006803925279542e+02 1.000000000000000000e+01 6.000000000000000000e+00
1.850006803925278973e+02 8.000000000000000000e+00 6.000000000000000000e+00
1.860006803925278405e+02 7.000000000000000000e+00 6.000000000000000000e+00
1.870002960675954853e+02 7.000000000000000000e+00 5.000000000000000000e+00
1.880006803925277268e+02 7.000000000000000000e+00 5.000000000000000000e+00
1.890006803925276699e+02 5.000000000000000000e+00 5.000000000000000000e+00
1.900006803925276131e+02 2.000000000000000000e+00 5.000000000000000000e+00
1.910006803925275563e+02 1.000000000000000000e+00 6.000000000000000000e+00
1.920002587519961708e+02 2.000000000000000000e+00 8.000000000000000000e+00
1.930006803925274426e+02 1.000000000000000000e+00 9.000000000000000000e+00
1.940006803925273857e+02 0.000000000000000000e+00 9.000000000000000000e+00
1.950006803925273289e+02 0.000000000000000000e+00 9.000000000000000000e+00
1.960006803925272720e+02 0.000000000000000000e+00 9.000000000000000000e+00
1.970006803925272152e+02 0.000000000000000000e+00 1.000000000000000000e+01
1.980006803925271583e+02 0.000000000000000000e+00 1.100000000000000000e+01
1.990006803925271015e+02 0.000000000000000000e+00 1.100000000000000000e+01
2.000003856566192724e+02 1.000000000000000000e+00 1.200000000000000000e+01
2.010000167501267470e+02 1.000000000000000000e+00 1.100000000000000000e+01
2.020006803925269310e+02 2.000000000000000000e+00 1.100000000000000000e+01
2.030006803925268741e+02 2.000000000000000000e+00 1.400000000000000000e+01
2.040006803925268173e+02 2.000000000000000000e+00 1.600000000000000000e+01
2.050006803925267604e+02 4.000000000000000000e+00 1.600000000000000000e+01
2.060005375068208764e+02 5.000000000000000000e+00 1.800000000000000000e+01
2.070006803925266468e+02 7.000000000000000000e+00 1.900000000000000000e+01
2.080006803925265899e+02 5.000000000000000000e+00 2.000000000000000000e+01
2.090002582094213892e+02 4.000000000000000000e+00 2.000000000000000000e+01
2.100006803925264762e+02 4.000000000000000000e+00 2.000000000000000000e+01
2.110006803925264194e+02 4.000000000000000000e+00 2.100000000000000000e+01
2.120006803925263625e+02 4.000000000000000000e+00 2.100000000000000000e+01
2.130006803925263057e+02 5.000000000000000000e+00 2.100000000000000000e+01
2.140006803925262489e+02 4.000000000000000000e+00 2.100000000000000000e+01
2.150006803925261920e+02 5.000000000000000000e+00 2.200000000000000000e+01
2.160000405455766099e+02 5.000000000000000000e+00 2.200000000000000000e+01
2.170004653812847835e+02 5.000000000000000000e+00 2.300000000000000000e+01
2.180006803925260215e+02 6.000000000000000000e+00 2.300000000000000000e+01
2.190006803925259646e+02 7.000000000000000000e+00 2.400000000000000000e+01
2.200006803925259078e+02 8.000000000000000000e+00 2.400000000000000000e+01
2.210006803925258509e+02 8.000000000000000000e+00 2.400000000000000000e+01
2.220006803925257941e+02 9.000000000000000000e+00 2.500000000000000000e+01
2.230006803925257373e+02 1.100000000000000000e+01 2.700000000000000000e+01
2.240006803925256804e+02 1.100000000000000000e+01 2.800000000000000000e+01
2.250006803925256236e+02 1.200000000000000000e+01 3.200000000000000000e+01
2.260006803925255667e+02 8.000000000000000000e+00 3.300000000000000000e+01
2.270006803925255099e+02 4.000000000000000000e+00 3.300000000000000000e+01
2.280000046991829379e+02 3.000000000000000000e+00 3.100000000000000000e+01
2.290006803925253962e+02 3.000000000000000000e+00 2.700000000000000000e+01
2.300006803925253394e+02 4.000000000000000000e+00 2.700000000000000000e+01
2.310006803925252825e+02 4.000000000000000000e+00 2.700000000000000000e+01
2.320006803925252257e+02 4.000000000000000000e+00 2.700000000000000000e+01
2.330006803925251688e+02 7.000000000000000000e+00 2.800000000000000000e+01
2.340006803925251120e+02 8.000000000000000000e+00 2.800000000000000000e+01
2.350006803925250551e+02 7.000000000000000000e+00 2.900000000000000000e+01
2.360006803925249983e+02 8.000000000000000000e+00 2.800000000000000000e+01
2.370006803925249415e+02 9.000000000000000000e+00 2.900000000000000000e+01
2.380006803925248846e+02 7.000000000000000000e+00 2.900000000000000000e+01
2.390006803925248278e+02 8.000000000000000000e+00 3.000000000000000000e+01
2.400006803925247709e+02 6.000000000000000000e+00 2.900000000000000000e+01
2.410006803925247141e+02 8.000000000000000000e+00 2.900000000000000000e+01
2.420006803925246572e+02 8.000000000000000000e+00 3.100000000000000000e+01
2.430006803925246004e+02 6.000000000000000000e+00 3.100000000000000000e+01
2.440006803925245435e+02 8.000000000000000000e+00 3.200000000000000000e+01
2.450006803925244867e+02 8.000000000000000000e+00 3.200000000000000000e+01
2.460002944454276417e+02 1.200000000000000000e+01 3.100000000000000000e+01
2.470006803925243730e+02 1.200000000000000000e+01 2.700000000000000000e+01
2.480006803925243162e+02 1.200000000000000000e+01 2.500000000000000000e+01
2.490006803925242593e+02 1.200000000000000000e+01 2.700000000000000000e+01
2.500006803925242025e+02 8.000000000000000000e+00 2.800000000000000000e+01
2.510006803925241456e+02 9.000000000000000000e+00 2.700000000000000000e+01
2.520006803925240888e+02 8.000000000000000000e+00 2.600000000000000000e+01
2.530006803925240320e+02 9.000000000000000000e+00 2.800000000000000000e+01
2.540006803925239751e+02 9.000000000000000000e+00 2.700000000000000000e+01
2.550006803925239183e+02 1.300000000000000000e+01 2.800000000000000000e+01
2.560006803925238614e+02 1.400000000000000000e+01 2.900000000000000000e+01
2.570006803925240888e+02 1.300000000000000000e+01 3.000000000000000000e+01
2.580006803925243162e+02 1.400000000000000000e+01 3.000000000000000000e+01
2.590006803925245435e+02 1.100000000000000000e+01 3.200000000000000000e+01
2.600006803925247709e+02 1.100000000000000000e+01 3.200000000000000000e+01
2.610006803925249983e+02 1.100000000000000000e+01 3.200000000000000000e+01
2.620006803925252257e+02 1.200000000000000000e+01 3.200000000000000000e+01
2.630006803925254530e+02 1.000000000000000000e+01 2.800000000000000000e+01
2.640006803925256804e+02 1.000000000000000000e+01 2.600000000000000000e+01
2.650006803925259078e+02 1.000000000000000000e+01 2.600000000000000000e+01
2.660006803925261352e+02 1.000000000000000000e+01 2.700000000000000000e+01
2.670006803925263625e+02 1.000000000000000000e+01 2.700000000000000000e+01
2.680006803925265899e+02 1.000000000000000000e+01 2.900000000000000000e+01
2.690006185454742536e+02 1.200000000000000000e+01 2.800000000000000000e+01
2.700006803925270447e+02 1.200000000000000000e+01 2.800000000000000000e+01
2.710006803925272720e+02 1.300000000000000000e+01 2.800000000000000000e+01
2.720006803925274994e+02 1.700000000000000000e+01 2.700000000000000000e+01
2.730006803925277268e+02 1.600000000000000000e+01 2.600000000000000000e+01
2.740006803925279542e+02 1.600000000000000000e+01 2.600000000000000000e+01
2.750006803925281815e+02 1.600000000000000000e+01 2.700000000000000000e+01
2.760006803925284089e+02 1.800000000000000000e+01 2.500000000000000000e+01
2.770006803925286363e+02 1.800000000000000000e+01 1.700000000000000000e+01
2.780006803925288636e+02 1.900000000000000000e+01 1.700000000000000000e+01
2.790006803925290910e+02 2.000000000000000000e+01 1.700000000000000000e+01
2.800006803925293184e+02 2.000000000000000000e+01 1.700000000000000000e+01
2.810005286483236659e+02 2.000000000000000000e+01 1.600000000000000000e+01
2.820006803925297731e+02 2.100000000000000000e+01 1.600000000000000000e+01
2.830006803925300005e+02 2.100000000000000000e+01 1.500000000000000000e+01
2.840006803925302279e+02 2.200000000000000000e+01 1.300000000000000000e+01
2.850006803925304553e+02 2.200000000000000000e+01 1.000000000000000000e+01
2.860006803925306826e+02 2.000000000000000000e+01 1.000000000000000000e+01
2.870000454637000189e+02 2.000000000000000000e+01 9.000000000000000000e+00
2.880006803925311374e+02 1.900000000000000000e+01 9.000000000000000000e+00
2.890006803925313648e+02 1.800000000000000000e+01 9.000000000000000000e+00
2.900001656578697862e+02 1.200000000000000000e+01 9.000000000000000000e+00
2.910006803925318195e+02 1.300000000000000000e+01 8.000000000000000000e+00
2.920006803925320469e+02 1.200000000000000000e+01 8.000000000000000000e+00
2.930006803925322743e+02 1.200000000000000000e+01 8.000000000000000000e+00
2.940006803925325016e+02 1.200000000000000000e+01 9.000000000000000000e+00
2.950006803925327290e+02 1.100000000000000000e+01 9.000000000000000000e+00
2.960006803925329564e+02 1.200000000000000000e+01 1.000000000000000000e+01
2.970006803925331837e+02 1.400000000000000000e+01 1.000000000000000000e+01
2.980006803925334111e+02 1.200000000000000000e+01 1.000000000000000000e+01
2.990006803925336385e+02 1.200000000000000000e+01 1.100000000000000000e+01
3.000006803925338659e+02 1.400000000000000000e+01 1.100000000000000000e+01
