0.000000000000000000e+00 0.000000000000000000e+00 0.000000000000000000e+00
1.000133507363264007e+00 0.000000000000000000e+00 0.000000000000000000e+00
2.000133507363264673e+00 0.000000000000000000e+00 0.000000000000000000e+00
3.000133507363265561e+00 0.000000000000000000e+00 0.000000000000000000e+00
4.000133507363266006e+00 2.000000000000000000e+00 2.000000000000000000e+00
5.000133507363262453e+00 2.000000000000000000e+00 2.000000000000000000e+00
6.000044506900117369e+00 2.000000000000000000e+00 2.000000000000000000e+00
7.000133507363255347e+00 3.000000000000000000e+00 3.000000000000000000e+00
8.000133507363251795e+00 3.000000000000000000e+00 3.000000000000000000e+00
9.000133507363248242e+00 4.000000000000000000e+00 4.000000000000000000e+00
1.000013350736324469e+01 5.000000000000000000e+00 5.000000000000000000e+00
1.100013350736324114e+01 6.000000000000000000e+00 6.000000000000000000e+00
1.200013350736323758e+01 7.000000000000000000e+00 7.000000000000000000e+00
1.300013350736323403e+01 6.000000000000000000e+00 6.000000000000000000e+00
1.400013350736323048e+01 6.000000000000000000e+00 6.000000000000000000e+00
1.500000688296920970e+01 7.000000000000000000e+00 7.000000000000000000e+00
1.600013350736322337e+01 9.000000000000000000e+00 9.000000000000000000e+00
1.700013350736323758e+01 1.000000000000000000e+01 1.000000000000000000e+01
1.800013350736325179e+01 1.000000000000000000e+01 1.000000000000000000e+01
1.900013350736326601e+01 1.100000000000000000e+01 1.100000000000000000e+01
2.000013350736328022e+01 1.000000000000000000e+01 1.000000000000000000e+01
2.100013350736329443e+01 1.100000000000000000e+01 1.100000000000000000e+01
2.200013350736330864e+01 1.200000000000000000e+01 1.200000000000000000e+01
2.300013350736332285e+01 1.200000000000000000e+01 1.200000000000000000e+01
2.400013350736333706e+01 1.200000000000000000e+01 1.200000000000000000e+01
2.500013350736335127e+01 1.200000000000000000e+01 1.200000000000000000e+01
2.600013350736336548e+01 1.300000000000000000e+01 1.300000000000000000e+01
2.700013350736337969e+01 1.300000000000000000e+01 1.200000000000000000e+01
2.800013350736339390e+01 1.200000000000000000e+01 1.200000000000000000e+01
2.900013350736340811e+01 1.100000000000000000e+01 1.100000000000000000e+01
3.000013350736342232e+01 1.200000000000000000e+01 1.400000000000000000e+01
3.100009977749990142e+01 1.300000000000000000e+01 1.300000000000000000e+01
3.200013350736345075e+01 1.300000000000000000e+01 1.200000000000000000e+01
3.300013350736346496e+01 1.300000000000000000e+01 1.200000000000000000e+01
3.400013350736347917e+01 1.300000000000000000e+01 1.200000000000000000e+01
3.500013350736349338e+01 1.300000000000000000e+01 1.200000000000000000e+01
3.600013350736350759e+01 1.400000000000000000e+01 1.300000000000000000e+01
3.700013350736352180e+01 1.500000000000000000e+01 1.400000000000000000e+01
3.800013350736353601e+01 1.400000000000000000e+01 1.000000000000000000e+01
3.900013350736355022e+01 1.500000000000000000e+01 1.000000000000000000e+01
4.000013350736356443e+01 1.200000000000000000e+01 9.000000000000000000e+00
4.100013350736357864e+01 9.000000000000000000e+00 1.000000000000000000e+01
4.200013350736359286e+01 8.000000000000000000e+00 1.000000000000000000e+01
4.300013350736360707e+01 8.000000000000000000e+00 1.100000000000000000e+01
4.400013350736362128e+01 2.000000000000000000e+00 8.000000000000000000e+00
4.500013350736363549e+01 3.000000000000000000e+00 1.000000000000000000e+01
4.600013350736364970e+01 1.000000000000000000e+00 9.000000000000000000e+00
4.700013350736366391e+01 0.000000000000000000e+00 7.000000000000000000e+00
4.800013350736367812e+01 0.000000000000000000e+00 6.000000000000000000e+00
4.900013350736369233e+01 2.000000000000000000e+00 6.000000000000000000e+00
5.000013350736370654e+01 1.000000000000000000e+00 6.000000000000000000e+00
5.100013350736372075e+01 2.000000000000000000e+00 7.000000000000000000e+00
5.200013350736373496e+01 0.000000000000000000e+00 3.000000000000000000e+00
5.300013350736374917e+01 0.000000000000000000e+00 1.000000000000000000e+00
5.400013350736376339e+01 0.000000000000000000e+00 3.000000000000000000e+00
5.500013350736377760e+01 0.000000000000000000e+00 2.000000000000000000e+00
5.600013350736379181e+01 1.000000000000000000e+00 1.000000000000000000e+00
5.700013350736380602e+01 0.000000000000000000e+00 0.000000000000000000e+00
5.800013350736382023e+01 1.000000000000000000e+00 1.000000000000000000e+00
5.900013350736383444e+01 1.000000000000000000e+00 1.000000000000000000e+00
6.000013350736384865e+01 4.000000000000000000e+00 2.000000000000000000e+00
6.100013350736386286e+01 4.000000000000000000e+00 1.000000000000000000e+00
6.200013350736387707e+01 4.000000000000000000e+00 1.000000000000000000e+00
6.300013350736389128e+01 7.000000000000000000e+00 5.000000000000000000e+00
6.400013350736389839e+01 9.000000000000000000e+00 6.000000000000000000e+00
6.500013350736384155e+01 1.100000000000000000e+01 8.000000000000000000e+00
6.600013350736378470e+01 1.300000000000000000e+01 1.000000000000000000e+01
6.700013350736372786e+01 1.200000000000000000e+01 1.000000000000000000e+01
6.800013350736367101e+01 1.300000000000000000e+01 9.000000000000000000e+00
6.900013350736361417e+01 1.100000000000000000e+01 8.000000000000000000e+00
7.000013350736355733e+01 1.100000000000000000e+01 9.000000000000000000e+00
7.100013350736350048e+01 1.100000000000000000e+01 9.000000000000000000e+00
7.200013350736344364e+01 1.000000000000000000e+01 9.000000000000000000e+00
7.300013350736338680e+01 1.000000000000000000e+01 7.000000000000000000e+00
7.400013350736332995e+01 1.200000000000000000e+01 8.000000000000000000e+00
7.500013350736327311e+01 1.100000000000000000e+01 7.000000000000000000e+00
7.600013350736321627e+01 1.100000000000000000e+01 6.000000000000000000e+00
7.700013350736315942e+01 1.200000000000000000e+01 7.000000000000000000e+00
7.800013350736310258e+01 1.200000000000000000e+01 8.000000000000000000e+00
7.900013350736304574e+01 1.200000000000000000e+01 8.000000000000000000e+00
8.000013350736298889e+01 1.000000000000000000e+01 9.000000000000000000e+00
8.100013350736293205e+01 8.000000000000000000e+00 9.000000000000000000e+00
8.200013350736287521e+01 6.000000000000000000e+00 9.000000000000000000e+00
8.300013350736281836e+01 2.000000000000000000e+00 9.000000000000000000e+00
8.400013350736276152e+01 2.000000000000000000e+00 9.000000000000000000e+00
8.500013350736270468e+01 3.000000000000000000e+00 9.000000000000000000e+00
8.600013350736264783e+01 2.000000000000000000e+00 9.000000000000000000e+00
8.700013350736259099e+01 4.000000000000000000e+00 1.000000000000000000e+01
8.800013350736253415e+01 3.000000000000000000e+00 1.000000000000000000e+01
8.900013350736247730e+01 7.000000000000000000e+00 1.100000000000000000e+01
9.000013350736242046e+01 4.000000000000000000e+00 1.200000000000000000e+01
9.100013350736236362e+01 2.000000000000000000e+00 1.300000000000000000e+01
9.200013350736230677e+01 3.000000000000000000e+00 1.400000000000000000e+01
9.300013350736224993e+01 3.000000000000000000e+00 1.500000000000000000e+01
9.400013350736219309e+01 2.000000000000000000e+00 1.500000000000000000e+01
9.500013350736213624e+01 2.000000000000000000e+00 1.300000000000000000e+01
9.600013350736207940e+01 4.000000000000000000e+00 1.300000000000000000e+01
9.700013350736202256e+01 5.000000000000000000e+00 1.400000000000000000e+01
9.800013350736196571e+01 5.000000000000000000e+00 1.600000000000000000e+01
9.900013350736190887e+01 7.000000000000000000e+00 1.700000000000000000e+01
1.000001335073618520e+02 8.000000000000000000e+00 1.800000000000000000e+01
1.010001335073617952e+02 8.000000000000000000e+00 1.800000000000000000e+01
1.020001335073617383e+02 6.000000000000000000e+00 2.000000000000000000e+01
1.030001335073616815e+02 4.000000000000000000e+00 1.900000000000000000e+01
1.040001335073616247e+02 3.000000000000000000e+00 1.800000000000000000e+01
1.050001335073615678e+02 5.000000000000000000e+00 2.000000000000000000e+01
1.060001335073615110e+02 4.000000000000000000e+00 1.800000000000000000e+01
1.070001335073614541e+02 5.000000000000000000e+00 1.600000000000000000e+01
1.080001335073613973e+02 5.000000000000000000e+00 1.400000000000000000e+01
1.090001335073613404e+02 5.000000000000000000e+00 1.300000000000000000e+01
1.100001335073612836e+02 5.000000000000000000e+00 1.200000000000000000e+01
1.110001335073612267e+02 5.000000000000000000e+00 1.400000000000000000e+01
1.120001335073611699e+02 5.000000000000000000e+00 1.300000000000000000e+01
1.130001335073611131e+02 4.000000000000000000e+00 1.400000000000000000e+01
1.140001335073610562e+02 4.000000000000000000e+00 1.300000000000000000e+01
1.150001335073609994e+02 5.000000000000000000e+00 1.500000000000000000e+01
1.160001335073609425e+02 7.000000000000000000e+00 1.700000000000000000e+01
1.170001335073608857e+02 7.000000000000000000e+00 1.700000000000000000e+01
1.180001335073608288e+02 7.000000000000000000e+00 1.700000000000000000e+01
1.190001335073607720e+02 5.000000000000000000e+00 1.600000000000000000e+01
1.200001335073607152e+02 3.000000000000000000e+00 1.500000000000000000e+01
1.210001335073606583e+02 1.000000000000000000e+00 1.500000000000000000e+01
1.220001335073606015e+02 1.000000000000000000e+00 1.200000000000000000e+01
1.230001335073605446e+02 0.000000000000000000e+00 1.400000000000000000e+01
1.240001335073604878e+02 0.000000000000000000e+00 1.400000000000000000e+01
1.250001335073604309e+02 2.000000000000000000e+00 1.500000000000000000e+01
1.260001335073603741e+02 1.000000000000000000e+00 1.600000000000000000e+01
1.270001335073603173e+02 1.000000000000000000e+00 1.500000000000000000e+01
1.280001335073602604e+02 3.000000000000000000e+00 1.300000000000000000e+01
1.290001335073602036e+02 2.000000000000000000e+00 1.000000000000000000e+01
1.300001335073601467e+02 1.000000000000000000e+00 9.000000000000000000e+00
1.310001335073600899e+02 1.000000000000000000e+00 5.000000000000000000e+00
1.320001335073600330e+02 2.000000000000000000e+00 5.000000000000000000e+00
1.330001335073599762e+02 1.000000000000000000e+00 4.000000000000000000e+00
1.340001335073599193e+02 3.000000000000000000e+00 6.000000000000000000e+00
1.350001335073598625e+02 3.000000000000000000e+00 7.000000000000000000e+00
1.360001335073598057e+02 4.000000000000000000e+00 7.000000000000000000e+00
1.370001335073597488e+02 5.000000000000000000e+00 9.000000000000000000e+00
1.380001335073596920e+02 6.000000000000000000e+00 1.000000000000000000e+01
1.390001335073596351e+02 7.000000000000000000e+00 9.000000000000000000e+00
1.400001335073595783e+02 8.000000000000000000e+00 1.100000000000000000e+01
1.410001335073595214e+02 9.000000000000000000e+00 8.000000000000000000e+00
1.420001335073594646e+02 8.000000000000000000e+00 7.000000000000000000e+00
1.430001335073594078e+02 8.000000000000000000e+00 6.000000000000000000e+00
1.440001335073593509e+02 1.000000000000000000e+01 8.000000000000000000e+00
1.450001335073592941e+02 1.200000000000000000e+01 9.000000000000000000e+00
1.460001335073592372e+02 1.200000000000000000e+01 1.000000000000000000e+01
1.470001335073591804e+02 1.000000000000000000e+01 1.000000000000000000e+01
1.480001335073591235e+02 1.000000000000000000e+01 1.200000000000000000e+01
1.490001335073590667e+02 1.100000000000000000e+01 1.200000000000000000e+01
1.500001335073590099e+02 1.100000000000000000e+01 1.100000000000000000e+01
1.510001335073589530e+02 1.200000000000000000e+01 1.200000000000000000e+01
1.520001335073588962e+02 1.200000000000000000e+01 1.500000000000000000e+01
1.530001335073588393e+02 1.200000000000000000e+01 1.300000000000000000e+01
1.540001335073587825e+02 1.300000000000000000e+01 1.300000000000000000e+01
1.550001335073587256e+02 1.300000000000000000e+01 1.300000000000000000e+01
1.560001335073586688e+02 1.200000000000000000e+01 9.000000000000000000e+00
1.570001335073586120e+02 1.200000000000000000e+01 7.000000000000000000e+00
1.580001335073585551e+02 1.200000000000000000e+01 8.000000000000000000e+00
1.590001335073584983e+02 1.100000000000000000e+01 1.000000000000000000e+01
1.600001335073584414e+02 1.100000000000000000e+01 1.000000000000000000e+01
1.610001335073583846e+02 1.100000000000000000e+01 1.000000000000000000e+01
1.620001335073583277e+02 1.000000000000000000e+01 1.100000000000000000e+01
1.630001335073582709e+02 9.000000000000000000e+00 1.100000000000000000e+01
1.640001335073582140e+02 1.000000000000000000e+01 1.200000000000000000e+01
1.650001335073581572e+02 9.000000000000000000e+00 1.200000000000000000e+01
1.660001191779305145e+02 1.100000000000000000e+01 1.100000000000000000e+01
1.670001335073580435e+02 8.000000000000000000e+00 1.200000000000000000e+01
1.680001335073579867e+02 6.000000000000000000e+00 1.200000000000000000e+01
1.690001335073579298e+02 7.000000000000000000e+00 1.100000000000000000e+01
1.700001335073578730e+02 7.000000000000000000e+00 1.000000000000000000e+01
1.710001335073578161e+02 9.000000000000000000e+00 1.100000000000000000e+01
1.720001335073577593e+02 1.000000000000000000e+01 1.300000000000000000e+01
1.730001335073577025e+02 8.000000000000000000e+00 1.400000000000000000e+01
1.740001335073576456e+02 8.000000000000000000e+00 1.100000000000000000e+01
1.750001335073575888e+02 8.000000000000000000e+00 1.300000000000000000e+01
1.760001335073575319e+02 8.000000000000000000e+00 1.300000000000000000e+01
1.770001335073574751e+02 6.000000000000000000e+00 1.300000000000000000e+01
1.780001335073574182e+02 8.000000000000000000e+00 1.300000000000000000e+01
1.790001335073573614e+02 9.000000000000000000e+00 1.400000000000000000e+01
1.800001335073573046e+02 9.000000000000000000e+00 1.500000000000000000e+01
1.810001335073572477e+02 1.200000000000000000e+01 1.500000000000000000e+01
1.820001335073571909e+02 1.200000000000000000e+01 1.400000000000000000e+01
1.830001335073571340e+02 1.400000000000000000e+01 1.400000000000000000e+01
1.840001335073570772e+02 1.500000000000000000e+01 1.200000000000000000e+01
1.850001335073570203e+02 1.500000000000000000e+01 1.100000000000000000e+01
1.860000672767418450e+02 1.600000000000000000e+01 1.200000000000000000e+01
1.870001335073569066e+02 1.700000000000000000e+01 1.300000000000000000e+01
1.880001335073568498e+02 1.800000000000000000e+01 1.200000000000000000e+01
1.890001335073567930e+02 1.800000000000000000e+01 1.100000000000000000e+01
1.900001335073567361e+02 2.000000000000000000e+01 1.400000000000000000e+01
1.910001335073566793e+02 1.800000000000000000e+01 1.400000000000000000e+01
1.920001335073566224e+02 1.700000000000000000e+01 1.600000000000000000e+01
1.930001335073565656e+02 1.600000000000000000e+01 1.600000000000000000e+01
1.940000696134456462e+02 1.600000000000000000e+01 1.600000000000000000e+01
1.950001335073564519e+02 1.300000000000000000e+01 1.600000000000000000e+01
1.960001335073563951e+02 1.300000000000000000e+01 1.700000000000000000e+01
1.970001335073563382e+02 1.300000000000000000e+01 1.800000000000000000e+01
1.980001335073562814e+02 1.200000000000000000e+01 1.700000000000000000e+01
1.990001335073562245e+02 1.200000000000000000e+01 1.700000000000000000e+01
2.000001335073561677e+02 1.100000000000000000e+01 1.600000000000000000e+01
2.010001335073561108e+02 1.200000000000000000e+01 1.500000000000000000e+01
2.020001335073560540e+02 1.400000000000000000e+01 1.500000000000000000e+01
2.030001335073559972e+02 1.200000000000000000e+01 1.500000000000000000e+01
2.040001335073559403e+02 1.100000000000000000e+01 1.200000000000000000e+01
2.050001335073558835e+02 1.100000000000000000e+01 1.100000000000000000e+01
2.060001335073558266e+02 1.100000000000000000e+01 1.000000000000000000e+01
2.070001335073557698e+02 1.100000000000000000e+01 1.100000000000000000e+01
2.080001335073557129e+02 1.200000000000000000e+01 1.300000000000000000e+01
2.090001335073556561e+02 1.300000000000000000e+01 1.100000000000000000e+01
2.100001335073555992e+02 1.300000000000000000e+01 1.000000000000000000e+01
2.110001335073555424e+02 1.300000000000000000e+01 1.200000000000000000e+01
2.120001335073554856e+02 1.500000000000000000e+01 1.200000000000000000e+01
2.130001335073554287e+02 1.500000000000000000e+01 1.200000000000000000e+01
2.140001335073553719e+02 1.600000000000000000e+01 1.400000000000000000e+01
2.150001335073553150e+02 1.500000000000000000e+01 1.300000000000000000e+01
2.160001335073552582e+02 1.400000000000000000e+01 1.200000000000000000e+01
2.170001335073552013e+02 1.300000000000000000e+01 1.300000000000000000e+01
2.180001335073551445e+02 1.300000000000000000e+01 1.500000000000000000e+01
2.190001335073550877e+02 1.300000000000000000e+01 1.200000000000000000e+01
2.200001335073550308e+02 1.400000000000000000e+01 1.300000000000000000e+01
2.210001335073549740e+02 1.400000000000000000e+01 1.200000000000000000e+01
2.220001335073549171e+02 1.500000000000000000e+01 1.200000000000000000e+01
2.230001335073548603e+02 1.400000000000000000e+01 1.300000000000000000e+01
2.240001335073548034e+02 1.600000000000000000e+01 1.100000000000000000e+01
2.250001335073547466e+02 1.400000000000000000e+01 1.000000000000000000e+01
2.260001335073546898e+02 1.500000000000000000e+01 1.100000000000000000e+01
2.270001335073546329e+02 1.400000000000000000e+01 1.000000000000000000e+01
2.280001335073545761e+02 1.800000000000000000e+01 9.000000000000000000e+00
2.290001335073545192e+02 2.200000000000000000e+01 1.100000000000000000e+01
2.300001335073544624e+02 2.000000000000000000e+01 1.100000000000000000e+01
2.310001335073544055e+02 2.100000000000000000e+01 1.400000000000000000e+01
2.320001335073543487e+02 2.100000000000000000e+01 1.500000000000000000e+01
2.330001335073542919e+02 1.900000000000000000e+01 1.500000000000000000e+01
2.340001335073542350e+02 1.900000000000000000e+01 1.200000000000000000e+01
2.350001335073541782e+02 2.100000000000000000e+01 1.200000000000000000e+01
2.360001335073541213e+02 2.100000000000000000e+01 1.100000000000000000e+01
2.370001335073540645e+02 2.000000000000000000e+01 1.300000000000000000e+01
2.380001335073540076e+02 2.100000000000000000e+01 1.300000000000000000e+01
2.390001335073539508e+02 2.300000000000000000e+01 1.200000000000000000e+01
2.400001335073538939e+02 2.500000000000000000e+01 1.100000000000000000e+01
2.410001335073538371e+02 2.500000000000000000e+01 1.000000000000000000e+01
2.420001335073537803e+02 2.600000000000000000e+01 1.000000000000000000e+01
2.430001335073537234e+02 2.300000000000000000e+01 8.000000000000000000e+00
2.440001335073536666e+02 2.200000000000000000e+01 6.000000000000000000e+00
2.450001335073536097e+02 2.300000000000000000e+01 6.000000000000000000e+00
2.460001335073535529e+02 2.300000000000000000e+01 6.000000000000000000e+00
2.470001335073534960e+02 2.400000000000000000e+01 7.000000000000000000e+00
2.480001335073534392e+02 2.500000000000000000e+01 6.000000000000000000e+00
2.490001335073533824e+02 1.800000000000000000e+01 7.000000000000000000e+00
2.500001335073533255e+02 1.500000000000000000e+01 7.000000000000000000e+00
2.510001335073532687e+02 1.000000000000000000e+01 7.000000000000000000e+00
2.520001335073532118e+02 9.000000000000000000e+00 1.000000000000000000e+01
2.530001335073531550e+02 7.000000000000000000e+00 1.100000000000000000e+01
2.540001335073530981e+02 7.000000000000000000e+00 1.200000000000000000e+01
2.550001335073530413e+02 5.000000000000000000e+00 1.200000000000000000e+01
2.560001335073529845e+02 4.000000000000000000e+00 1.100000000000000000e+01
2.570001335073532118e+02 4.000000000000000000e+00 1.200000000000000000e+01
2.580001335073534392e+02 6.000000000000000000e+00 1.200000000000000000e+01
2.590001335073536666e+02 5.000000000000000000e+00 1.300000000000000000e+01
2.600001335073538939e+02 3.000000000000000000e+00 1.500000000000000000e+01
2.610001335073541213e+02 4.000000000000000000e+00 1.600000000000000000e+01
2.620001335073543487e+02 5.000000000000000000e+00 1.600000000000000000e+01
2.630001335073545761e+02 6.000000000000000000e+00 1.600000000000000000e+01
2.640000874688202543e+02 7.000000000000000000e+00 1.700000000000000000e+01
2.650001335073550308e+02 8.000000000000000000e+00 1.900000000000000000e+01
2.660001335073552582e+02 9.000000000000000000e+00 1.900000000000000000e+01
2.670001335073554856e+02 8.000000000000000000e+00 1.900000000000000000e+01
2.680001335073557129e+02 1.000000000000000000e+01 1.900000000000000000e+01
2.690001335073559403e+02 9.000000000000000000e+00 2.000000000000000000e+01
2.700001335073561677e+02 7.000000000000000000e+00 2.000000000000000000e+01
2.710001335073563951e+02 7.000000000000000000e+00 2.200000000000000000e+01
2.720001335073566224e+02 6.000000000000000000e+00 2.200000000000000000e+01
2.730001335073568498e+02 5.000000000000000000e+00 2.300000000000000000e+01
2.740001335073570772e+02 5.000000000000000000e+00 2.500000000000000000e+01
2.750001335073573046e+02 5.000000000000000000e+00 2.500000000000000000e+01
2.760001335073575319e+02 5.000000000000000000e+00 2.600000000000000000e+01
2.770001335073577593e+02 4.000000000000000000e+00 2.700000000000000000e+01
2.780001335073579867e+02 6.000000000000000000e+00 3.000000000000000000e+01
2.790001335073582140e+02 6.000000000000000000e+00 2.900000000000000000e+01
2.800001335073584414e+02 7.000000000000000000e+00 2.700000000000000000e+01
2.810001335073586688e+02 7.000000000000000000e+00 2.500000000000000000e+01
2.820001335073588962e+02 8.000000000000000000e+00 2.500000000000000000e+01
2.830001335073591235e+02 8.000000000000000000e+00 2.300000000000000000e+01
2.840001335073593509e+02 9.000000000000000000e+00 2.500000000000000000e+01
2.850001335073595783e+02 1.100000000000000000e+01 2.200000000000000000e+01
2.860001335073598057e+02 1.000000000000000000e+01 2.200000000000000000e+01
2.870001335073600330e+02 1.100000000000000000e+01 2.200000000000000000e+01
2.880001335073602604e+02 1.100000000000000000e+01 2.200000000000000000e+01
2.890001335073604878e+02 9.000000000000000000e+00 2.200000000000000000e+01
2.900001335073607152e+02 6.000000000000000000e+00 2.300000000000000000e+01
2.910001335073609425e+02 4.000000000000000000e+00 2.200000000000000000e+01
2.920001335073611699e+02 4.000000000000000000e+00 2.300000000000000000e+01
2.930001335073613973e+02 5.000000000000000000e+00 2.000000000000000000e+01
2.940001335073616247e+02 5.000000000000000000e+00 1.700000000000000000e+01
2.950001335073618520e+02 3.000000000000000000e+00 1.800000000000000000e+01
2.960001335073620794e+02 3.000000000000000000e+00 1.700000000000000000e+01
2.970001335073623068e+02 4.000000000000000000e+00 1.800000000000000000e+01
2.980001335073625341e+02 4.000000000000000000e+00 1.900000000000000000e+01
2.990001025270336186e+02 4.000000000000000000e+00 1.900000000000000000e+01
3.000001335073629889e+02 3.000000000000000000e+00 1.900000000000000000e+01
