0.000000000000000000e+00 0.000000000000000000e+00 0.000000000000000000e+00
1.000458344679599154e+00 1.000000000000000000e+00 1.000000000000000000e+00
2.000282581246796365e+00 1.000000000000000000e+00 1.000000000000000000e+00
3.000458344679600931e+00 1.000000000000000000e+00 1.000000000000000000e+00
4.000458344679601375e+00 1.000000000000000000e+00 1.000000000000000000e+00
5.000458344679597822e+00 0.000000000000000000e+00 0.000000000000000000e+00
6.000458344679594269e+00 3.000000000000000000e+00 3.000000000000000000e+00
7.000458344679590716e+00 3.000000000000000000e+00 3.000000000000000000e+00
8.000458344679588052e+00 3.000000000000000000e+00 3.000000000000000000e+00
9.000458344679584499e+00 4.000000000000000000e+00 4.000000000000000000e+00
1.000045834467958095e+01 4.000000000000000000e+00 4.000000000000000000e+00
1.100045834467957739e+01 5.000000000000000000e+00 5.000000000000000000e+00
1.200045834467957384e+01 6.000000000000000000e+00 6.000000000000000000e+00
1.300045834467957029e+01 7.000000000000000000e+00 7.000000000000000000e+00
1.400016381573337121e+01 7.000000000000000000e+00 7.000000000000000000e+00
1.500045834467956318e+01 7.000000000000000000e+00 7.000000000000000000e+00
1.600042558548067007e+01 9.000000000000000000e+00 9.000000000000000000e+00
1.700045834467957562e+01 8.000000000000000000e+00 8.000000000000000000e+00
1.800045834467958983e+01 7.000000000000000000e+00 7.000000000000000000e+00
1.900045834467960404e+01 7.000000000000000000e+00 7.000000000000000000e+00
2.000045834467961825e+01 6.000000000000000000e+00 6.000000000000000000e+00
2.100045834467963246e+01 8.000000000000000000e+00 8.000000000000000000e+00
2.200028040193826229e+01 8.000000000000000000e+00 8.000000000000000000e+00
2.300045834467966088e+01 9.000000000000000000e+00 9.000000000000000000e+00
2.400000018336902485e+01 1.000000000000000000e+01 1.000000000000000000e+01
2.500045834467968930e+01 1.100000000000000000e+01 1.100000000000000000e+01
2.600045834467970352e+01 1.100000000000000000e+01 1.100000000000000000e+01
2.700045834467971773e+01 1.100000000000000000e+01 1.100000000000000000e+01
2.800045834467973194e+01 9.000000000000000000e+00 1.000000000000000000e+01
2.900045834467974615e+01 8.000000000000000000e+00 1.000000000000000000e+01
3.000045834467976036e+01 8.000000000000000000e+00 9.000000000000000000e+00
3.100045834467977457e+01 1.000000000000000000e+01 1.100000000000000000e+01
3.200045834467978523e+01 1.000000000000000000e+01 1.100000000000000000e+01
3.300045834467979944e+01 1.100000000000000000e+01 1.200000000000000000e+01
3.400045834467981365e+01 1.100000000000000000e+01 1.200000000000000000e+01
3.500045834467982786e+01 1.100000000000000000e+01 1.200000000000000000e+01
3.600045834467984207e+01 1.100000000000000000e+01 1.200000000000000000e+01
3.700045834467985628e+01 1.400000000000000000e+01 1.500000000000000000e+01
3.800045834467987049e+01 1.300000000000000000e+01 1.500000000000000000e+01
3.900023509764309892e+01 1.300000000000000000e+01 1.500000000000000000e+01
4.000045834467989891e+01 1.200000000000000000e+01 1.300000000000000000e+01
4.100045834467991313e+01 1.200000000000000000e+01 1.300000000000000000e+01
4.200045834467992734e+01 1.100000000000000000e+01 1.300000000000000000e+01
4.300045834467994155e+01 1.100000000000000000e+01 1.200000000000000000e+01
4.400045834467995576e+01 1.200000000000000000e+01 1.400000000000000000e+01
4.500045834467996997e+01 1.300000000000000000e+01 1.400000000000000000e+01
4.600045834467998418e+01 1.300000000000000000e+01 1.500000000000000000e+01
4.700045834467999839e+01 1.300000000000000000e+01 1.400000000000000000e+01
4.800045834468001260e+01 1.200000000000000000e+01 1.500000000000000000e+01
4.900045834468002681e+01 8.000000000000000000e+00 1.400000000000000000e+01
5.000045834468004102e+01 8.000000000000000000e+00 1.400000000000000000e+01
5.100045834468005523e+01 9.000000000000000000e+00 1.500000000000000000e+01
5.200045834468006944e+01 8.000000000000000000e+00 1.600000000000000000e+01
5.300045834468008366e+01 7.000000000000000000e+00 1.700000000000000000e+01
5.400045834468009787e+01 5.000000000000000000e+00 1.600000000000000000e+01
5.500045834468011208e+01 6.000000000000000000e+00 1.800000000000000000e+01
5.600045834468012629e+01 6.000000000000000000e+00 2.000000000000000000e+01
5.700045834468014050e+01 6.000000000000000000e+00 2.100000000000000000e+01
5.800045834468015471e+01 6.000000000000000000e+00 2.200000000000000000e+01
5.900045834468016892e+01 6.000000000000000000e+00 2.100000000000000000e+01
6.000045834468018313e+01 7.000000000000000000e+00 2.400000000000000000e+01
6.100045834468019734e+01 7.000000000000000000e+00 2.400000000000000000e+01
6.200045834468021155e+01 8.000000000000000000e+00 2.400000000000000000e+01
6.300045834468022576e+01 8.000000000000000000e+00 2.500000000000000000e+01
6.400045834468023997e+01 1.000000000000000000e+01 2.700000000000000000e+01
6.500045834468018313e+01 1.200000000000000000e+01 2.800000000000000000e+01
6.600045834468012629e+01 1.300000000000000000e+01 2.900000000000000000e+01
6.700045834468006944e+01 1.000000000000000000e+01 2.900000000000000000e+01
6.800045834468001260e+01 1.100000000000000000e+01 3.000000000000000000e+01
6.900045834467995576e+01 1.000000000000000000e+01 3.000000000000000000e+01
7.000045834467989891e+01 1.200000000000000000e+01 2.800000000000000000e+01
7.100045834467984207e+01 1.300000000000000000e+01 2.300000000000000000e+01
7.200045834467978523e+01 1.200000000000000000e+01 1.700000000000000000e+01
7.300045834467972838e+01 1.200000000000000000e+01 1.700000000000000000e+01
7.400003261479777450e+01 1.200000000000000000e+01 1.500000000000000000e+01
7.500045834467961470e+01 9.000000000000000000e+00 1.600000000000000000e+01
7.600045834467955785e+01 9.000000000000000000e+00 1.500000000000000000e+01
7.700045834467950101e+01 1.100000000000000000e+01 1.300000000000000000e+01
7.800045834467944417e+01 1.200000000000000000e+01 1.200000000000000000e+01
7.900045834467938732e+01 1.300000000000000000e+01 1.100000000000000000e+01
8.000045834467933048e+01 1.100000000000000000e+01 1.100000000000000000e+01
8.100023959590718903e+01 1.100000000000000000e+01 1.100000000000000000e+01
8.200045834467921679e+01 8.000000000000000000e+00 9.000000000000000000e+00
8.300045834467915995e+01 7.000000000000000000e+00 8.000000000000000000e+00
8.400045834467910311e+01 6.000000000000000000e+00 1.000000000000000000e+01
8.500045834467904626e+01 6.000000000000000000e+00 9.000000000000000000e+00
8.600045834467898942e+01 8.000000000000000000e+00 9.000000000000000000e+00
8.700045834467893258e+01 9.000000000000000000e+00 9.000000000000000000e+00
8.800045834467887573e+01 9.000000000000000000e+00 1.000000000000000000e+01
8.900045834467881889e+01 9.000000000000000000e+00 1.000000000000000000e+01
9.000042137831961497e+01 9.000000000000000000e+00 1.000000000000000000e+01
9.100045834467870520e+01 9.000000000000000000e+00 1.000000000000000000e+01
9.200045834467864836e+01 1.000000000000000000e+01 1.000000000000000000e+01
9.300045834467859152e+01 9.000000000000000000e+00 1.000000000000000000e+01
9.400045834467853467e+01 9.000000000000000000e+00 1.000000000000000000e+01
9.500023827812981381e+01 6.000000000000000000e+00 1.000000000000000000e+01
9.600045834467842099e+01 5.000000000000000000e+00 1.000000000000000000e+01
9.700045834467836414e+01 5.000000000000000000e+00 1.000000000000000000e+01
9.800045834467830730e+01 3.000000000000000000e+00 1.000000000000000000e+01
9.900045834467825046e+01 3.000000000000000000e+00 1.000000000000000000e+01
1.000004583446781936e+02 4.000000000000000000e+00 1.200000000000000000e+01
1.010004583446781368e+02 3.000000000000000000e+00 1.200000000000000000e+01
1.020004583446780799e+02 4.000000000000000000e+00 1.400000000000000000e+01
1.030004583446780231e+02 4.000000000000000000e+00 1.600000000000000000e+01
1.040004583446779662e+02 4.000000000000000000e+00 1.700000000000000000e+01
1.050004583446779094e+02 2.000000000000000000e+00 1.700000000000000000e+01
1.060002290736054960e+02 4.000000000000000000e+00 1.500000000000000000e+01
1.070004583446777957e+02 5.000000000000000000e+00 1.500000000000000000e+01
1.080004583446777389e+02 5.000000000000000000e+00 8.000000000000000000e+00
1.090004583446776820e+02 6.000000000000000000e+00 6.000000000000000000e+00
1.100004583446776252e+02 7.000000000000000000e+00 6.000000000000000000e+00
1.110004583446775683e+02 7.000000000000000000e+00 7.000000000000000000e+00
1.120004583446775115e+02 9.000000000000000000e+00 1.000000000000000000e+01
1.130004583446774546e+02 1.000000000000000000e+01 1.000000000000000000e+01
1.140004583446773978e+02 1.100000000000000000e+01 1.100000000000000000e+01
1.150001100460805219e+02 1.100000000000000000e+01 1.200000000000000000e+01
1.160004583446772841e+02 1.200000000000000000e+01 1.200000000000000000e+01
1.170004583446772273e+02 1.200000000000000000e+01 1.300000000000000000e+01
1.180004583446771704e+02 8.000000000000000000e+00 1.400000000000000000e+01
1.190000318727878010e+02 8.000000000000000000e+00 1.300000000000000000e+01
1.200004583446770567e+02 7.000000000000000000e+00 1.200000000000000000e+01
1.210004583446769999e+02 6.000000000000000000e+00 1.300000000000000000e+01
1.220004583446769431e+02 7.000000000000000000e+00 1.400000000000000000e+01
1.230004583446768862e+02 8.000000000000000000e+00 1.200000000000000000e+01
1.240004583446768294e+02 8.000000000000000000e+00 9.000000000000000000e+00
1.250004583446767725e+02 8.000000000000000000e+00 7.000000000000000000e+00
1.260004583446767157e+02 1.000000000000000000e+01 7.000000000000000000e+00
1.270004583446766588e+02 1.000000000000000000e+01 7.000000000000000000e+00
1.280003581426788060e+02 1.000000000000000000e+01 8.000000000000000000e+00
1.290004583446765594e+02 9.000000000000000000e+00 9.000000000000000000e+00
1.300004583446765025e+02 8.000000000000000000e+00 8.000000000000000000e+00
1.310004583446764457e+02 7.000000000000000000e+00 7.000000000000000000e+00
1.320004583446763888e+02 3.000000000000000000e+00 8.000000000000000000e+00
1.330004583446763320e+02 5.000000000000000000e+00 8.000000000000000000e+00
1.340004583446762751e+02 6.000000000000000000e+00 1.000000000000000000e+01
1.350004583446762183e+02 7.000000000000000000e+00 1.100000000000000000e+01
1.360004583446761615e+02 7.000000000000000000e+00 1.500000000000000000e+01
1.370004583446761046e+02 7.000000000000000000e+00 1.500000000000000000e+01
1.380004583446760478e+02 6.000000000000000000e+00 1.500000000000000000e+01
1.390004583446759909e+02 8.000000000000000000e+00 1.500000000000000000e+01
1.400004583446759341e+02 1.000000000000000000e+01 1.400000000000000000e+01
1.410004583446758772e+02 8.000000000000000000e+00 1.300000000000000000e+01
1.420004583446758204e+02 7.000000000000000000e+00 1.200000000000000000e+01
1.430004583446757636e+02 9.000000000000000000e+00 1.200000000000000000e+01
1.440004583446757067e+02 4.000000000000000000e+00 1.300000000000000000e+01
1.450004583446756499e+02 5.000000000000000000e+00 1.400000000000000000e+01
1.460003964046683222e+02 4.000000000000000000e+00 1.400000000000000000e+01
1.470004583446755362e+02 3.000000000000000000e+00 1.300000000000000000e+01
1.480004583446754793e+02 5.000000000000000000e+00 1.400000000000000000e+01
1.490003027812636844e+02 4.000000000000000000e+00 1.100000000000000000e+01
1.500004583446753657e+02 4.000000000000000000e+00 7.000000000000000000e+00
1.510004583446753088e+02 6.000000000000000000e+00 7.000000000000000000e+00
1.520004583446752520e+02 6.000000000000000000e+00 7.000000000000000000e+00
1.530004583446751951e+02 9.000000000000000000e+00 9.000000000000000000e+00
1.540004583446751383e+02 1.100000000000000000e+01 1.000000000000000000e+01
1.550000396087721697e+02 1.000000000000000000e+01 1.100000000000000000e+01
1.560004583446750246e+02 1.000000000000000000e+01 1.300000000000000000e+01
1.570004583446749677e+02 8.000000000000000000e+00 1.200000000000000000e+01
1.580004583446749109e+02 8.000000000000000000e+00 1.300000000000000000e+01
1.590004583446748541e+02 1.200000000000000000e+01 1.300000000000000000e+01
1.600004583446747972e+02 1.100000000000000000e+01 1.400000000000000000e+01
1.610004583446747404e+02 1.000000000000000000e+01 1.400000000000000000e+01
1.620004583446746835e+02 1.000000000000000000e+01 1.500000000000000000e+01
1.630004583446746267e+02 1.100000000000000000e+01 1.300000000000000000e+01
1.640004583446745698e+02 1.300000000000000000e+01 1.600000000000000000e+01
1.650004583446745130e+02 1.000000000000000000e+01 1.500000000000000000e+01
1.660004583446744562e+02 1.000000000000000000e+01 1.600000000000000000e+01
1.670004583446743993e+02 9.000000000000000000e+00 1.400000000000000000e+01
1.680004583446743425e+02 7.000000000000000000e+00 1.600000000000000000e+01
1.690004583446742856e+02 1.000000000000000000e+01 1.600000000000000000e+01
1.700004583446742288e+02 9.000000000000000000e+00 1.700000000000000000e+01
1.710004583446741719e+02 1.000000000000000000e+01 1.800000000000000000e+01
1.720004583446741151e+02 8.000000000000000000e+00 1.900000000000000000e+01
1.730004583446740583e+02 9.000000000000000000e+00 2.100000000000000000e+01
1.740003793933911140e+02 9.000000000000000000e+00 2.000000000000000000e+01
1.750004583446739446e+02 1.000000000000000000e+01 2.100000000000000000e+01
1.760004583446738877e+02 1.100000000000000000e+01 2.200000000000000000e+01
1.770004583446738309e+02 1.100000000000000000e+01 1.800000000000000000e+01
1.780004583446737740e+02 1.100000000000000000e+01 2.000000000000000000e+01
1.790004583446737172e+02 1.200000000000000000e+01 1.900000000000000000e+01
1.800004583446736603e+02 1.200000000000000000e+01 1.800000000000000000e+01
1.810004583446736035e+02 1.200000000000000000e+01 1.500000000000000000e+01
1.820004583446735467e+02 1.200000000000000000e+01 1.500000000000000000e+01
1.830004583446734898e+02 1.400000000000000000e+01 1.100000000000000000e+01
1.840000366761879320e+02 1.500000000000000000e+01 1.000000000000000000e+01
1.850004583446733761e+02 1.300000000000000000e+01 7.000000000000000000e+00
1.860004583446733193e+02 1.200000000000000000e+01 7.000000000000000000e+00
1.870004583446732624e+02 1.200000000000000000e+01 8.000000000000000000e+00
1.880004583446732056e+02 1.300000000000000000e+01 8.000000000000000000e+00
1.890004583446731488e+02 1.300000000000000000e+01 6.000000000000000000e+00
1.900004583446730919e+02 1.300000000000000000e+01 5.000000000000000000e+00
1.910004583446730351e+02 1.300000000000000000e+01 3.000000000000000000e+00
1.920000669934192388e+02 1.300000000000000000e+01 3.000000000000000000e+00
1.930004583446729214e+02 1.400000000000000000e+01 5.000000000000000000e+00
1.940000191066324930e+02 1.200000000000000000e+01 1.000000000000000000e+00
1.950002536889371640e+02 1.000000000000000000e+01 1.000000000000000000e+00
1.960004583446727509e+02 1.200000000000000000e+01 1.000000000000000000e+00
1.970000764586418711e+02 1.300000000000000000e+01 3.000000000000000000e+00
1.980004583446726372e+02 1.300000000000000000e+01 1.000000000000000000e+00
1.990004583446725803e+02 1.100000000000000000e+01 1.000000000000000000e+00
2.000004583446725235e+02 1.000000000000000000e+01 1.000000000000000000e+00
2.010004583446724666e+02 1.100000000000000000e+01 1.000000000000000000e+00
2.020004583446724098e+02 1.500000000000000000e+01 6.000000000000000000e+00
2.030004583446723530e+02 1.200000000000000000e+01 6.000000000000000000e+00
2.040004583446722961e+02 1.100000000000000000e+01 4.000000000000000000e+00
2.050004583446722393e+02 1.200000000000000000e+01 4.000000000000000000e+00
2.060004583446721824e+02 1.200000000000000000e+01 4.000000000000000000e+00
2.070004583446721256e+02 1.000000000000000000e+01 2.000000000000000000e+00
2.080004583446720687e+02 9.000000000000000000e+00 3.000000000000000000e+00
2.090004583446720119e+02 1.000000000000000000e+01 3.000000000000000000e+00
2.100004583446719550e+02 1.000000000000000000e+01 3.000000000000000000e+00
2.110004583446718982e+02 1.000000000000000000e+01 5.000000000000000000e+00
2.120004583446718414e+02 1.300000000000000000e+01 6.000000000000000000e+00
2.130004583446717845e+02 1.300000000000000000e+01 5.000000000000000000e+00
2.140004583446717277e+02 1.300000000000000000e+01 6.000000000000000000e+00
2.150004583446716708e+02 1.400000000000000000e+01 8.000000000000000000e+00
2.160004583446716140e+02 1.400000000000000000e+01 9.000000000000000000e+00
2.170004583446715571e+02 1.400000000000000000e+01 8.000000000000000000e+00
2.180004583446715003e+02 1.500000000000000000e+01 8.000000000000000000e+00
2.190004583446714435e+02 1.600000000000000000e+01 1.000000000000000000e+01
2.200004583446713866e+02 1.600000000000000000e+01 1.000000000000000000e+01
2.210004583446713298e+02 1.600000000000000000e+01 9.000000000000000000e+00
2.220004583446712729e+02 1.700000000000000000e+01 1.000000000000000000e+01
2.230004583446712161e+02 1.700000000000000000e+01 1.000000000000000000e+01
2.240004583446711592e+02 1.600000000000000000e+01 7.000000000000000000e+00
2.250004583446711024e+02 1.700000000000000000e+01 7.000000000000000000e+00
2.260004583446710456e+02 1.600000000000000000e+01 3.000000000000000000e+00
2.270004583446709887e+02 1.400000000000000000e+01 3.000000000000000000e+00
2.280004583446709319e+02 1.500000000000000000e+01 3.000000000000000000e+00
2.290004583446708750e+02 1.500000000000000000e+01 4.000000000000000000e+00
2.300004583446708182e+02 1.600000000000000000e+01 3.000000000000000000e+00
2.310004583446707613e+02 1.600000000000000000e+01 5.000000000000000000e+00
2.320004583446707045e+02 1.600000000000000000e+01 5.000000000000000000e+00
2.330004583446706476e+02 1.700000000000000000e+01 6.000000000000000000e+00
2.340004583446705908e+02 1.700000000000000000e+01 9.000000000000000000e+00
2.350004583446705340e+02 1.900000000000000000e+01 9.000000000000000000e+00
2.360004583446704771e+02 2.100000000000000000e+01 1.100000000000000000e+01
2.370004583446704203e+02 2.000000000000000000e+01 1.100000000000000000e+01
2.380004583446703634e+02 1.800000000000000000e+01 1.200000000000000000e+01
2.390003323145518266e+02 1.900000000000000000e+01 1.300000000000000000e+01
2.400004583446702497e+02 2.000000000000000000e+01 1.300000000000000000e+01
2.410004583446701929e+02 2.100000000000000000e+01 1.300000000000000000e+01
2.420004583446701361e+02 2.000000000000000000e+01 1.400000000000000000e+01
2.430004583446700792e+02 2.100000000000000000e+01 1.500000000000000000e+01
2.440004583446700224e+02 2.100000000000000000e+01 1.100000000000000000e+01
2.450004583446699655e+02 2.200000000000000000e+01 1.100000000000000000e+01
2.460004583446699087e+02 2.200000000000000000e+01 1.000000000000000000e+01
2.470003410703287727e+02 2.300000000000000000e+01 8.000000000000000000e+00
2.480004583446697950e+02 2.400000000000000000e+01 9.000000000000000000e+00
2.490004583446697382e+02 2.600000000000000000e+01 9.000000000000000000e+00
2.500004583446696813e+02 2.200000000000000000e+01 7.000000000000000000e+00
2.510001418193957932e+02 2.000000000000000000e+01 7.000000000000000000e+00
2.520004583446695676e+02 1.800000000000000000e+01 8.000000000000000000e+00
2.530004583446695108e+02 1.300000000000000000e+01 8.000000000000000000e+00
2.540002411850540796e+02 1.000000000000000000e+01 5.000000000000000000e+00
2.550004583446693971e+02 5.000000000000000000e+00 6.000000000000000000e+00
2.560004583446693687e+02 3.000000000000000000e+00 6.000000000000000000e+00
2.570004583446695960e+02 4.000000000000000000e+00 5.000000000000000000e+00
2.580004583446698234e+02 6.000000000000000000e+00 5.000000000000000000e+00
2.590004583446700508e+02 6.000000000000000000e+00 3.000000000000000000e+00
2.600004583446702782e+02 5.000000000000000000e+00 3.000000000000000000e+00
2.610004583446705055e+02 6.000000000000000000e+00 3.000000000000000000e+00
2.620004583446707329e+02 6.000000000000000000e+00 3.000000000000000000e+00
2.630004583446709603e+02 7.000000000000000000e+00 4.000000000000000000e+00
2.640004583446711877e+02 8.000000000000000000e+00 6.000000000000000000e+00
2.650004583446714150e+02 9.000000000000000000e+00 6.000000000000000000e+00
2.660004583446716424e+02 8.000000000000000000e+00 6.000000000000000000e+00
2.670004583446718698e+02 9.000000000000000000e+00 6.000000000000000000e+00
2.680004583446720972e+02 1.200000000000000000e+01 5.000000000000000000e+00
2.690004583446723245e+02 1.100000000000000000e+01 7.000000000000000000e+00
2.700004583446725519e+02 1.000000000000000000e+01 7.000000000000000000e+00
2.710004583446727793e+02 7.000000000000000000e+00 7.000000000000000000e+00
2.720004583446730066e+02 8.000000000000000000e+00 7.000000000000000000e+00
2.730004583446732340e+02 9.000000000000000000e+00 8.000000000000000000e+00
2.740004583446734614e+02 9.000000000000000000e+00 8.000000000000000000e+00
2.750004583446736888e+02 9.000000000000000000e+00 6.000000000000000000e+00
2.760004583446739161e+02 9.000000000000000000e+00 4.000000000000000000e+00
2.770004583446741435e+02 1.000000000000000000e+01 3.000000000000000000e+00
2.780004583446743709e+02 1.100000000000000000e+01 4.000000000000000000e+00
2.790004583446745983e+02 1.400000000000000000e+01 3.000000000000000000e+00
2.800004583446748256e+02 1.500000000000000000e+01 5.000000000000000000e+00
2.810000006801083714e+02 1.400000000000000000e+01 4.000000000000000000e+00
2.820004583446752804e+02 1.200000000000000000e+01 4.000000000000000000e+00
2.830004583446755078e+02 1.100000000000000000e+01 4.000000000000000000e+00
2.840001641816749611e+02 1.000000000000000000e+01 4.000000000000000000e+00
2.850004583446759625e+02 9.000000000000000000e+00 6.000000000000000000e+00
2.860004583446761899e+02 1.000000000000000000e+01 6.000000000000000000e+00
2.870004583446764173e+02 9.000000000000000000e+00 7.000000000000000000e+00
2.880002348707238866e+02 8.000000000000000000e+00 8.000000000000000000e+00
2.890004583446768720e+02 7.000000000000000000e+00 8.000000000000000000e+00
2.900004583446770994e+02 8.000000000000000000e+00 8.000000000000000000e+00
2.910004583446773267e+02 7.000000000000000000e+00 7.000000000000000000e+00
2.920004583446775541e+02 7.000000000000000000e+00 9.000000000000000000e+00
2.930004583446777815e+02 7.000000000000000000e+00 1.000000000000000000e+01
2.940003453527997408e+02 7.000000000000000000e+00 1.100000000000000000e+01
2.950004583446782362e+02 7.000000000000000000e+00 1.000000000000000000e+01
2.960004583446784636e+02 6.000000000000000000e+00 1.100000000000000000e+01
2.970004583446786910e+02 7.000000000000000000e+00 1.100000000000000000e+01
2.980004583446789184e+02 7.000000000000000000e+00 1.200000000000000000e+01
2.990004583446791457e+02 9.000000000000000000e+00 1.200000000000000000e+01
3.000004583446793731e+02 9.000000000000000000e+00 1.200000000000000000e+01
