0.000000000000000000e+00 0.000000000000000000e+00 0.000000000000000000e+00
1.000462806634621948e+00 2.000000000000000000e+00 2.000000000000000000e+00
2.000118393745034417e+00 2.000000000000000000e+00 2.000000000000000000e+00
3.000023737961295289e+00 4.000000000000000000e+00 4.000000000000000000e+00
4.000462806634624613e+00 4.000000000000000000e+00 4.000000000000000000e+00
5.000462806634621060e+00 6.000000000000000000e+00 6.000000000000000000e+00
6.000462806634617507e+00 6.000000000000000000e+00 6.000000000000000000e+00
7.000462806634613955e+00 6.000000000000000000e+00 6.000000000000000000e+00
8.000462806634610402e+00 6.000000000000000000e+00 6.000000000000000000e+00
9.000462806634606849e+00 7.000000000000000000e+00 7.000000000000000000e+00
1.000046280663460330e+01 6.000000000000000000e+00 6.000000000000000000e+00
1.100046280663459974e+01 7.000000000000000000e+00 7.000000000000000000e+00
1.200046280663459619e+01 6.000000000000000000e+00 6.000000000000000000e+00
1.300046280663459264e+01 6.000000000000000000e+00 6.000000000000000000e+00
1.400046280663458909e+01 6.000000000000000000e+00 6.000000000000000000e+00
1.500046280663458553e+01 6.000000000000000000e+00 6.000000000000000000e+00
1.600046280663458376e+01 8.000000000000000000e+00 7.000000000000000000e+00
1.700046280663459797e+01 8.000000000000000000e+00 6.000000000000000000e+00
1.800015792991992214e+01 9.000000000000000000e+00 7.000000000000000000e+00
1.900046280663462639e+01 9.000000000000000000e+00 6.000000000000000000e+00
2.000046280663464060e+01 6.000000000000000000e+00 5.000000000000000000e+00
2.100046280663465481e+01 5.000000000000000000e+00 5.000000000000000000e+00
2.200046280663466902e+01 5.000000000000000000e+00 4.000000000000000000e+00
2.300030325202906667e+01 7.000000000000000000e+00 5.000000000000000000e+00
2.400046280663469744e+01 8.000000000000000000e+00 4.000000000000000000e+00
2.500046280663471165e+01 4.000000000000000000e+00 3.000000000000000000e+00
2.600046280663472587e+01 4.000000000000000000e+00 4.000000000000000000e+00
2.700046280663474008e+01 4.000000000000000000e+00 4.000000000000000000e+00
2.800046280663475429e+01 2.000000000000000000e+00 4.000000000000000000e+00
2.900046280663476850e+01 1.000000000000000000e+00 6.000000000000000000e+00
3.000046280663478271e+01 1.000000000000000000e+00 6.000000000000000000e+00
3.100046280663479692e+01 1.000000000000000000e+00 5.000000000000000000e+00
3.200046280663480758e+01 1.000000000000000000e+00 4.000000000000000000e+00
3.300046280663482179e+01 2.000000000000000000e+00 4.000000000000000000e+00
3.400046280663483600e+01 3.000000000000000000e+00 5.000000000000000000e+00
3.500046280663485021e+01 3.000000000000000000e+00 5.000000000000000000e+00
3.600042360959264442e+01 1.000000000000000000e+00 3.000000000000000000e+00
3.700046280663487863e+01 2.000000000000000000e+00 4.000000000000000000e+00
3.800046280663489284e+01 2.000000000000000000e+00 5.000000000000000000e+00
3.900046280663490705e+01 2.000000000000000000e+00 5.000000000000000000e+00
4.000046280663492126e+01 2.000000000000000000e+00 5.000000000000000000e+00
4.100046280663493548e+01 4.000000000000000000e+00 7.000000000000000000e+00
4.200046280663494969e+01 3.000000000000000000e+00 7.000000000000000000e+00
4.300046280663496390e+01 4.000000000000000000e+00 7.000000000000000000e+00
4.400046280663497811e+01 2.000000000000000000e+00 6.000000000000000000e+00
4.500046280663499232e+01 3.000000000000000000e+00 6.000000000000000000e+00
4.600046280663500653e+01 3.000000000000000000e+00 6.000000000000000000e+00
4.700030078659821697e+01 4.000000000000000000e+00 7.000000000000000000e+00
4.800046280663503495e+01 4.000000000000000000e+00 7.000000000000000000e+00
4.900046280663504916e+01 5.000000000000000000e+00 8.000000000000000000e+00
5.000046280663506337e+01 5.000000000000000000e+00 8.000000000000000000e+00
5.100046280663507758e+01 6.000000000000000000e+00 9.000000000000000000e+00
5.200046280663509179e+01 6.000000000000000000e+00 9.000000000000000000e+00
5.300046280663510601e+01 6.000000000000000000e+00 9.000000000000000000e+00
5.400046280663512022e+01 6.000000000000000000e+00 9.000000000000000000e+00
5.500046280663513443e+01 8.000000000000000000e+00 1.000000000000000000e+01
5.600046280663514864e+01 9.000000000000000000e+00 1.300000000000000000e+01
5.700046280663516285e+01 8.000000000000000000e+00 1.200000000000000000e+01
5.800046280663517706e+01 7.000000000000000000e+00 1.200000000000000000e+01
5.900046280663519127e+01 7.000000000000000000e+00 1.200000000000000000e+01
6.000046280663520548e+01 9.000000000000000000e+00 1.300000000000000000e+01
6.100046280663521969e+01 9.000000000000000000e+00 1.200000000000000000e+01
6.200046280663523390e+01 1.100000000000000000e+01 1.600000000000000000e+01
6.300046280663524811e+01 1.100000000000000000e+01 1.300000000000000000e+01
6.400036680831401270e+01 1.200000000000000000e+01 1.400000000000000000e+01
6.500046280663519838e+01 9.000000000000000000e+00 1.500000000000000000e+01
6.600046280663514153e+01 8.000000000000000000e+00 1.500000000000000000e+01
6.700046280663508469e+01 8.000000000000000000e+00 1.600000000000000000e+01
6.800046280663502785e+01 9.000000000000000000e+00 1.700000000000000000e+01
6.900046280663497100e+01 8.000000000000000000e+00 1.700000000000000000e+01
7.000013804878852852e+01 9.000000000000000000e+00 1.700000000000000000e+01
7.100038032080585992e+01 7.000000000000000000e+00 1.800000000000000000e+01
7.200046280663480047e+01 6.000000000000000000e+00 1.700000000000000000e+01
7.300046280663474363e+01 7.000000000000000000e+00 1.500000000000000000e+01
7.400046280663468679e+01 7.000000000000000000e+00 1.400000000000000000e+01
7.500046280663462994e+01 8.000000000000000000e+00 1.200000000000000000e+01
7.600001913327375291e+01 9.000000000000000000e+00 1.300000000000000000e+01
7.700046280663451626e+01 9.000000000000000000e+00 1.400000000000000000e+01
7.800046280663445941e+01 1.000000000000000000e+01 1.300000000000000000e+01
7.900046280663440257e+01 8.000000000000000000e+00 1.300000000000000000e+01
8.000046280663434572e+01 8.000000000000000000e+00 1.200000000000000000e+01
8.100046280663428888e+01 9.000000000000000000e+00 1.200000000000000000e+01
8.200046280663423204e+01 9.000000000000000000e+00 1.200000000000000000e+01
8.300046280663417519e+01 1.000000000000000000e+01 1.500000000000000000e+01
8.400046280663411835e+01 1.100000000000000000e+01 1.200000000000000000e+01
8.500046280663406151e+01 1.000000000000000000e+01 1.200000000000000000e+01
8.600046280663400466e+01 9.000000000000000000e+00 1.100000000000000000e+01
8.700046280663394782e+01 9.000000000000000000e+00 1.100000000000000000e+01
8.800046280663389098e+01 7.000000000000000000e+00 1.100000000000000000e+01
8.900046280663383413e+01 6.000000000000000000e+00 1.100000000000000000e+01
9.000046280663377729e+01 6.000000000000000000e+00 1.100000000000000000e+01
9.100046280663372045e+01 5.000000000000000000e+00 1.100000000000000000e+01
9.200046280663366360e+01 6.000000000000000000e+00 1.100000000000000000e+01
9.300046280663360676e+01 5.000000000000000000e+00 1.000000000000000000e+01
9.400046280663354992e+01 3.000000000000000000e+00 1.300000000000000000e+01
9.500046280663349307e+01 4.000000000000000000e+00 1.300000000000000000e+01
9.600046280663343623e+01 2.000000000000000000e+00 1.200000000000000000e+01
9.700046280663337939e+01 2.000000000000000000e+00 1.100000000000000000e+01
9.800046280663332254e+01 1.000000000000000000e+00 1.100000000000000000e+01
9.900046280663326570e+01 3.000000000000000000e+00 1.300000000000000000e+01
1.000004628066332089e+02 3.000000000000000000e+00 1.300000000000000000e+01
1.010004628066331520e+02 2.000000000000000000e+00 1.400000000000000000e+01
1.020004628066330952e+02 4.000000000000000000e+00 1.200000000000000000e+01
1.030004628066330383e+02 4.000000000000000000e+00 1.200000000000000000e+01
1.040004628066329815e+02 5.000000000000000000e+00 1.300000000000000000e+01
1.050004628066329246e+02 6.000000000000000000e+00 1.300000000000000000e+01
1.060004628066328678e+02 6.000000000000000000e+00 1.100000000000000000e+01
1.070004628066328110e+02 6.000000000000000000e+00 1.000000000000000000e+01
1.080004628066327541e+02 7.000000000000000000e+00 1.100000000000000000e+01
1.090004628066326973e+02 7.000000000000000000e+00 1.000000000000000000e+01
1.100004628066326404e+02 7.000000000000000000e+00 1.000000000000000000e+01
1.110004628066325836e+02 6.000000000000000000e+00 1.000000000000000000e+01
1.120004628066325267e+02 9.000000000000000000e+00 1.200000000000000000e+01
1.130004628066324699e+02 8.000000000000000000e+00 1.300000000000000000e+01
1.140004628066324130e+02 9.000000000000000000e+00 1.300000000000000000e+01
1.150004628066323562e+02 9.000000000000000000e+00 1.400000000000000000e+01
1.160004628066322994e+02 9.000000000000000000e+00 1.200000000000000000e+01
1.170000255726048266e+02 7.000000000000000000e+00 1.200000000000000000e+01
1.180004628066321857e+02 5.000000000000000000e+00 1.100000000000000000e+01
1.190003281749730206e+02 6.000000000000000000e+00 9.000000000000000000e+00
1.200004628066320720e+02 6.000000000000000000e+00 6.000000000000000000e+00
1.210003039484356293e+02 4.000000000000000000e+00 5.000000000000000000e+00
1.220004628066319583e+02 5.000000000000000000e+00 7.000000000000000000e+00
1.230004628066319015e+02 6.000000000000000000e+00 6.000000000000000000e+00
1.240001309570064763e+02 9.000000000000000000e+00 6.000000000000000000e+00
1.250004628066317878e+02 7.000000000000000000e+00 5.000000000000000000e+00
1.260004628066317309e+02 7.000000000000000000e+00 7.000000000000000000e+00
1.270004628066316741e+02 7.000000000000000000e+00 6.000000000000000000e+00
1.280004518560947702e+02 8.000000000000000000e+00 6.000000000000000000e+00
1.290001063893821538e+02 8.000000000000000000e+00 6.000000000000000000e+00
1.300004628066315036e+02 8.000000000000000000e+00 7.000000000000000000e+00
1.310004628066314467e+02 9.000000000000000000e+00 5.000000000000000000e+00
1.320004628066313899e+02 1.000000000000000000e+01 5.000000000000000000e+00
1.330003584343584748e+02 1.000000000000000000e+01 5.000000000000000000e+00
1.340004628066312762e+02 9.000000000000000000e+00 0.000000000000000000e+00
1.350004628066312193e+02 9.000000000000000000e+00 2.000000000000000000e+00
1.360004628066311625e+02 1.000000000000000000e+01 2.000000000000000000e+00
1.370004628066311057e+02 1.100000000000000000e+01 4.000000000000000000e+00
1.380004628066310488e+02 1.100000000000000000e+01 5.000000000000000000e+00
1.390004628066309920e+02 1.200000000000000000e+01 6.000000000000000000e+00
1.400004628066309351e+02 1.200000000000000000e+01 3.000000000000000000e+00
1.410002706568758413e+02 1.200000000000000000e+01 4.000000000000000000e+00
1.420004628066308214e+02 1.300000000000000000e+01 6.000000000000000000e+00
1.430004628066307646e+02 1.300000000000000000e+01 8.000000000000000000e+00
1.440004628066307077e+02 1.300000000000000000e+01 7.000000000000000000e+00
1.450004628066306509e+02 1.300000000000000000e+01 8.000000000000000000e+00
1.460004628066305941e+02 1.400000000000000000e+01 7.000000000000000000e+00
1.470004628066305372e+02 1.500000000000000000e+01 1.100000000000000000e+01
1.480004628066304804e+02 1.500000000000000000e+01 1.000000000000000000e+01
1.490004628066304235e+02 1.700000000000000000e+01 1.100000000000000000e+01
1.500004628066303667e+02 1.700000000000000000e+01 1.300000000000000000e+01
1.510001043590201277e+02 1.700000000000000000e+01 1.300000000000000000e+01
1.520004628066302530e+02 1.700000000000000000e+01 1.400000000000000000e+01
1.530004628066301962e+02 1.700000000000000000e+01 1.300000000000000000e+01
1.540004628066301393e+02 1.600000000000000000e+01 1.500000000000000000e+01
1.550004628066300825e+02 1.700000000000000000e+01 1.700000000000000000e+01
1.560004628066300256e+02 1.700000000000000000e+01 1.700000000000000000e+01
1.570004628066299688e+02 1.800000000000000000e+01 1.700000000000000000e+01
1.580004628066299119e+02 1.900000000000000000e+01 1.600000000000000000e+01
1.590004628066298551e+02 2.200000000000000000e+01 1.700000000000000000e+01
1.600004628066297983e+02 2.100000000000000000e+01 1.500000000000000000e+01
1.610004628066297414e+02 2.100000000000000000e+01 1.600000000000000000e+01
1.620004628066296846e+02 2.000000000000000000e+01 1.700000000000000000e+01
1.630004628066296277e+02 1.900000000000000000e+01 1.400000000000000000e+01
1.640004628066295709e+02 1.500000000000000000e+01 1.100000000000000000e+01
1.650004628066295140e+02 1.400000000000000000e+01 1.000000000000000000e+01
1.660004628066294572e+02 1.500000000000000000e+01 1.100000000000000000e+01
1.670004628066294003e+02 1.400000000000000000e+01 1.000000000000000000e+01
1.680004628066293435e+02 1.400000000000000000e+01 1.000000000000000000e+01
1.690004628066292867e+02 1.400000000000000000e+01 1.100000000000000000e+01
1.700004628066292298e+02 1.400000000000000000e+01 1.100000000000000000e+01
1.710004628066291730e+02 1.400000000000000000e+01 1.100000000000000000e+01
1.720004628066291161e+02 1.500000000000000000e+01 1.300000000000000000e+01
1.730004628066290593e+02 1.600000000000000000e+01 1.300000000000000000e+01
1.740004628066290024e+02 1.500000000000000000e+01 1.400000000000000000e+01
1.750004628066289456e+02 1.600000000000000000e+01 1.600000000000000000e+01
1.760004628066288888e+02 1.700000000000000000e+01 1.700000000000000000e+01
1.770004628066288319e+02 1.700000000000000000e+01 1.500000000000000000e+01
1.780004628066287751e+02 1.700000000000000000e+01 1.600000000000000000e+01
1.790004628066287182e+02 1.800000000000000000e+01 1.700000000000000000e+01
1.800004628066286614e+02 1.700000000000000000e+01 1.400000000000000000e+01
1.810004628066286045e+02 1.600000000000000000e+01 1.300000000000000000e+01
1.820004628066285477e+02 1.700000000000000000e+01 1.400000000000000000e+01
1.830004628066284909e+02 1.400000000000000000e+01 1.300000000000000000e+01
1.840004628066284340e+02 1.500000000000000000e+01 1.100000000000000000e+01
1.850004628066283772e+02 1.100000000000000000e+01 1.100000000000000000e+01
1.860004628066283203e+02 1.200000000000000000e+01 1.300000000000000000e+01
1.870004628066282635e+02 1.000000000000000000e+01 1.400000000000000000e+01
1.880004628066282066e+02 7.000000000000000000e+00 1.200000000000000000e+01
1.890000316837353296e+02 7.000000000000000000e+00 1.300000000000000000e+01
1.900004628066280929e+02 8.000000000000000000e+00 1.500000000000000000e+01
1.910004628066280361e+02 8.000000000000000000e+00 1.500000000000000000e+01
1.920004628066279793e+02 1.000000000000000000e+01 1.200000000000000000e+01
1.930004628066279224e+02 1.100000000000000000e+01 1.200000000000000000e+01
1.940004628066278656e+02 1.300000000000000000e+01 1.000000000000000000e+01
1.950004628066278087e+02 1.400000000000000000e+01 1.000000000000000000e+01
1.960004628066277519e+02 1.600000000000000000e+01 1.100000000000000000e+01
1.970000125753076929e+02 1.700000000000000000e+01 9.000000000000000000e+00
1.980004628066276382e+02 1.400000000000000000e+01 9.000000000000000000e+00
1.990004628066275814e+02 1.000000000000000000e+01 1.000000000000000000e+01
2.000004628066275245e+02 9.000000000000000000e+00 1.000000000000000000e+01
2.010004628066274677e+02 8.000000000000000000e+00 1.000000000000000000e+01
2.020004628066274108e+02 9.000000000000000000e+00 1.100000000000000000e+01
2.030004628066273540e+02 1.000000000000000000e+01 1.200000000000000000e+01
2.040003022764021807e+02 1.000000000000000000e+01 1.200000000000000000e+01
2.050004628066272403e+02 1.100000000000000000e+01 1.300000000000000000e+01
2.060004628066271835e+02 9.000000000000000000e+00 1.100000000000000000e+01
2.070004628066271266e+02 8.000000000000000000e+00 1.100000000000000000e+01
2.080004628066270698e+02 7.000000000000000000e+00 1.100000000000000000e+01
2.090004628066270129e+02 7.000000000000000000e+00 1.200000000000000000e+01
2.100004628066269561e+02 8.000000000000000000e+00 1.200000000000000000e+01
2.110004628066268992e+02 7.000000000000000000e+00 1.100000000000000000e+01
2.120004628066268424e+02 8.000000000000000000e+00 1.000000000000000000e+01
2.130004628066267856e+02 9.000000000000000000e+00 1.000000000000000000e+01
2.140001715426017199e+02 9.000000000000000000e+00 9.000000000000000000e+00
2.150004628066266719e+02 6.000000000000000000e+00 9.000000000000000000e+00
2.160004628066266150e+02 6.000000000000000000e+00 6.000000000000000000e+00
2.170004628066265582e+02 6.000000000000000000e+00 6.000000000000000000e+00
2.180004628066265013e+02 6.000000000000000000e+00 6.000000000000000000e+00
2.190001957604729341e+02 7.000000000000000000e+00 7.000000000000000000e+00
2.200004628066263876e+02 4.000000000000000000e+00 7.000000000000000000e+00
2.210004628066263308e+02 5.000000000000000000e+00 9.000000000000000000e+00
2.220004628066262740e+02 6.000000000000000000e+00 9.000000000000000000e+00
2.230004628066262171e+02 5.000000000000000000e+00 1.100000000000000000e+01
2.240004251777033630e+02 6.000000000000000000e+00 1.100000000000000000e+01
2.250004628066261034e+02 4.000000000000000000e+00 1.100000000000000000e+01
2.260003388991094369e+02 8.000000000000000000e+00 1.200000000000000000e+01
2.270004628066259897e+02 7.000000000000000000e+00 1.300000000000000000e+01
2.280004628066259329e+02 6.000000000000000000e+00 1.400000000000000000e+01
2.290004628066258761e+02 6.000000000000000000e+00 1.300000000000000000e+01
2.300004628066258192e+02 5.000000000000000000e+00 1.000000000000000000e+01
2.310004628066257624e+02 7.000000000000000000e+00 7.000000000000000000e+00
2.320004628066257055e+02 6.000000000000000000e+00 6.000000000000000000e+00
2.330004628066256487e+02 6.000000000000000000e+00 5.000000000000000000e+00
2.340004628066255918e+02 4.000000000000000000e+00 7.000000000000000000e+00
2.350000395107610416e+02 5.000000000000000000e+00 5.000000000000000000e+00
2.360004628066254782e+02 6.000000000000000000e+00 5.000000000000000000e+00
2.370004628066254213e+02 6.000000000000000000e+00 7.000000000000000000e+00
2.380004628066253645e+02 5.000000000000000000e+00 8.000000000000000000e+00
2.390004628066253076e+02 5.000000000000000000e+00 8.000000000000000000e+00
2.400004628066252508e+02 5.000000000000000000e+00 8.000000000000000000e+00
2.410004628066251939e+02 7.000000000000000000e+00 7.000000000000000000e+00
2.420004628066251371e+02 3.000000000000000000e+00 7.000000000000000000e+00
2.430004628066250802e+02 3.000000000000000000e+00 6.000000000000000000e+00
2.440004628066250234e+02 3.000000000000000000e+00 8.000000000000000000e+00
2.450004628066249666e+02 3.000000000000000000e+00 9.000000000000000000e+00
2.460004628066249097e+02 5.000000000000000000e+00 1.000000000000000000e+01
2.470004628066248529e+02 6.000000000000000000e+00 9.000000000000000000e+00
2.480004628066247960e+02 9.000000000000000000e+00 1.100000000000000000e+01
2.490004628066247392e+02 8.000000000000000000e+00 1.200000000000000000e+01
2.500003439901667548e+02 1.000000000000000000e+01 1.300000000000000000e+01
2.510004628066246255e+02 1.000000000000000000e+01 1.600000000000000000e+01
2.520001834412102824e+02 9.000000000000000000e+00 1.600000000000000000e+01
2.530000764663089114e+02 5.000000000000000000e+00 1.600000000000000000e+01
2.540004628066244550e+02 2.000000000000000000e+00 1.600000000000000000e+01
2.550004628066243981e+02 3.000000000000000000e+00 1.600000000000000000e+01
2.560004628066243413e+02 4.000000000000000000e+00 1.800000000000000000e+01
2.570000929008917296e+02 5.000000000000000000e+00 1.800000000000000000e+01
2.580004628066247960e+02 5.000000000000000000e+00 1.700000000000000000e+01
2.590004628066250234e+02 6.000000000000000000e+00 1.700000000000000000e+01
2.600004628066252508e+02 7.000000000000000000e+00 1.500000000000000000e+01
2.610004628066254782e+02 7.000000000000000000e+00 1.500000000000000000e+01
2.620004628066257055e+02 8.000000000000000000e+00 1.600000000000000000e+01
2.630004628066259329e+02 8.000000000000000000e+00 1.400000000000000000e+01
2.640004628066261603e+02 8.000000000000000000e+00 1.400000000000000000e+01
2.650004628066263876e+02 8.000000000000000000e+00 1.400000000000000000e+01
2.660004628066266150e+02 8.000000000000000000e+00 1.600000000000000000e+01
2.670004628066268424e+02 9.000000000000000000e+00 1.600000000000000000e+01
2.680004628066270698e+02 9.000000000000000000e+00 1.500000000000000000e+01
2.690004628066272971e+02 8.000000000000000000e+00 1.300000000000000000e+01
2.700004628066275245e+02 9.000000000000000000e+00 1.300000000000000000e+01
2.710004628066277519e+02 8.000000000000000000e+00 1.400000000000000000e+01
2.720004628066279793e+02 8.000000000000000000e+00 1.400000000000000000e+01
2.730004628066282066e+02 9.000000000000000000e+00 1.200000000000000000e+01
2.740002011105994484e+02 9.000000000000000000e+00 1.200000000000000000e+01
2.750004628066286614e+02 9.000000000000000000e+00 1.300000000000000000e+01
2.760004628066288888e+02 9.000000000000000000e+00 1.500000000000000000e+01
2.770004628066291161e+02 1.000000000000000000e+01 1.500000000000000000e+01
2.780004628066293435e+02 1.000000000000000000e+01 1.600000000000000000e+01
2.790004628066295709e+02 9.000000000000000000e+00 1.700000000000000000e+01
2.800004628066297983e+02 7.000000000000000000e+00 1.500000000000000000e+01
2.810004628066300256e+02 6.000000000000000000e+00 1.400000000000000000e+01
2.820004628066302530e+02 5.000000000000000000e+00 1.400000000000000000e+01
2.830004628066304804e+02 5.000000000000000000e+00 1.400000000000000000e+01
2.840004628066307077e+02 7.000000000000000000e+00 1.500000000000000000e+01
2.850004628066309351e+02 7.000000000000000000e+00 1.500000000000000000e+01
2.860003163726581192e+02 9.000000000000000000e+00 1.300000000000000000e+01
2.870004628066313899e+02 9.000000000000000000e+00 1.500000000000000000e+01
2.880004628066316172e+02 1.100000000000000000e+01 1.600000000000000000e+01
2.890004628066318446e+02 1.000000000000000000e+01 1.400000000000000000e+01
2.900004628066320720e+02 1.300000000000000000e+01 1.500000000000000000e+01
2.910004628066322994e+02 1.300000000000000000e+01 1.200000000000000000e+01
2.920004628066325267e+02 1.400000000000000000e+01 1.000000000000000000e+01
2.930004628066327541e+02 1.400000000000000000e+01 1.000000000000000000e+01
2.940004628066329815e+02 1.400000000000000000e+01 1.300000000000000000e+01
2.950004628066332089e+02 1.600000000000000000e+01 1.500000000000000000e+01
2.960004628066334362e+02 1.700000000000000000e+01 1.600000000000000000e+01
2.970001633007505575e+02 1.700000000000000000e+01 1.600000000000000000e+01
2.980004628066338910e+02 1.900000000000000000e+01 1.900000000000000000e+01
2.990004628066341184e+02 2.000000000000000000e+01 1.900000000000000000e+01
3.000004628066343457e+02 2.200000000000000000e+01 1.700000000000000000e+01
