0.000000000000000000e+00 0.000000000000000000e+00 0.000000000000000000e+00
1.000497071260239679e+00 0.000000000000000000e+00 0.000000000000000000e+00
2.000497071260240567e+00 1.000000000000000000e+00 1.000000000000000000e+00
3.000497071260241455e+00 2.000000000000000000e+00 2.000000000000000000e+00
4.000497071260242343e+00 2.000000000000000000e+00 2.000000000000000000e+00
5.000497071260238791e+00 4.000000000000000000e+00 4.000000000000000000e+00
6.000046053722913442e+00 4.000000000000000000e+00 4.000000000000000000e+00
7.000497071260231685e+00 5.000000000000000000e+00 5.000000000000000000e+00
8.000497071260229021e+00 6.000000000000000000e+00 6.000000000000000000e+00
9.000497071260225468e+00 8.000000000000000000e+00 8.000000000000000000e+00
1.000049707126022192e+01 1.100000000000000000e+01 1.100000000000000000e+01
1.100049707126021836e+01 9.000000000000000000e+00 9.000000000000000000e+00
1.200049707126021481e+01 1.000000000000000000e+01 1.000000000000000000e+01
1.300049707126021126e+01 9.000000000000000000e+00 9.000000000000000000e+00
1.400049707126020770e+01 1.000000000000000000e+01 1.000000000000000000e+01
1.500008706196092056e+01 1.100000000000000000e+01 1.200000000000000000e+01
1.600049707126020238e+01 8.000000000000000000e+00 9.000000000000000000e+00
1.700049707126021659e+01 6.000000000000000000e+00 8.000000000000000000e+00
1.800010022892140071e+01 6.000000000000000000e+00 1.000000000000000000e+01
1.900049707126024501e+01 6.000000000000000000e+00 9.000000000000000000e+00
2.000041197166978080e+01 7.000000000000000000e+00 9.000000000000000000e+00
2.100049707126027343e+01 4.000000000000000000e+00 6.000000000000000000e+00
2.200049707126028764e+01 2.000000000000000000e+00 6.000000000000000000e+00
2.300049707126030185e+01 3.000000000000000000e+00 6.000000000000000000e+00
2.400049707126031606e+01 3.000000000000000000e+00 3.000000000000000000e+00
2.500049707126033027e+01 1.000000000000000000e+00 3.000000000000000000e+00
2.600049707126034448e+01 0.000000000000000000e+00 3.000000000000000000e+00
2.700049707126035869e+01 0.000000000000000000e+00 3.000000000000000000e+00
2.800049707126037291e+01 1.000000000000000000e+00 3.000000000000000000e+00
2.900049707126038712e+01 0.000000000000000000e+00 3.000000000000000000e+00
3.000032319597708508e+01 1.000000000000000000e+00 3.000000000000000000e+00
3.100034983852787818e+01 3.000000000000000000e+00 5.000000000000000000e+00
3.200049707126042620e+01 2.000000000000000000e+00 5.000000000000000000e+00
3.300049707126044041e+01 2.000000000000000000e+00 5.000000000000000000e+00
3.400049707126045462e+01 2.000000000000000000e+00 5.000000000000000000e+00
3.500049707126046883e+01 4.000000000000000000e+00 7.000000000000000000e+00
3.600049707126048304e+01 6.000000000000000000e+00 9.000000000000000000e+00
3.700049707126049725e+01 8.000000000000000000e+00 1.000000000000000000e+01
3.800049707126051146e+01 8.000000000000000000e+00 1.000000000000000000e+01
3.900049707126052567e+01 9.000000000000000000e+00 1.100000000000000000e+01
4.000049707126053988e+01 9.000000000000000000e+00 1.100000000000000000e+01
4.100049707126055409e+01 1.000000000000000000e+01 1.300000000000000000e+01
4.200049707126056830e+01 6.000000000000000000e+00 1.200000000000000000e+01
4.300049707126058252e+01 4.000000000000000000e+00 1.200000000000000000e+01
4.400043260098362197e+01 3.000000000000000000e+00 1.200000000000000000e+01
4.500049707126061094e+01 3.000000000000000000e+00 1.200000000000000000e+01
4.600049707126062515e+01 4.000000000000000000e+00 1.200000000000000000e+01
4.700049707126063936e+01 3.000000000000000000e+00 1.200000000000000000e+01
4.800049707126065357e+01 4.000000000000000000e+00 1.100000000000000000e+01
4.900010547516687609e+01 5.000000000000000000e+00 1.400000000000000000e+01
5.000049707126068199e+01 5.000000000000000000e+00 1.400000000000000000e+01
5.100049707126069620e+01 5.000000000000000000e+00 1.300000000000000000e+01
5.200049707126071041e+01 4.000000000000000000e+00 1.300000000000000000e+01
5.300049707126072462e+01 4.000000000000000000e+00 1.400000000000000000e+01
5.400049707126073884e+01 5.000000000000000000e+00 1.600000000000000000e+01
5.500049707126075305e+01 5.000000000000000000e+00 1.600000000000000000e+01
5.600037023658301649e+01 5.000000000000000000e+00 1.500000000000000000e+01
5.700049707126078147e+01 6.000000000000000000e+00 1.300000000000000000e+01
5.800049707126079568e+01 7.000000000000000000e+00 1.000000000000000000e+01
5.900012332506008050e+01 7.000000000000000000e+00 8.000000000000000000e+00
6.000049707126082410e+01 7.000000000000000000e+00 8.000000000000000000e+00
6.100049707126083831e+01 7.000000000000000000e+00 7.000000000000000000e+00
6.200049707126085252e+01 7.000000000000000000e+00 8.000000000000000000e+00
6.300049707126086673e+01 4.000000000000000000e+00 8.000000000000000000e+00
6.400049707126088094e+01 4.000000000000000000e+00 8.000000000000000000e+00
6.500049707126082410e+01 3.000000000000000000e+00 8.000000000000000000e+00
6.600049707126076726e+01 3.000000000000000000e+00 8.000000000000000000e+00
6.700049707126071041e+01 4.000000000000000000e+00 8.000000000000000000e+00
6.800049707126065357e+01 5.000000000000000000e+00 1.100000000000000000e+01
6.900049707126059673e+01 6.000000000000000000e+00 1.400000000000000000e+01
7.000049707126053988e+01 8.000000000000000000e+00 1.300000000000000000e+01
7.100049707126048304e+01 8.000000000000000000e+00 1.100000000000000000e+01
7.200049707126042620e+01 8.000000000000000000e+00 1.000000000000000000e+01
7.300049707126036935e+01 8.000000000000000000e+00 1.100000000000000000e+01
7.400049707126031251e+01 7.000000000000000000e+00 1.200000000000000000e+01
7.500028580836956849e+01 6.000000000000000000e+00 1.300000000000000000e+01
7.600049707126019882e+01 6.000000000000000000e+00 1.400000000000000000e+01
7.700038861646753219e+01 5.000000000000000000e+00 1.200000000000000000e+01
7.800023828121560143e+01 3.000000000000000000e+00 1.100000000000000000e+01
7.900049707126002829e+01 2.000000000000000000e+00 1.000000000000000000e+01
8.000049707125997145e+01 1.000000000000000000e+00 9.000000000000000000e+00
8.100049707125991461e+01 3.000000000000000000e+00 1.000000000000000000e+01
8.200049707125985776e+01 2.000000000000000000e+00 8.000000000000000000e+00
8.300049707125980092e+01 3.000000000000000000e+00 9.000000000000000000e+00
8.400049707125974408e+01 4.000000000000000000e+00 1.000000000000000000e+01
8.500011841117625977e+01 1.000000000000000000e+00 1.100000000000000000e+01
8.600049707125963039e+01 1.000000000000000000e+00 1.200000000000000000e+01
8.700049707125957354e+01 2.000000000000000000e+00 1.200000000000000000e+01
8.800049707125951670e+01 1.000000000000000000e+00 1.100000000000000000e+01
8.900049707125945986e+01 1.000000000000000000e+00 1.000000000000000000e+01
9.000049707125940301e+01 2.000000000000000000e+00 1.100000000000000000e+01
9.100049707125934617e+01 2.000000000000000000e+00 1.100000000000000000e+01
9.200049707125928933e+01 3.000000000000000000e+00 1.000000000000000000e+01
9.300049707125923248e+01 3.000000000000000000e+00 9.000000000000000000e+00
9.400049707125917564e+01 4.000000000000000000e+00 8.000000000000000000e+00
9.500049707125911880e+01 4.000000000000000000e+00 9.000000000000000000e+00
9.600049707125906195e+01 5.000000000000000000e+00 9.000000000000000000e+00
9.700049707125900511e+01 8.000000000000000000e+00 1.000000000000000000e+01
9.800049707125894827e+01 6.000000000000000000e+00 1.000000000000000000e+01
9.900049707125889142e+01 5.000000000000000000e+00 1.000000000000000000e+01
1.000004970712588346e+02 7.000000000000000000e+00 1.100000000000000000e+01
1.010004970712587777e+02 6.000000000000000000e+00 1.100000000000000000e+01
1.020004970712587209e+02 7.000000000000000000e+00 1.200000000000000000e+01
1.030004970712586641e+02 9.000000000000000000e+00 1.100000000000000000e+01
1.040000070786780668e+02 9.000000000000000000e+00 1.100000000000000000e+01
1.050004970712585504e+02 1.000000000000000000e+01 1.200000000000000000e+01
1.060004970712584935e+02 1.000000000000000000e+01 1.100000000000000000e+01
1.070004970712584367e+02 1.100000000000000000e+01 1.100000000000000000e+01
1.080003304941254072e+02 1.200000000000000000e+01 8.000000000000000000e+00
1.090004970712583230e+02 1.400000000000000000e+01 7.000000000000000000e+00
1.100004970712582661e+02 1.400000000000000000e+01 6.000000000000000000e+00
1.110001339080043437e+02 1.600000000000000000e+01 3.000000000000000000e+00
1.120004970712581525e+02 1.700000000000000000e+01 3.000000000000000000e+00
1.130001929413158166e+02 1.900000000000000000e+01 5.000000000000000000e+00
1.140004611704832058e+02 2.000000000000000000e+01 4.000000000000000000e+00
1.150004970712579819e+02 2.200000000000000000e+01 5.000000000000000000e+00
1.160004970712579251e+02 2.200000000000000000e+01 6.000000000000000000e+00
1.170004970712578682e+02 2.400000000000000000e+01 6.000000000000000000e+00
1.180002616604708408e+02 2.300000000000000000e+01 5.000000000000000000e+00
1.190004970712577546e+02 2.500000000000000000e+01 5.000000000000000000e+00
1.200004970712576977e+02 2.500000000000000000e+01 7.000000000000000000e+00
1.210004970712576409e+02 2.200000000000000000e+01 6.000000000000000000e+00
1.220004970712575840e+02 1.500000000000000000e+01 7.000000000000000000e+00
1.230000925768511877e+02 1.400000000000000000e+01 8.000000000000000000e+00
1.240004970712574703e+02 1.500000000000000000e+01 1.100000000000000000e+01
1.250004970712574135e+02 1.500000000000000000e+01 1.100000000000000000e+01
1.260004970712573567e+02 1.500000000000000000e+01 1.100000000000000000e+01
1.270004970712572998e+02 1.500000000000000000e+01 1.200000000000000000e+01
1.280004970712572572e+02 1.400000000000000000e+01 1.400000000000000000e+01
1.290000432741081227e+02 1.300000000000000000e+01 1.000000000000000000e+01
1.300001109057567987e+02 1.300000000000000000e+01 9.000000000000000000e+00
1.310004970712570866e+02 1.300000000000000000e+01 7.000000000000000000e+00
1.320001285384051926e+02 1.500000000000000000e+01 7.000000000000000000e+00
1.330004970712569730e+02 1.500000000000000000e+01 7.000000000000000000e+00
1.340004970712569161e+02 1.400000000000000000e+01 7.000000000000000000e+00
1.350004970712568593e+02 1.400000000000000000e+01 7.000000000000000000e+00
1.360004970712568024e+02 1.400000000000000000e+01 7.000000000000000000e+00
1.370004970712567456e+02 1.400000000000000000e+01 7.000000000000000000e+00
1.380001807991592671e+02 1.500000000000000000e+01 8.000000000000000000e+00
1.390004970712566319e+02 1.600000000000000000e+01 9.000000000000000000e+00
1.400004970712565751e+02 1.800000000000000000e+01 9.000000000000000000e+00
1.410001377534341600e+02 1.600000000000000000e+01 1.000000000000000000e+01
1.420004970712564614e+02 1.600000000000000000e+01 9.000000000000000000e+00
1.430004970712564045e+02 1.400000000000000000e+01 1.000000000000000000e+01
1.440004970712563477e+02 1.300000000000000000e+01 1.000000000000000000e+01
1.450004970712562908e+02 9.000000000000000000e+00 1.100000000000000000e+01
1.460004970712562340e+02 1.000000000000000000e+01 1.100000000000000000e+01
1.470004627371352512e+02 1.000000000000000000e+01 1.500000000000000000e+01
1.480004970712561203e+02 1.000000000000000000e+01 1.500000000000000000e+01
1.490004970712560635e+02 1.200000000000000000e+01 1.400000000000000000e+01
1.500004970712560066e+02 1.200000000000000000e+01 1.100000000000000000e+01
1.510004970712559498e+02 1.400000000000000000e+01 1.300000000000000000e+01
1.520004970712558929e+02 1.400000000000000000e+01 1.300000000000000000e+01
1.530004970712558361e+02 1.400000000000000000e+01 1.500000000000000000e+01
1.540004970712557792e+02 1.500000000000000000e+01 1.300000000000000000e+01
1.550004970712557224e+02 1.600000000000000000e+01 1.300000000000000000e+01
1.560004970712556656e+02 1.500000000000000000e+01 1.300000000000000000e+01
1.570001894903743107e+02 1.600000000000000000e+01 1.300000000000000000e+01
1.580004970712555519e+02 1.800000000000000000e+01 1.400000000000000000e+01
1.590004970712554950e+02 1.800000000000000000e+01 1.400000000000000000e+01
1.600004406386841822e+02 1.800000000000000000e+01 1.500000000000000000e+01
1.610004586064353305e+02 1.700000000000000000e+01 1.700000000000000000e+01
1.620004970712553245e+02 1.600000000000000000e+01 1.700000000000000000e+01
1.630004970712552677e+02 1.500000000000000000e+01 1.500000000000000000e+01
1.640002220977257252e+02 1.400000000000000000e+01 1.300000000000000000e+01
1.650004970712551540e+02 1.500000000000000000e+01 1.300000000000000000e+01
1.660004970712550971e+02 1.500000000000000000e+01 1.400000000000000000e+01
1.670004970712550403e+02 1.400000000000000000e+01 1.300000000000000000e+01
1.680004970712549834e+02 1.400000000000000000e+01 1.300000000000000000e+01
1.690004970712549266e+02 1.400000000000000000e+01 1.300000000000000000e+01
1.700004970712548698e+02 1.500000000000000000e+01 1.500000000000000000e+01
1.710004970712548129e+02 1.600000000000000000e+01 1.400000000000000000e+01
1.720004970712547561e+02 1.600000000000000000e+01 1.400000000000000000e+01
1.730004970712546992e+02 1.700000000000000000e+01 1.700000000000000000e+01
1.740004970712546424e+02 1.600000000000000000e+01 1.700000000000000000e+01
1.750004970712545855e+02 1.600000000000000000e+01 1.600000000000000000e+01
1.760004970712545287e+02 1.700000000000000000e+01 1.500000000000000000e+01
1.770004970712544718e+02 1.800000000000000000e+01 1.600000000000000000e+01
1.780004970712544150e+02 1.700000000000000000e+01 1.600000000000000000e+01
1.790004970712543582e+02 1.700000000000000000e+01 1.900000000000000000e+01
1.800004970712543013e+02 1.700000000000000000e+01 2.000000000000000000e+01
1.810004970712542445e+02 1.900000000000000000e+01 2.100000000000000000e+01
1.820004970712541876e+02 2.000000000000000000e+01 2.100000000000000000e+01
1.830004970712541308e+02 2.000000000000000000e+01 2.200000000000000000e+01
1.840004970712540739e+02 1.600000000000000000e+01 2.100000000000000000e+01
1.850004970712540171e+02 1.600000000000000000e+01 2.000000000000000000e+01
1.860004970712539603e+02 1.600000000000000000e+01 1.900000000000000000e+01
1.870003857930088316e+02 1.600000000000000000e+01 1.800000000000000000e+01
1.880004970712538466e+02 1.600000000000000000e+01 1.400000000000000000e+01
1.890004970712537897e+02 1.700000000000000000e+01 1.200000000000000000e+01
1.900004970712537329e+02 1.600000000000000000e+01 9.000000000000000000e+00
1.910004970712536760e+02 1.600000000000000000e+01 6.000000000000000000e+00
1.920004970712536192e+02 1.500000000000000000e+01 4.000000000000000000e+00
1.930004970712535624e+02 1.600000000000000000e+01 5.000000000000000000e+00
1.940004970712535055e+02 1.400000000000000000e+01 5.000000000000000000e+00
1.950004970712534487e+02 1.400000000000000000e+01 6.000000000000000000e+00
1.960004970712533918e+02 1.500000000000000000e+01 8.000000000000000000e+00
1.970002017355535884e+02 1.200000000000000000e+01 9.000000000000000000e+00
1.980004970712532781e+02 1.100000000000000000e+01 8.000000000000000000e+00
1.990004970712532213e+02 1.000000000000000000e+01 7.000000000000000000e+00
2.000004970712531644e+02 1.100000000000000000e+01 6.000000000000000000e+00
2.010003782476624963e+02 1.000000000000000000e+01 5.000000000000000000e+00
2.020004372797564542e+02 1.000000000000000000e+01 4.000000000000000000e+00
2.030003320466083494e+02 1.000000000000000000e+01 5.000000000000000000e+00
2.040004970712529371e+02 1.000000000000000000e+01 4.000000000000000000e+00
2.050004970712528802e+02 1.100000000000000000e+01 4.000000000000000000e+00
2.060004970712528234e+02 1.300000000000000000e+01 6.000000000000000000e+00
2.070004970712527665e+02 1.400000000000000000e+01 5.000000000000000000e+00
2.080004970712527097e+02 1.700000000000000000e+01 5.000000000000000000e+00
2.090004970712526529e+02 1.900000000000000000e+01 5.000000000000000000e+00
2.100001300470496233e+02 2.000000000000000000e+01 3.000000000000000000e+00
2.110004970712525392e+02 2.000000000000000000e+01 4.000000000000000000e+00
2.120004970712524823e+02 2.000000000000000000e+01 4.000000000000000000e+00
2.130004970712524255e+02 2.000000000000000000e+01 4.000000000000000000e+00
2.140004970712523686e+02 2.100000000000000000e+01 4.000000000000000000e+00
2.150004970712523118e+02 2.300000000000000000e+01 4.000000000000000000e+00
2.160004970712522550e+02 2.400000000000000000e+01 4.000000000000000000e+00
2.170004970712521981e+02 2.300000000000000000e+01 5.000000000000000000e+00
2.180004970712521413e+02 2.000000000000000000e+01 6.000000000000000000e+00
2.190003440176666629e+02 1.800000000000000000e+01 7.000000000000000000e+00
2.200004970712520276e+02 1.700000000000000000e+01 8.000000000000000000e+00
2.210004970712519707e+02 1.800000000000000000e+01 8.000000000000000000e+00
2.220004970712519139e+02 1.800000000000000000e+01 8.000000000000000000e+00
2.230004970712518571e+02 1.900000000000000000e+01 7.000000000000000000e+00
2.240004970712518002e+02 1.900000000000000000e+01 7.000000000000000000e+00
2.250003628084722322e+02 2.100000000000000000e+01 6.000000000000000000e+00
2.260000118425824667e+02 2.000000000000000000e+01 5.000000000000000000e+00
2.270004970712516297e+02 2.000000000000000000e+01 7.000000000000000000e+00
2.280004970712515728e+02 1.600000000000000000e+01 6.000000000000000000e+00
2.290001895149230506e+02 1.400000000000000000e+01 6.000000000000000000e+00
2.300004970712514591e+02 1.200000000000000000e+01 7.000000000000000000e+00
2.310001219774095489e+02 1.100000000000000000e+01 7.000000000000000000e+00
2.320004970712513455e+02 1.100000000000000000e+01 7.000000000000000000e+00
2.330004970712512886e+02 1.000000000000000000e+01 6.000000000000000000e+00
2.340004970712512318e+02 9.000000000000000000e+00 4.000000000000000000e+00
2.350004970712511749e+02 9.000000000000000000e+00 4.000000000000000000e+00
2.360004970712511181e+02 9.000000000000000000e+00 5.000000000000000000e+00
2.370004970712510612e+02 9.000000000000000000e+00 6.000000000000000000e+00
2.380004970712510044e+02 1.000000000000000000e+01 7.000000000000000000e+00
2.390004970712509476e+02 1.000000000000000000e+01 7.000000000000000000e+00
2.400004970712508907e+02 1.100000000000000000e+01 8.000000000000000000e+00
2.410004970712508339e+02 1.300000000000000000e+01 8.000000000000000000e+00
2.420004970712507770e+02 1.400000000000000000e+01 1.000000000000000000e+01
2.430004970712507202e+02 1.200000000000000000e+01 9.000000000000000000e+00
2.440004970712506633e+02 1.200000000000000000e+01 1.100000000000000000e+01
2.450004970712506065e+02 1.300000000000000000e+01 1.000000000000000000e+01
2.460004970712505497e+02 1.300000000000000000e+01 1.000000000000000000e+01
2.470004970712504928e+02 1.400000000000000000e+01 1.200000000000000000e+01
2.480004970712504360e+02 1.600000000000000000e+01 1.300000000000000000e+01
2.490004970712503791e+02 1.200000000000000000e+01 1.400000000000000000e+01
2.500004970712503223e+02 1.200000000000000000e+01 1.400000000000000000e+01
2.510004970712502654e+02 1.200000000000000000e+01 1.600000000000000000e+01
2.520004970712502086e+02 1.200000000000000000e+01 1.600000000000000000e+01
2.530004970712501517e+02 1.300000000000000000e+01 1.700000000000000000e+01
2.540000096666896638e+02 1.400000000000000000e+01 1.700000000000000000e+01
2.550004970712500381e+02 1.400000000000000000e+01 1.700000000000000000e+01
2.560004970712499812e+02 1.500000000000000000e+01 1.800000000000000000e+01
2.570004970712502086e+02 1.600000000000000000e+01 1.500000000000000000e+01
2.580004970712504360e+02 1.600000000000000000e+01 1.600000000000000000e+01
2.590004970712506633e+02 1.600000000000000000e+01 1.800000000000000000e+01
2.600004970712508907e+02 1.400000000000000000e+01 1.700000000000000000e+01
2.610004970712511181e+02 1.200000000000000000e+01 1.700000000000000000e+01
2.620004970712513455e+02 1.000000000000000000e+01 1.800000000000000000e+01
2.630004970712515728e+02 1.100000000000000000e+01 1.700000000000000000e+01
2.640004970712518002e+02 1.300000000000000000e+01 1.900000000000000000e+01
2.650004970712520276e+02 1.200000000000000000e+01 1.900000000000000000e+01
2.660001596623168894e+02 1.200000000000000000e+01 1.800000000000000000e+01
2.670004970712524823e+02 1.300000000000000000e+01 1.900000000000000000e+01
2.680004970712527097e+02 1.300000000000000000e+01 1.900000000000000000e+01
2.690004970712529371e+02 1.300000000000000000e+01 1.900000000000000000e+01
2.700004970712531644e+02 8.000000000000000000e+00 1.900000000000000000e+01
2.710004970712533918e+02 7.000000000000000000e+00 1.800000000000000000e+01
2.720004970712536192e+02 7.000000000000000000e+00 1.600000000000000000e+01
2.730004970712538466e+02 9.000000000000000000e+00 1.300000000000000000e+01
2.740004970712540739e+02 8.000000000000000000e+00 1.400000000000000000e+01
2.750004970712543013e+02 6.000000000000000000e+00 1.500000000000000000e+01
2.760004970712545287e+02 8.000000000000000000e+00 1.400000000000000000e+01
2.770002723178106976e+02 9.000000000000000000e+00 1.500000000000000000e+01
2.780004970712549834e+02 9.000000000000000000e+00 1.800000000000000000e+01
2.790004970712552108e+02 6.000000000000000000e+00 1.700000000000000000e+01
2.800004970712554382e+02 5.000000000000000000e+00 1.600000000000000000e+01
2.810004970712556656e+02 5.000000000000000000e+00 1.700000000000000000e+01
2.820004970712558929e+02 6.000000000000000000e+00 1.600000000000000000e+01
2.830004970712561203e+02 5.000000000000000000e+00 1.700000000000000000e+01
2.840004970712563477e+02 7.000000000000000000e+00 1.700000000000000000e+01
2.850004970712565751e+02 7.000000000000000000e+00 1.800000000000000000e+01
2.860004970712568024e+02 6.000000000000000000e+00 1.800000000000000000e+01
2.870004970712570298e+02 6.000000000000000000e+00 1.800000000000000000e+01
2.880004970712572572e+02 7.000000000000000000e+00 1.800000000000000000e+01
2.890004970712574845e+02 7.000000000000000000e+00 2.000000000000000000e+01
2.900004842865648129e+02 1.000000000000000000e+01 2.000000000000000000e+01
2.910004970712579393e+02 1.200000000000000000e+01 2.000000000000000000e+01
2.920004970712581667e+02 1.200000000000000000e+01 2.000000000000000000e+01
2.930004970712583940e+02 1.100000000000000000e+01 2.000000000000000000e+01
2.940004470278108784e+02 1.000000000000000000e+01 2.100000000000000000e+01
2.950004970712588488e+02 1.100000000000000000e+01 2.000000000000000000e+01
2.960004970712590762e+02 1.000000000000000000e+01 2.000000000000000000e+01
2.970001043612637091e+02 9.000000000000000000e+00 1.900000000000000000e+01
2.980004970712595309e+02 1.000000000000000000e+01 1.800000000000000000e+01
2.990004970712597583e+02 1.000000000000000000e+01 2.000000000000000000e+01
3.000004970712599857e+02 1.200000000000000000e+01 1.900000000000000000e+01
