0.000000000000000000e+00 0.000000000000000000e+00 0.000000000000000000e+00
1.001573159839750149e+00 1.000000000000000000e+00 1.000000000000000000e+00
2.001573159839750815e+00 1.000000000000000000e+00 1.000000000000000000e+00
3.000008801714963980e+00 2.000000000000000000e+00 2.000000000000000000e+00
4.000727294437878001e+00 5.000000000000000000e+00 5.000000000000000000e+00
5.001573159839749039e+00 5.000000000000000000e+00 5.000000000000000000e+00
6.001063089533489325e+00 4.000000000000000000e+00 4.000000000000000000e+00
7.000179338614844760e+00 4.000000000000000000e+00 4.000000000000000000e+00
8.001573159839738381e+00 5.000000000000000000e+00 5.000000000000000000e+00
9.001573159839734828e+00 5.000000000000000000e+00 5.000000000000000000e+00
1.000157315983973128e+01 5.000000000000000000e+00 5.000000000000000000e+00
1.100157315983972772e+01 8.000000000000000000e+00 8.000000000000000000e+00
1.200157315983972417e+01 7.000000000000000000e+00 7.000000000000000000e+00
1.300070035812131053e+01 7.000000000000000000e+00 7.000000000000000000e+00
1.400020335708485497e+01 6.000000000000000000e+00 6.000000000000000000e+00
1.500157315983971351e+01 6.000000000000000000e+00 6.000000000000000000e+00
1.600145152541126947e+01 6.000000000000000000e+00 6.000000000000000000e+00
1.700157315983972595e+01 6.000000000000000000e+00 6.000000000000000000e+00
1.800157315983974016e+01 6.000000000000000000e+00 6.000000000000000000e+00
1.900157315983975437e+01 7.000000000000000000e+00 7.000000000000000000e+00
2.000094211904972497e+01 5.000000000000000000e+00 4.000000000000000000e+00
2.100157315983978279e+01 4.000000000000000000e+00 4.000000000000000000e+00
2.200157315983979700e+01 2.000000000000000000e+00 2.000000000000000000e+00
2.300157315983981121e+01 2.000000000000000000e+00 1.000000000000000000e+00
2.400157315983982542e+01 0.000000000000000000e+00 1.000000000000000000e+00
2.500044564366201882e+01 1.000000000000000000e+00 1.000000000000000000e+00
2.600157315983985384e+01 1.000000000000000000e+00 0.000000000000000000e+00
2.700149839756717185e+01 3.000000000000000000e+00 3.000000000000000000e+00
2.800157315983988227e+01 3.000000000000000000e+00 3.000000000000000000e+00
2.900157315983989648e+01 2.000000000000000000e+00 3.000000000000000000e+00
3.000157315983991069e+01 2.000000000000000000e+00 3.000000000000000000e+00
3.100157315983992490e+01 2.000000000000000000e+00 3.000000000000000000e+00
3.200055477044575980e+01 4.000000000000000000e+00 4.000000000000000000e+00
3.300157315983994977e+01 4.000000000000000000e+00 4.000000000000000000e+00
3.400157315983996398e+01 5.000000000000000000e+00 4.000000000000000000e+00
3.500157315983997819e+01 5.000000000000000000e+00 4.000000000000000000e+00
3.600157315983999240e+01 5.000000000000000000e+00 5.000000000000000000e+00
3.700157315984000661e+01 5.000000000000000000e+00 5.000000000000000000e+00
3.800089455601163735e+01 6.000000000000000000e+00 6.000000000000000000e+00
3.900157315984003503e+01 7.000000000000000000e+00 6.000000000000000000e+00
4.000157315984004924e+01 5.000000000000000000e+00 4.000000000000000000e+00
4.100131725202354716e+01 5.000000000000000000e+00 5.000000000000000000e+00
4.200157315984007766e+01 6.000000000000000000e+00 4.000000000000000000e+00
4.300157315984009188e+01 5.000000000000000000e+00 3.000000000000000000e+00
4.400157315984010609e+01 3.000000000000000000e+00 4.000000000000000000e+00
4.500079621957380027e+01 5.000000000000000000e+00 4.000000000000000000e+00
4.600157315984013451e+01 4.000000000000000000e+00 3.000000000000000000e+00
4.700157315984014872e+01 5.000000000000000000e+00 2.000000000000000000e+00
4.800157315984016293e+01 5.000000000000000000e+00 2.000000000000000000e+00
4.900002835121711087e+01 5.000000000000000000e+00 3.000000000000000000e+00
5.000076135242608899e+01 8.000000000000000000e+00 5.000000000000000000e+00
5.100157315984020556e+01 8.000000000000000000e+00 5.000000000000000000e+00
5.200157315984021977e+01 9.000000000000000000e+00 5.000000000000000000e+00
5.300109196748503848e+01 1.000000000000000000e+01 6.000000000000000000e+00
5.400103928072157089e+01 1.200000000000000000e+01 7.000000000000000000e+00
5.500029691947212029e+01 1.000000000000000000e+01 4.000000000000000000e+00
5.600157315984027662e+01 1.200000000000000000e+01 5.000000000000000000e+00
5.700157315984029083e+01 1.200000000000000000e+01 6.000000000000000000e+00
5.800157315984030504e+01 1.200000000000000000e+01 6.000000000000000000e+00
5.900157315984031925e+01 1.200000000000000000e+01 5.000000000000000000e+00
6.000157315984033346e+01 1.400000000000000000e+01 7.000000000000000000e+00
6.100157315984034767e+01 1.500000000000000000e+01 5.000000000000000000e+00
6.200157315984036188e+01 1.600000000000000000e+01 5.000000000000000000e+00
6.300157315984037609e+01 1.800000000000000000e+01 6.000000000000000000e+00
6.400157315984039030e+01 1.800000000000000000e+01 2.000000000000000000e+00
6.500036462122378111e+01 1.800000000000000000e+01 1.000000000000000000e+00
6.600157315984027662e+01 2.000000000000000000e+01 1.000000000000000000e+00
6.700157315984021977e+01 2.200000000000000000e+01 2.000000000000000000e+00
6.800157315984016293e+01 2.100000000000000000e+01 6.000000000000000000e+00
6.900037493053889648e+01 2.100000000000000000e+01 4.000000000000000000e+00
7.000157315984004924e+01 2.200000000000000000e+01 4.000000000000000000e+00
7.100157315983999240e+01 2.200000000000000000e+01 5.000000000000000000e+00
7.200157315983993556e+01 2.400000000000000000e+01 6.000000000000000000e+00
7.300157315983987871e+01 2.400000000000000000e+01 6.000000000000000000e+00
7.400157315983982187e+01 2.300000000000000000e+01 5.000000000000000000e+00
7.500157315983976503e+01 2.200000000000000000e+01 6.000000000000000000e+00
7.600155847298741207e+01 2.200000000000000000e+01 6.000000000000000000e+00
7.700157315983965134e+01 2.300000000000000000e+01 7.000000000000000000e+00
7.800157315983959450e+01 2.200000000000000000e+01 7.000000000000000000e+00
7.900157315983953765e+01 2.300000000000000000e+01 8.000000000000000000e+00
8.000088877490510697e+01 2.300000000000000000e+01 6.000000000000000000e+00
8.100123839154210259e+01 2.300000000000000000e+01 5.000000000000000000e+00
8.200157315983936712e+01 2.300000000000000000e+01 5.000000000000000000e+00
8.300157315983931028e+01 2.200000000000000000e+01 5.000000000000000000e+00
8.400157315983925344e+01 2.200000000000000000e+01 6.000000000000000000e+00
8.500157315983919659e+01 2.300000000000000000e+01 6.000000000000000000e+00
8.600157315983913975e+01 2.300000000000000000e+01 6.000000000000000000e+00
8.700022786988469647e+01 2.400000000000000000e+01 5.000000000000000000e+00
8.800157315983902606e+01 2.500000000000000000e+01 7.000000000000000000e+00
8.900157315983896922e+01 2.500000000000000000e+01 7.000000000000000000e+00
9.000157315983891237e+01 2.500000000000000000e+01 6.000000000000000000e+00
9.100073170459982919e+01 2.500000000000000000e+01 1.000000000000000000e+01
9.200157315983879869e+01 2.600000000000000000e+01 8.000000000000000000e+00
9.300157315983874184e+01 2.700000000000000000e+01 7.000000000000000000e+00
9.400157315983868500e+01 2.700000000000000000e+01 8.000000000000000000e+00
9.500157315983862816e+01 2.600000000000000000e+01 5.000000000000000000e+00
9.600157315983857131e+01 2.500000000000000000e+01 4.000000000000000000e+00
9.700087323042572507e+01 2.100000000000000000e+01 3.000000000000000000e+00
9.800015764404732010e+01 1.600000000000000000e+01 4.000000000000000000e+00
9.900157315983840078e+01 1.500000000000000000e+01 4.000000000000000000e+00
1.000015731598383439e+02 1.500000000000000000e+01 4.000000000000000000e+00
1.010012394408091723e+02 1.400000000000000000e+01 4.000000000000000000e+00
1.020015731598382303e+02 1.400000000000000000e+01 4.000000000000000000e+00
1.030002280444438725e+02 1.100000000000000000e+01 3.000000000000000000e+00
1.040015731598381166e+02 1.100000000000000000e+01 3.000000000000000000e+00
1.050015731598380597e+02 1.200000000000000000e+01 3.000000000000000000e+00
1.060015731598380029e+02 1.300000000000000000e+01 4.000000000000000000e+00
1.070015731598379460e+02 1.300000000000000000e+01 6.000000000000000000e+00
1.080015731598378892e+02 1.300000000000000000e+01 5.000000000000000000e+00
1.090011280331054877e+02 1.400000000000000000e+01 5.000000000000000000e+00
1.100015731598377755e+02 1.400000000000000000e+01 5.000000000000000000e+00
1.110009785285763542e+02 1.400000000000000000e+01 5.000000000000000000e+00
1.120015731598376618e+02 1.400000000000000000e+01 5.000000000000000000e+00
1.130015731598376050e+02 1.600000000000000000e+01 6.000000000000000000e+00
1.140015731598375481e+02 1.900000000000000000e+01 8.000000000000000000e+00
1.150015731598374913e+02 1.600000000000000000e+01 8.000000000000000000e+00
1.160015731598374344e+02 1.500000000000000000e+01 9.000000000000000000e+00
1.170015731598373776e+02 1.400000000000000000e+01 1.000000000000000000e+01
1.180015731598373208e+02 1.300000000000000000e+01 9.000000000000000000e+00
1.190009294982832415e+02 1.400000000000000000e+01 1.000000000000000000e+01
1.200015731598372071e+02 1.100000000000000000e+01 1.000000000000000000e+01
1.210015731598371502e+02 9.000000000000000000e+00 1.100000000000000000e+01
1.220003668527106413e+02 9.000000000000000000e+00 1.100000000000000000e+01
1.230008171755300168e+02 1.000000000000000000e+01 1.100000000000000000e+01
1.240015731598369797e+02 1.000000000000000000e+01 1.200000000000000000e+01
1.250015731598369229e+02 9.000000000000000000e+00 1.300000000000000000e+01
1.260015731598368660e+02 1.000000000000000000e+01 1.300000000000000000e+01
1.270015731598368092e+02 1.100000000000000000e+01 1.300000000000000000e+01
1.280015731598367665e+02 1.100000000000000000e+01 1.300000000000000000e+01
1.290015731598367097e+02 1.200000000000000000e+01 1.300000000000000000e+01
1.300015731598366528e+02 1.200000000000000000e+01 1.000000000000000000e+01
1.310015731598365960e+02 1.300000000000000000e+01 1.000000000000000000e+01
1.320009247211378636e+02 1.400000000000000000e+01 9.000000000000000000e+00
1.330015731598364823e+02 1.500000000000000000e+01 8.000000000000000000e+00
1.340013999417886907e+02 1.700000000000000000e+01 1.000000000000000000e+01
1.350015731598363686e+02 1.800000000000000000e+01 8.000000000000000000e+00
1.360015731598363118e+02 1.500000000000000000e+01 7.000000000000000000e+00
1.370015731598362549e+02 1.500000000000000000e+01 7.000000000000000000e+00
1.380015731598361981e+02 1.400000000000000000e+01 6.000000000000000000e+00
1.390015731598361413e+02 1.400000000000000000e+01 6.000000000000000000e+00
1.400015731598360844e+02 1.400000000000000000e+01 5.000000000000000000e+00
1.410015731598360276e+02 1.200000000000000000e+01 4.000000000000000000e+00
1.420012140791171475e+02 1.300000000000000000e+01 5.000000000000000000e+00
1.430015731598359139e+02 1.200000000000000000e+01 6.000000000000000000e+00
1.440015731598358570e+02 1.200000000000000000e+01 6.000000000000000000e+00
1.450015731598358002e+02 1.300000000000000000e+01 6.000000000000000000e+00
1.460011662264151369e+02 1.300000000000000000e+01 5.000000000000000000e+00
1.470007581063465523e+02 1.400000000000000000e+01 6.000000000000000000e+00
1.480009361096178964e+02 1.500000000000000000e+01 6.000000000000000000e+00
1.490015731598355728e+02 1.600000000000000000e+01 6.000000000000000000e+00
1.500012261699525880e+02 1.500000000000000000e+01 5.000000000000000000e+00
1.510007468826892421e+02 1.700000000000000000e+01 5.000000000000000000e+00
1.520015731598354023e+02 1.800000000000000000e+01 5.000000000000000000e+00
1.530015731598353455e+02 1.700000000000000000e+01 6.000000000000000000e+00
1.540015731598352886e+02 1.700000000000000000e+01 6.000000000000000000e+00
1.550014376058464620e+02 1.600000000000000000e+01 7.000000000000000000e+00
1.560015731598351749e+02 1.600000000000000000e+01 5.000000000000000000e+00
1.570015731598351181e+02 1.500000000000000000e+01 4.000000000000000000e+00
1.580002400002875618e+02 1.400000000000000000e+01 3.000000000000000000e+00
1.590005341171018927e+02 1.100000000000000000e+01 2.000000000000000000e+00
1.600010681841978339e+02 1.000000000000000000e+01 2.000000000000000000e+00
1.610015731598348907e+02 1.000000000000000000e+01 2.000000000000000000e+00
1.620015731598348339e+02 1.200000000000000000e+01 2.000000000000000000e+00
1.630015731598347770e+02 1.300000000000000000e+01 3.000000000000000000e+00
1.640015731598347202e+02 1.600000000000000000e+01 6.000000000000000000e+00
1.650015731598346633e+02 1.600000000000000000e+01 8.000000000000000000e+00
1.660015731598346065e+02 1.200000000000000000e+01 7.000000000000000000e+00
1.670015731598345496e+02 9.000000000000000000e+00 6.000000000000000000e+00
1.680015731598344928e+02 9.000000000000000000e+00 6.000000000000000000e+00
1.690015731598344360e+02 9.000000000000000000e+00 6.000000000000000000e+00
1.700004372968140274e+02 8.000000000000000000e+00 5.000000000000000000e+00
1.710014263096412890e+02 9.000000000000000000e+00 5.000000000000000000e+00
1.720015731598342654e+02 1.100000000000000000e+01 7.000000000000000000e+00
1.730012403895801185e+02 1.100000000000000000e+01 6.000000000000000000e+00
1.740000738904964805e+02 8.000000000000000000e+00 6.000000000000000000e+00
1.750015731598340949e+02 8.000000000000000000e+00 6.000000000000000000e+00
1.760015731598340381e+02 6.000000000000000000e+00 7.000000000000000000e+00
1.770015731598339812e+02 6.000000000000000000e+00 7.000000000000000000e+00
1.780015731598339244e+02 6.000000000000000000e+00 8.000000000000000000e+00
1.790013423290799039e+02 5.000000000000000000e+00 7.000000000000000000e+00
1.800015731598338107e+02 5.000000000000000000e+00 3.000000000000000000e+00
1.810015731598337538e+02 7.000000000000000000e+00 2.000000000000000000e+00
1.820008789776368872e+02 7.000000000000000000e+00 1.000000000000000000e+00
1.830015731598336401e+02 9.000000000000000000e+00 1.000000000000000000e+00
1.840015731598335833e+02 8.000000000000000000e+00 1.000000000000000000e+00
1.850005286645148317e+02 7.000000000000000000e+00 2.000000000000000000e+00
1.860015731598334696e+02 7.000000000000000000e+00 1.000000000000000000e+00
1.870015731598334128e+02 8.000000000000000000e+00 1.000000000000000000e+00
1.880015731598333559e+02 7.000000000000000000e+00 3.000000000000000000e+00
1.890010105445870749e+02 7.000000000000000000e+00 5.000000000000000000e+00
1.900015731598332422e+02 6.000000000000000000e+00 5.000000000000000000e+00
1.910014618808346540e+02 7.000000000000000000e+00 4.000000000000000000e+00
1.920015731598331286e+02 6.000000000000000000e+00 4.000000000000000000e+00
1.930015731598330717e+02 8.000000000000000000e+00 8.000000000000000000e+00
1.940015076941016332e+02 8.000000000000000000e+00 8.000000000000000000e+00
1.950015731598329580e+02 9.000000000000000000e+00 8.000000000000000000e+00
1.960015731598329012e+02 9.000000000000000000e+00 7.000000000000000000e+00
1.970007414018946008e+02 8.000000000000000000e+00 7.000000000000000000e+00
1.980003257734996112e+02 9.000000000000000000e+00 8.000000000000000000e+00
1.990015731598327307e+02 8.000000000000000000e+00 9.000000000000000000e+00
2.000015731598326738e+02 9.000000000000000000e+00 9.000000000000000000e+00
2.010015731598326170e+02 1.100000000000000000e+01 1.000000000000000000e+01
2.020012364605451864e+02 9.000000000000000000e+00 9.000000000000000000e+00
2.030015731598325033e+02 9.000000000000000000e+00 8.000000000000000000e+00
2.040005596033695099e+02 1.200000000000000000e+01 9.000000000000000000e+00
2.050015731598323896e+02 1.000000000000000000e+01 8.000000000000000000e+00
2.060015731598323327e+02 1.000000000000000000e+01 7.000000000000000000e+00
2.070015731598322759e+02 1.200000000000000000e+01 7.000000000000000000e+00
2.080003780501065762e+02 1.700000000000000000e+01 9.000000000000000000e+00
2.090015731598321622e+02 1.700000000000000000e+01 9.000000000000000000e+00
2.100015731598321054e+02 1.800000000000000000e+01 8.000000000000000000e+00
2.110015731598320485e+02 1.800000000000000000e+01 6.000000000000000000e+00
2.120015731598319917e+02 1.900000000000000000e+01 7.000000000000000000e+00
2.130015731598319348e+02 2.000000000000000000e+01 6.000000000000000000e+00
2.140015731598318780e+02 2.000000000000000000e+01 6.000000000000000000e+00
2.150015731598318212e+02 2.100000000000000000e+01 8.000000000000000000e+00
2.160015731598317643e+02 2.200000000000000000e+01 6.000000000000000000e+00
2.170015731598317075e+02 2.100000000000000000e+01 6.000000000000000000e+00
2.180015731598316506e+02 2.200000000000000000e+01 6.000000000000000000e+00
2.190015731598315938e+02 2.200000000000000000e+01 6.000000000000000000e+00
2.200011916478218836e+02 2.300000000000000000e+01 6.000000000000000000e+00
2.210015731598314801e+02 2.500000000000000000e+01 7.000000000000000000e+00
2.220015731598314233e+02 2.600000000000000000e+01 7.000000000000000000e+00
2.230005479998448550e+02 2.400000000000000000e+01 7.000000000000000000e+00
2.240015731598313096e+02 2.400000000000000000e+01 8.000000000000000000e+00
2.250015731598312527e+02 2.400000000000000000e+01 9.000000000000000000e+00
2.260015731598311959e+02 2.200000000000000000e+01 1.000000000000000000e+01
2.270015731598311390e+02 2.000000000000000000e+01 8.000000000000000000e+00
2.280015731598310822e+02 1.900000000000000000e+01 7.000000000000000000e+00
2.290015731598310254e+02 1.900000000000000000e+01 8.000000000000000000e+00
2.300015731598309685e+02 1.900000000000000000e+01 8.000000000000000000e+00
2.310015731598309117e+02 1.900000000000000000e+01 1.000000000000000000e+01
2.320015731598308548e+02 2.100000000000000000e+01 1.000000000000000000e+01
2.330015731598307980e+02 2.100000000000000000e+01 1.000000000000000000e+01
2.340005545674112852e+02 2.100000000000000000e+01 1.100000000000000000e+01
2.350015731598306843e+02 2.400000000000000000e+01 1.400000000000000000e+01
2.360015731598306274e+02 2.400000000000000000e+01 1.500000000000000000e+01
2.370015731598305706e+02 2.300000000000000000e+01 1.500000000000000000e+01
2.380015731598305138e+02 2.300000000000000000e+01 1.600000000000000000e+01
2.390007541516692982e+02 2.300000000000000000e+01 1.600000000000000000e+01
2.400015731598304001e+02 2.300000000000000000e+01 1.700000000000000000e+01
2.410015731598303432e+02 2.600000000000000000e+01 1.900000000000000000e+01
2.420015731598302864e+02 2.700000000000000000e+01 1.800000000000000000e+01
2.430015731598302295e+02 2.900000000000000000e+01 1.800000000000000000e+01
2.440015731598301727e+02 2.900000000000000000e+01 1.600000000000000000e+01
2.450015731598301159e+02 3.000000000000000000e+01 1.700000000000000000e+01
2.460015731598300590e+02 3.000000000000000000e+01 1.800000000000000000e+01
2.470015731598300022e+02 3.100000000000000000e+01 1.500000000000000000e+01
2.480015731598299453e+02 3.300000000000000000e+01 1.400000000000000000e+01
2.490015731598298885e+02 3.300000000000000000e+01 1.400000000000000000e+01
2.500015731598298316e+02 3.600000000000000000e+01 1.500000000000000000e+01
2.510015731598297748e+02 3.600000000000000000e+01 1.300000000000000000e+01
2.520015731598297180e+02 3.600000000000000000e+01 1.000000000000000000e+01
2.530015731598296611e+02 3.800000000000000000e+01 9.000000000000000000e+00
2.540015731598296043e+02 3.900000000000000000e+01 9.000000000000000000e+00
2.550015731598295474e+02 3.900000000000000000e+01 7.000000000000000000e+00
2.560007934392327229e+02 4.000000000000000000e+01 8.000000000000000000e+00
2.570015731598297180e+02 4.200000000000000000e+01 7.000000000000000000e+00
2.580015731598299453e+02 4.200000000000000000e+01 9.000000000000000000e+00
2.590011383681664938e+02 4.300000000000000000e+01 1.100000000000000000e+01
2.600015731598304001e+02 4.200000000000000000e+01 1.100000000000000000e+01
2.610012334374800957e+02 4.300000000000000000e+01 1.300000000000000000e+01
2.620012575899787635e+02 4.500000000000000000e+01 1.300000000000000000e+01
2.630004886481335689e+02 4.400000000000000000e+01 1.300000000000000000e+01
2.640015731598313096e+02 4.500000000000000000e+01 1.300000000000000000e+01
2.650015731598315369e+02 4.500000000000000000e+01 1.200000000000000000e+01
2.660009612340547278e+02 4.600000000000000000e+01 1.200000000000000000e+01
2.670015731598319917e+02 3.600000000000000000e+01 1.200000000000000000e+01
2.680015731598322191e+02 3.500000000000000000e+01 1.300000000000000000e+01
2.690014830480107548e+02 3.000000000000000000e+01 1.000000000000000000e+01
2.700015731598326738e+02 1.700000000000000000e+01 9.000000000000000000e+00
2.710015731598329012e+02 1.100000000000000000e+01 1.000000000000000000e+01
2.720015731598331286e+02 8.000000000000000000e+00 1.000000000000000000e+01
2.730015731598333559e+02 3.000000000000000000e+00 1.000000000000000000e+01
2.740015731598335833e+02 1.000000000000000000e+00 9.000000000000000000e+00
2.750005744270798687e+02 1.000000000000000000e+00 8.000000000000000000e+00
2.760015731598340381e+02 2.000000000000000000e+00 1.000000000000000000e+01
2.770015731598342654e+02 2.000000000000000000e+00 1.000000000000000000e+01
2.780015731598344928e+02 2.000000000000000000e+00 9.000000000000000000e+00
2.790015731598347202e+02 3.000000000000000000e+00 1.000000000000000000e+01
2.800015731598349475e+02 2.000000000000000000e+00 1.100000000000000000e+01
2.810015731598351749e+02 2.000000000000000000e+00 1.000000000000000000e+01
2.820015731598354023e+02 3.000000000000000000e+00 1.000000000000000000e+01
2.830015731598356297e+02 3.000000000000000000e+00 1.100000000000000000e+01
2.840001555868100809e+02 3.000000000000000000e+00 1.100000000000000000e+01
2.850015731598360844e+02 4.000000000000000000e+00 1.200000000000000000e+01
2.860015731598363118e+02 4.000000000000000000e+00 9.000000000000000000e+00
2.870015731598365392e+02 5.000000000000000000e+00 1.000000000000000000e+01
2.880001588205730059e+02 5.000000000000000000e+00 1.000000000000000000e+01
2.890015731598369939e+02 5.000000000000000000e+00 1.100000000000000000e+01
2.900015731598372213e+02 5.000000000000000000e+00 1.100000000000000000e+01
2.910015731598374487e+02 5.000000000000000000e+00 1.000000000000000000e+01
2.920013899260692938e+02 6.000000000000000000e+00 1.100000000000000000e+01
2.930015731598379034e+02 6.000000000000000000e+00 1.000000000000000000e+01
2.940015731598381308e+02 6.000000000000000000e+00 8.000000000000000000e+00
2.950015731598383582e+02 6.000000000000000000e+00 9.000000000000000000e+00
2.960015731598385855e+02 5.000000000000000000e+00 1.000000000000000000e+01
2.970014337244133458e+02 6.000000000000000000e+00 1.000000000000000000e+01
2.980015731598390403e+02 5.000000000000000000e+00 9.000000000000000000e+00
2.990005077610961166e+02 6.000000000000000000e+00 5.000000000000000000e+00
3.000015731598394950e+02 7.000000000000000000e+00 3.000000000000000000e+00
