0.000000000000000000e+00 0.000000000000000000e+00 0.000000000000000000e+00
1.000027751765123707e+00 2.000000000000000000e+00 2.000000000000000000e+00
2.000146960688156561e+00 1.000000000000000000e+00 1.000000000000000000e+00
3.000146960688157449e+00 1.000000000000000000e+00 1.000000000000000000e+00
4.000146960688158337e+00 4.000000000000000000e+00 4.000000000000000000e+00
5.000146960688154785e+00 4.000000000000000000e+00 4.000000000000000000e+00
6.000146960688151232e+00 6.000000000000000000e+00 6.000000000000000000e+00
7.000146960688147679e+00 7.000000000000000000e+00 7.000000000000000000e+00
8.000146960688145015e+00 6.000000000000000000e+00 6.000000000000000000e+00
9.000146960688141462e+00 6.000000000000000000e+00 6.000000000000000000e+00
1.000014696068813791e+01 8.000000000000000000e+00 8.000000000000000000e+00
1.100014696068813436e+01 8.000000000000000000e+00 8.000000000000000000e+00
1.200014696068813080e+01 9.000000000000000000e+00 9.000000000000000000e+00
1.300014696068812725e+01 1.100000000000000000e+01 1.100000000000000000e+01
1.400014696068812370e+01 1.100000000000000000e+01 1.100000000000000000e+01
1.500014696068812015e+01 1.200000000000000000e+01 1.200000000000000000e+01
1.600014696068811659e+01 1.300000000000000000e+01 1.300000000000000000e+01
1.700014696068813080e+01 1.400000000000000000e+01 1.400000000000000000e+01
1.800014696068814501e+01 1.200000000000000000e+01 1.200000000000000000e+01
1.900013779579739293e+01 1.100000000000000000e+01 1.100000000000000000e+01
2.000003085114806112e+01 1.000000000000000000e+01 1.200000000000000000e+01
2.100014696068818765e+01 1.000000000000000000e+01 1.000000000000000000e+01
2.200014696068820186e+01 9.000000000000000000e+00 9.000000000000000000e+00
2.300014696068821607e+01 9.000000000000000000e+00 9.000000000000000000e+00
2.400014696068823028e+01 4.000000000000000000e+00 9.000000000000000000e+00
2.500014696068824449e+01 2.000000000000000000e+00 8.000000000000000000e+00
2.600014696068825870e+01 4.000000000000000000e+00 6.000000000000000000e+00
2.700014696068827291e+01 4.000000000000000000e+00 5.000000000000000000e+00
2.800014696068828712e+01 4.000000000000000000e+00 3.000000000000000000e+00
2.900014696068830133e+01 4.000000000000000000e+00 3.000000000000000000e+00
3.000014696068831554e+01 6.000000000000000000e+00 4.000000000000000000e+00
3.100014696068832976e+01 7.000000000000000000e+00 5.000000000000000000e+00
3.200014696068834041e+01 6.000000000000000000e+00 5.000000000000000000e+00
3.300014696068835462e+01 6.000000000000000000e+00 4.000000000000000000e+00
3.400014696068836884e+01 6.000000000000000000e+00 4.000000000000000000e+00
3.500014696068838305e+01 5.000000000000000000e+00 4.000000000000000000e+00
3.600014696068839726e+01 5.000000000000000000e+00 4.000000000000000000e+00
3.700014696068841147e+01 5.000000000000000000e+00 4.000000000000000000e+00
3.800014696068842568e+01 5.000000000000000000e+00 5.000000000000000000e+00
3.900014696068843989e+01 4.000000000000000000e+00 5.000000000000000000e+00
4.000014696068845410e+01 5.000000000000000000e+00 7.000000000000000000e+00
4.100014696068846831e+01 5.000000000000000000e+00 4.000000000000000000e+00
4.200014696068848252e+01 6.000000000000000000e+00 4.000000000000000000e+00
4.300014696068849673e+01 3.000000000000000000e+00 3.000000000000000000e+00
4.400014696068851094e+01 3.000000000000000000e+00 4.000000000000000000e+00
4.500014696068852516e+01 2.000000000000000000e+00 6.000000000000000000e+00
4.600014696068853937e+01 1.000000000000000000e+00 4.000000000000000000e+00
4.700014696068855358e+01 2.000000000000000000e+00 2.000000000000000000e+00
4.800014696068856779e+01 2.000000000000000000e+00 2.000000000000000000e+00
4.900014696068858200e+01 4.000000000000000000e+00 5.000000000000000000e+00
5.000014696068859621e+01 4.000000000000000000e+00 4.000000000000000000e+00
5.100014696068861042e+01 4.000000000000000000e+00 1.000000000000000000e+00
5.200014696068862463e+01 4.000000000000000000e+00 0.000000000000000000e+00
5.300014696068863884e+01 4.000000000000000000e+00 1.000000000000000000e+00
5.400014696068865305e+01 4.000000000000000000e+00 1.000000000000000000e+00
5.500014696068866726e+01 4.000000000000000000e+00 0.000000000000000000e+00
5.600014696068868147e+01 5.000000000000000000e+00 1.000000000000000000e+00
5.700014696068869569e+01 6.000000000000000000e+00 2.000000000000000000e+00
5.800014696068870990e+01 7.000000000000000000e+00 2.000000000000000000e+00
5.900014696068872411e+01 7.000000000000000000e+00 2.000000000000000000e+00
6.000014696068873832e+01 9.000000000000000000e+00 4.000000000000000000e+00
6.100014696068875253e+01 9.000000000000000000e+00 4.000000000000000000e+00
6.200014696068876674e+01 1.000000000000000000e+01 3.000000000000000000e+00
6.300014696068878095e+01 7.000000000000000000e+00 4.000000000000000000e+00
6.400014696068879516e+01 6.000000000000000000e+00 2.000000000000000000e+00
6.500014696068873832e+01 8.000000000000000000e+00 0.000000000000000000e+00
6.600014696068868147e+01 8.000000000000000000e+00 1.000000000000000000e+00
6.700014696068862463e+01 7.000000000000000000e+00 2.000000000000000000e+00
6.800014696068856779e+01 6.000000000000000000e+00 0.000000000000000000e+00
6.900009224734050406e+01 6.000000000000000000e+00 1.000000000000000000e+00
7.000014696068845410e+01 6.000000000000000000e+00 0.000000000000000000e+00
7.100014696068839726e+01 9.000000000000000000e+00 2.000000000000000000e+00
7.200014696068834041e+01 1.000000000000000000e+01 4.000000000000000000e+00
7.300014696068828357e+01 1.000000000000000000e+01 4.000000000000000000e+00
7.400014696068822673e+01 9.000000000000000000e+00 4.000000000000000000e+00
7.500014696068816988e+01 8.000000000000000000e+00 4.000000000000000000e+00
7.600014696068811304e+01 9.000000000000000000e+00 5.000000000000000000e+00
7.700014696068805620e+01 8.000000000000000000e+00 5.000000000000000000e+00
7.800014696068799935e+01 6.000000000000000000e+00 5.000000000000000000e+00
7.900014696068794251e+01 2.000000000000000000e+00 5.000000000000000000e+00
8.000014696068788567e+01 2.000000000000000000e+00 6.000000000000000000e+00
8.100008555662228105e+01 3.000000000000000000e+00 8.000000000000000000e+00
8.200014696068777198e+01 3.000000000000000000e+00 8.000000000000000000e+00
8.300014696068771514e+01 3.000000000000000000e+00 8.000000000000000000e+00
8.400014696068765829e+01 2.000000000000000000e+00 9.000000000000000000e+00
8.500014696068760145e+01 2.000000000000000000e+00 1.000000000000000000e+01
8.600014696068754461e+01 3.000000000000000000e+00 1.100000000000000000e+01
8.700014696068748776e+01 3.000000000000000000e+00 1.200000000000000000e+01
8.800014696068743092e+01 4.000000000000000000e+00 1.300000000000000000e+01
8.900014696068737408e+01 3.000000000000000000e+00 1.300000000000000000e+01
9.000014696068731723e+01 2.000000000000000000e+00 1.400000000000000000e+01
9.100014696068726039e+01 2.000000000000000000e+00 1.400000000000000000e+01
9.200014696068720355e+01 3.000000000000000000e+00 1.300000000000000000e+01
9.300014696068714670e+01 3.000000000000000000e+00 9.000000000000000000e+00
9.400014696068708986e+01 3.000000000000000000e+00 1.000000000000000000e+01
9.500014696068703302e+01 3.000000000000000000e+00 9.000000000000000000e+00
9.600014696068697617e+01 3.000000000000000000e+00 6.000000000000000000e+00
9.700014696068691933e+01 3.000000000000000000e+00 6.000000000000000000e+00
9.800014696068686249e+01 2.000000000000000000e+00 5.000000000000000000e+00
9.900014696068680564e+01 3.000000000000000000e+00 5.000000000000000000e+00
1.000001469606867488e+02 4.000000000000000000e+00 6.000000000000000000e+00
1.010001469606866920e+02 4.000000000000000000e+00 6.000000000000000000e+00
1.020001469606866351e+02 3.000000000000000000e+00 6.000000000000000000e+00
1.030001469606865783e+02 4.000000000000000000e+00 6.000000000000000000e+00
1.040001027238441083e+02 3.000000000000000000e+00 7.000000000000000000e+00
1.050001469606864646e+02 4.000000000000000000e+00 7.000000000000000000e+00
1.060001469606864077e+02 4.000000000000000000e+00 9.000000000000000000e+00
1.070001469606863509e+02 5.000000000000000000e+00 8.000000000000000000e+00
1.080001469606862941e+02 7.000000000000000000e+00 9.000000000000000000e+00
1.090001469606862372e+02 6.000000000000000000e+00 8.000000000000000000e+00
1.100001469606861804e+02 4.000000000000000000e+00 9.000000000000000000e+00
1.110001469606861235e+02 5.000000000000000000e+00 9.000000000000000000e+00
1.120001469606860667e+02 6.000000000000000000e+00 1.000000000000000000e+01
1.130001469606860098e+02 5.000000000000000000e+00 1.000000000000000000e+01
1.140001469606859530e+02 6.000000000000000000e+00 1.100000000000000000e+01
1.150001469606858961e+02 7.000000000000000000e+00 1.100000000000000000e+01
1.160001469606858393e+02 5.000000000000000000e+00 1.100000000000000000e+01
1.170001469606857825e+02 6.000000000000000000e+00 1.200000000000000000e+01
1.180001469606857256e+02 7.000000000000000000e+00 1.300000000000000000e+01
1.190001469606856688e+02 1.100000000000000000e+01 1.600000000000000000e+01
1.200001469606856119e+02 1.100000000000000000e+01 1.500000000000000000e+01
1.210001469606855551e+02 1.500000000000000000e+01 1.800000000000000000e+01
1.220001469606854982e+02 1.500000000000000000e+01 1.900000000000000000e+01
1.230001469606854414e+02 1.500000000000000000e+01 2.000000000000000000e+01
1.240001469606853846e+02 1.300000000000000000e+01 1.900000000000000000e+01
1.250001469606853277e+02 1.300000000000000000e+01 1.700000000000000000e+01
1.260001469606852709e+02 1.100000000000000000e+01 1.900000000000000000e+01
1.270001469606852140e+02 1.100000000000000000e+01 1.600000000000000000e+01
1.280001469606851572e+02 1.100000000000000000e+01 1.600000000000000000e+01
1.290001469606851003e+02 1.300000000000000000e+01 1.700000000000000000e+01
1.300001469606850435e+02 1.200000000000000000e+01 1.900000000000000000e+01
1.310001469606849867e+02 1.200000000000000000e+01 1.800000000000000000e+01
1.320001469606849298e+02 1.200000000000000000e+01 1.700000000000000000e+01
1.330001469606848730e+02 1.200000000000000000e+01 1.700000000000000000e+01
1.340001469606848161e+02 1.100000000000000000e+01 1.800000000000000000e+01
1.350001469606847593e+02 1.400000000000000000e+01 1.900000000000000000e+01
1.360001469606847024e+02 1.400000000000000000e+01 1.900000000000000000e+01
1.370001469606846456e+02 1.400000000000000000e+01 1.900000000000000000e+01
1.380001469606845887e+02 1.500000000000000000e+01 2.000000000000000000e+01
1.390001469606845319e+02 1.600000000000000000e+01 2.200000000000000000e+01
1.400001469606844751e+02 1.800000000000000000e+01 2.300000000000000000e+01
1.410001469606844182e+02 1.800000000000000000e+01 2.300000000000000000e+01
1.420001469606843614e+02 1.700000000000000000e+01 2.300000000000000000e+01
1.430001469606843045e+02 1.800000000000000000e+01 2.200000000000000000e+01
1.440001469606842477e+02 1.800000000000000000e+01 2.200000000000000000e+01
1.450001469606841908e+02 1.800000000000000000e+01 2.100000000000000000e+01
1.460001469606841340e+02 2.000000000000000000e+01 2.200000000000000000e+01
1.470001469606840772e+02 2.100000000000000000e+01 2.300000000000000000e+01
1.480001469606840203e+02 2.100000000000000000e+01 2.300000000000000000e+01
1.490001469606839635e+02 2.200000000000000000e+01 2.300000000000000000e+01
1.500001469606839066e+02 2.200000000000000000e+01 1.900000000000000000e+01
1.510001469606838498e+02 2.200000000000000000e+01 1.900000000000000000e+01
1.520001469606837929e+02 2.200000000000000000e+01 2.100000000000000000e+01
1.530001469606837361e+02 2.200000000000000000e+01 2.100000000000000000e+01
1.540001469606836793e+02 2.400000000000000000e+01 2.200000000000000000e+01
1.550001469606836224e+02 2.400000000000000000e+01 2.200000000000000000e+01
1.560001469606835656e+02 2.400000000000000000e+01 2.300000000000000000e+01
1.570001469606835087e+02 2.400000000000000000e+01 2.400000000000000000e+01
1.580000172047195974e+02 2.400000000000000000e+01 2.600000000000000000e+01
1.590001469606833950e+02 2.400000000000000000e+01 2.700000000000000000e+01
1.600001469606833382e+02 2.400000000000000000e+01 2.600000000000000000e+01
1.610001469606832813e+02 2.500000000000000000e+01 2.600000000000000000e+01
1.620001469606832245e+02 1.900000000000000000e+01 2.600000000000000000e+01
1.630001469606831677e+02 1.900000000000000000e+01 2.700000000000000000e+01
1.640001469606831108e+02 2.000000000000000000e+01 3.000000000000000000e+01
1.650001469606830540e+02 2.000000000000000000e+01 3.100000000000000000e+01
1.660001469606829971e+02 2.000000000000000000e+01 3.200000000000000000e+01
1.670001469606829403e+02 2.000000000000000000e+01 2.900000000000000000e+01
1.680001469606828834e+02 2.100000000000000000e+01 2.900000000000000000e+01
1.690001469606828266e+02 2.100000000000000000e+01 2.800000000000000000e+01
1.700001469606827698e+02 2.100000000000000000e+01 2.800000000000000000e+01
1.710001469606827129e+02 2.100000000000000000e+01 2.300000000000000000e+01
1.720001469606826561e+02 2.100000000000000000e+01 2.300000000000000000e+01
1.730001469606825992e+02 2.100000000000000000e+01 2.000000000000000000e+01
1.740001469606825424e+02 2.300000000000000000e+01 1.900000000000000000e+01
1.750001469606824855e+02 2.400000000000000000e+01 1.900000000000000000e+01
1.760001469606824287e+02 2.600000000000000000e+01 2.100000000000000000e+01
1.770001469606823719e+02 2.900000000000000000e+01 2.100000000000000000e+01
1.780001469606823150e+02 2.900000000000000000e+01 2.100000000000000000e+01
1.790001469606822582e+02 3.000000000000000000e+01 2.100000000000000000e+01
1.800001469606822013e+02 3.100000000000000000e+01 2.200000000000000000e+01
1.810001469606821445e+02 3.400000000000000000e+01 1.800000000000000000e+01
1.820001469606820876e+02 3.200000000000000000e+01 1.800000000000000000e+01
1.830001469606820308e+02 3.400000000000000000e+01 2.200000000000000000e+01
1.840001469606819740e+02 3.500000000000000000e+01 2.400000000000000000e+01
1.850001469606819171e+02 3.600000000000000000e+01 2.500000000000000000e+01
1.860000819229833553e+02 3.700000000000000000e+01 2.500000000000000000e+01
1.870001469606818034e+02 3.800000000000000000e+01 2.500000000000000000e+01
1.880001469606817466e+02 3.700000000000000000e+01 2.400000000000000000e+01
1.890001469606816897e+02 3.800000000000000000e+01 2.300000000000000000e+01
1.900001469606816329e+02 3.500000000000000000e+01 2.200000000000000000e+01
1.910001469606815760e+02 3.200000000000000000e+01 2.200000000000000000e+01
1.920001469606815192e+02 3.100000000000000000e+01 2.100000000000000000e+01
1.930001469606814624e+02 3.300000000000000000e+01 1.900000000000000000e+01
1.940001469606814055e+02 3.200000000000000000e+01 2.000000000000000000e+01
1.950001469606813487e+02 3.200000000000000000e+01 1.900000000000000000e+01
1.960001469606812918e+02 3.200000000000000000e+01 1.900000000000000000e+01
1.970001469606812350e+02 3.200000000000000000e+01 1.900000000000000000e+01
1.980001469606811781e+02 3.100000000000000000e+01 2.000000000000000000e+01
1.990001469606811213e+02 3.200000000000000000e+01 2.100000000000000000e+01
2.000001469606810645e+02 3.300000000000000000e+01 2.100000000000000000e+01
2.010001469606810076e+02 2.900000000000000000e+01 2.200000000000000000e+01
2.020001469606809508e+02 2.800000000000000000e+01 1.900000000000000000e+01
2.030001469606808939e+02 2.500000000000000000e+01 1.600000000000000000e+01
2.040001469606808371e+02 2.300000000000000000e+01 1.500000000000000000e+01
2.050001469606807802e+02 2.300000000000000000e+01 1.500000000000000000e+01
2.060001469606807234e+02 2.200000000000000000e+01 1.200000000000000000e+01
2.070001469606806666e+02 2.000000000000000000e+01 1.300000000000000000e+01
2.080001469606806097e+02 1.900000000000000000e+01 1.400000000000000000e+01
2.090001469606805529e+02 1.600000000000000000e+01 1.400000000000000000e+01
2.100001469606804960e+02 1.600000000000000000e+01 1.300000000000000000e+01
2.110001469606804392e+02 1.700000000000000000e+01 1.500000000000000000e+01
2.120001469606803823e+02 1.600000000000000000e+01 1.600000000000000000e+01
2.130001469606803255e+02 1.700000000000000000e+01 1.500000000000000000e+01
2.140001469606802686e+02 1.400000000000000000e+01 1.500000000000000000e+01
2.150001014925171035e+02 1.500000000000000000e+01 1.200000000000000000e+01
2.160001469606801550e+02 1.400000000000000000e+01 1.200000000000000000e+01
2.170001469606800981e+02 1.400000000000000000e+01 1.200000000000000000e+01
2.180001469606800413e+02 1.400000000000000000e+01 1.200000000000000000e+01
2.190001469606799844e+02 1.400000000000000000e+01 1.200000000000000000e+01
2.200001469606799276e+02 1.400000000000000000e+01 1.300000000000000000e+01
2.210001469606798707e+02 1.600000000000000000e+01 1.500000000000000000e+01
2.220001469606798139e+02 1.700000000000000000e+01 1.800000000000000000e+01
2.230001469606797571e+02 1.800000000000000000e+01 1.700000000000000000e+01
2.240001469606797002e+02 1.800000000000000000e+01 1.700000000000000000e+01
2.250001469606796434e+02 1.900000000000000000e+01 1.600000000000000000e+01
2.260001469606795865e+02 1.800000000000000000e+01 1.300000000000000000e+01
2.270001469606795297e+02 1.800000000000000000e+01 1.200000000000000000e+01
2.280001469606794728e+02 2.000000000000000000e+01 1.200000000000000000e+01
2.290001469606794160e+02 2.000000000000000000e+01 1.200000000000000000e+01
2.300001469606793592e+02 1.900000000000000000e+01 1.200000000000000000e+01
2.310001469606793023e+02 2.000000000000000000e+01 1.200000000000000000e+01
2.320001469606792455e+02 2.200000000000000000e+01 1.200000000000000000e+01
2.330001469606791886e+02 2.400000000000000000e+01 1.200000000000000000e+01
2.340001469606791318e+02 2.500000000000000000e+01 1.300000000000000000e+01
2.350001469606790749e+02 2.300000000000000000e+01 1.500000000000000000e+01
2.360001469606790181e+02 2.300000000000000000e+01 1.500000000000000000e+01
2.370001469606789612e+02 2.300000000000000000e+01 1.600000000000000000e+01
2.380001469606789044e+02 2.400000000000000000e+01 1.600000000000000000e+01
2.390001469606788476e+02 2.500000000000000000e+01 1.700000000000000000e+01
2.400001469606787907e+02 2.500000000000000000e+01 1.800000000000000000e+01
2.410001469606787339e+02 2.300000000000000000e+01 1.800000000000000000e+01
2.420000843104864714e+02 1.800000000000000000e+01 1.800000000000000000e+01
2.430001469606786202e+02 1.800000000000000000e+01 1.900000000000000000e+01
2.440001469606785633e+02 1.600000000000000000e+01 1.800000000000000000e+01
2.450001469606785065e+02 1.200000000000000000e+01 1.800000000000000000e+01
2.460001469606784497e+02 7.000000000000000000e+00 1.800000000000000000e+01
2.470001469606783928e+02 6.000000000000000000e+00 1.900000000000000000e+01
2.480001469606783360e+02 5.000000000000000000e+00 1.900000000000000000e+01
2.490001469606782791e+02 4.000000000000000000e+00 1.800000000000000000e+01
2.500001469606782223e+02 5.000000000000000000e+00 1.800000000000000000e+01
2.510001469606781654e+02 6.000000000000000000e+00 1.900000000000000000e+01
2.520001469606781086e+02 7.000000000000000000e+00 2.200000000000000000e+01
2.530001469606780518e+02 6.000000000000000000e+00 2.300000000000000000e+01
2.540001469606779949e+02 7.000000000000000000e+00 2.500000000000000000e+01
2.550001469606779381e+02 9.000000000000000000e+00 2.700000000000000000e+01
2.560001469606779096e+02 8.000000000000000000e+00 2.700000000000000000e+01
2.570001469606781370e+02 9.000000000000000000e+00 2.700000000000000000e+01
2.580001469606783644e+02 1.100000000000000000e+01 2.900000000000000000e+01
2.590001469606785918e+02 9.000000000000000000e+00 2.900000000000000000e+01
2.600001469606788191e+02 7.000000000000000000e+00 3.000000000000000000e+01
2.610001469606790465e+02 6.000000000000000000e+00 3.000000000000000000e+01
2.620001469606792739e+02 5.000000000000000000e+00 3.100000000000000000e+01
2.630001469606795013e+02 5.000000000000000000e+00 3.000000000000000000e+01
2.640001469606797286e+02 5.000000000000000000e+00 2.700000000000000000e+01
2.650001469606799560e+02 5.000000000000000000e+00 2.500000000000000000e+01
2.660001469606801834e+02 6.000000000000000000e+00 2.500000000000000000e+01
2.670001469606804108e+02 7.000000000000000000e+00 2.500000000000000000e+01
2.680001469606806381e+02 6.000000000000000000e+00 2.600000000000000000e+01
2.690001469606808655e+02 6.000000000000000000e+00 2.700000000000000000e+01
2.700001469606810929e+02 6.000000000000000000e+00 1.900000000000000000e+01
2.710001469606813203e+02 7.000000000000000000e+00 1.800000000000000000e+01
2.720001469606815476e+02 8.000000000000000000e+00 1.500000000000000000e+01
2.730001469606817750e+02 8.000000000000000000e+00 1.600000000000000000e+01
2.740001469606820024e+02 5.000000000000000000e+00 1.400000000000000000e+01
2.750001469606822297e+02 5.000000000000000000e+00 1.600000000000000000e+01
2.760001469606824571e+02 7.000000000000000000e+00 1.600000000000000000e+01
2.770001469606826845e+02 7.000000000000000000e+00 1.400000000000000000e+01
2.780001469606829119e+02 9.000000000000000000e+00 1.500000000000000000e+01
2.790001469606831392e+02 8.000000000000000000e+00 1.500000000000000000e+01
2.800001469606833666e+02 8.000000000000000000e+00 1.100000000000000000e+01
2.810001469606835940e+02 8.000000000000000000e+00 1.300000000000000000e+01
2.820001469606838214e+02 9.000000000000000000e+00 1.300000000000000000e+01
2.830001469606840487e+02 9.000000000000000000e+00 1.300000000000000000e+01
2.840001469606842761e+02 9.000000000000000000e+00 1.300000000000000000e+01
2.850001469606845035e+02 1.000000000000000000e+01 1.300000000000000000e+01
2.860001469606847309e+02 1.000000000000000000e+01 1.300000000000000000e+01
2.870001469606849582e+02 1.000000000000000000e+01 1.500000000000000000e+01
2.880001469606851856e+02 1.000000000000000000e+01 1.500000000000000000e+01
2.890001469606854130e+02 1.000000000000000000e+01 1.600000000000000000e+01
2.900001469606856404e+02 1.000000000000000000e+01 1.600000000000000000e+01
2.910001469606858677e+02 1.200000000000000000e+01 1.700000000000000000e+01
2.920001469606860951e+02 1.100000000000000000e+01 1.900000000000000000e+01
2.930001469606863225e+02 1.500000000000000000e+01 2.000000000000000000e+01
2.940001469606865498e+02 1.400000000000000000e+01 2.000000000000000000e+01
2.950001469606867772e+02 1.400000000000000000e+01 2.000000000000000000e+01
2.960001469606870046e+02 1.400000000000000000e+01 2.200000000000000000e+01
2.970001469606872320e+02 1.300000000000000000e+01 2.200000000000000000e+01
2.980001469606874593e+02 1.200000000000000000e+01 2.200000000000000000e+01
2.990001469606876867e+02 1.200000000000000000e+01 1.900000000000000000e+01
3.000001469606879141e+02 1.300000000000000000e+01 1.800000000000000000e+01
