0.000000000000000000e+00 0.000000000000000000e+00 0.000000000000000000e+00
1.000207696259983958e+00 1.000000000000000000e+00 1.000000000000000000e+00
2.000207696259984846e+00 1.000000000000000000e+00 1.000000000000000000e+00
3.000207696259985735e+00 1.000000000000000000e+00 1.000000000000000000e+00
4.000207696259986179e+00 1.000000000000000000e+00 1.000000000000000000e+00
5.000207696259982626e+00 2.000000000000000000e+00 2.000000000000000000e+00
6.000207696259979073e+00 2.000000000000000000e+00 2.000000000000000000e+00
7.000207696259975521e+00 3.000000000000000000e+00 3.000000000000000000e+00
8.000207696259971968e+00 4.000000000000000000e+00 4.000000000000000000e+00
9.000207696259968415e+00 5.000000000000000000e+00 5.000000000000000000e+00
1.000020769625996486e+01 5.000000000000000000e+00 5.000000000000000000e+00
1.100020769625996131e+01 6.000000000000000000e+00 6.000000000000000000e+00
1.200020769625995776e+01 6.000000000000000000e+00 6.000000000000000000e+00
1.300020769625995420e+01 5.000000000000000000e+00 5.000000000000000000e+00
1.400020769625995065e+01 5.000000000000000000e+00 5.000000000000000000e+00
1.500020769625994710e+01 4.000000000000000000e+00 4.000000000000000000e+00
1.600020769625994532e+01 3.000000000000000000e+00 3.000000000000000000e+00
1.700020769625995953e+01 3.000000000000000000e+00 3.000000000000000000e+00
1.800020769625997374e+01 4.000000000000000000e+00 4.000000000000000000e+00
1.900020769625998796e+01 4.000000000000000000e+00 4.000000000000000000e+00
2.000020769626000217e+01 4.000000000000000000e+00 4.000000000000000000e+00
2.100020769626001638e+01 5.000000000000000000e+00 5.000000000000000000e+00
2.200020769626003059e+01 5.000000000000000000e+00 4.000000000000000000e+00
2.300020769626004480e+01 4.000000000000000000e+00 3.000000000000000000e+00
2.400020769626005901e+01 4.000000000000000000e+00 3.000000000000000000e+00
2.500020769626007322e+01 3.000000000000000000e+00 3.000000000000000000e+00
2.600020769626008743e+01 2.000000000000000000e+00 2.000000000000000000e+00
2.700020769626010164e+01 3.000000000000000000e+00 2.000000000000000000e+00
2.800020769626011585e+01 3.000000000000000000e+00 3.000000000000000000e+00
2.900020769626013006e+01 3.000000000000000000e+00 2.000000000000000000e+00
3.000020769626014427e+01 3.000000000000000000e+00 2.000000000000000000e+00
3.100020769626015849e+01 5.000000000000000000e+00 1.000000000000000000e+00
3.200020769626016914e+01 4.000000000000000000e+00 1.000000000000000000e+00
3.300020769626018335e+01 4.000000000000000000e+00 1.000000000000000000e+00
3.400020769626019757e+01 4.000000000000000000e+00 1.000000000000000000e+00
3.500020769626021178e+01 5.000000000000000000e+00 1.000000000000000000e+00
3.600020769626022599e+01 5.000000000000000000e+00 2.000000000000000000e+00
3.700020769626024020e+01 5.000000000000000000e+00 2.000000000000000000e+00
3.800020769626025441e+01 6.000000000000000000e+00 3.000000000000000000e+00
3.900020769626026862e+01 6.000000000000000000e+00 3.000000000000000000e+00
4.000018061303933337e+01 6.000000000000000000e+00 3.000000000000000000e+00
4.100020769626029704e+01 7.000000000000000000e+00 4.000000000000000000e+00
4.200020769626031125e+01 8.000000000000000000e+00 5.000000000000000000e+00
4.300020769626032546e+01 9.000000000000000000e+00 5.000000000000000000e+00
4.400020769626033967e+01 1.200000000000000000e+01 7.000000000000000000e+00
4.500020769626035388e+01 1.200000000000000000e+01 7.000000000000000000e+00
4.600020769626036810e+01 1.200000000000000000e+01 7.000000000000000000e+00
4.700020769626038231e+01 1.100000000000000000e+01 6.000000000000000000e+00
4.800020769626039652e+01 1.000000000000000000e+01 6.000000000000000000e+00
4.900020769626041073e+01 1.000000000000000000e+01 5.000000000000000000e+00
5.000020769626042494e+01 1.000000000000000000e+01 5.000000000000000000e+00
5.100020769626043915e+01 1.200000000000000000e+01 8.000000000000000000e+00
5.200020769626045336e+01 9.000000000000000000e+00 6.000000000000000000e+00
5.300020769626046757e+01 1.000000000000000000e+01 7.000000000000000000e+00
5.400020769626048178e+01 9.000000000000000000e+00 7.000000000000000000e+00
5.500020769626049599e+01 9.000000000000000000e+00 7.000000000000000000e+00
5.600020769626051020e+01 9.000000000000000000e+00 6.000000000000000000e+00
5.700020769626052441e+01 9.000000000000000000e+00 6.000000000000000000e+00
5.800020769626053863e+01 9.000000000000000000e+00 6.000000000000000000e+00
5.900020769626055284e+01 9.000000000000000000e+00 7.000000000000000000e+00
6.000020769626056705e+01 7.000000000000000000e+00 7.000000000000000000e+00
6.100020769626058126e+01 7.000000000000000000e+00 7.000000000000000000e+00
6.200020769626059547e+01 8.000000000000000000e+00 1.100000000000000000e+01
6.300020769626060968e+01 1.100000000000000000e+01 1.500000000000000000e+01
6.400020769626061679e+01 1.100000000000000000e+01 1.700000000000000000e+01
6.500020769626055994e+01 1.000000000000000000e+01 1.600000000000000000e+01
6.600020769626050310e+01 1.000000000000000000e+01 1.700000000000000000e+01
6.700020769626044626e+01 7.000000000000000000e+00 2.000000000000000000e+01
6.800020769626038941e+01 7.000000000000000000e+00 1.700000000000000000e+01
6.900020769626033257e+01 5.000000000000000000e+00 1.800000000000000000e+01
7.000020769626027572e+01 5.000000000000000000e+00 2.000000000000000000e+01
7.100020769626021888e+01 6.000000000000000000e+00 2.200000000000000000e+01
7.200020769626016204e+01 6.000000000000000000e+00 2.200000000000000000e+01
7.300020769626010519e+01 4.000000000000000000e+00 2.300000000000000000e+01
7.400020769626004835e+01 7.000000000000000000e+00 2.500000000000000000e+01
7.500020769625999151e+01 7.000000000000000000e+00 2.400000000000000000e+01
7.600020769625993466e+01 7.000000000000000000e+00 2.200000000000000000e+01
7.700020769625987782e+01 7.000000000000000000e+00 2.000000000000000000e+01
7.800020769625982098e+01 7.000000000000000000e+00 2.100000000000000000e+01
7.900020769625976413e+01 8.000000000000000000e+00 2.000000000000000000e+01
8.000020769625970729e+01 9.000000000000000000e+00 2.100000000000000000e+01
8.100006882306185219e+01 1.000000000000000000e+01 2.100000000000000000e+01
8.200020769625959360e+01 1.000000000000000000e+01 2.100000000000000000e+01
8.300020769625953676e+01 1.100000000000000000e+01 2.200000000000000000e+01
8.400020769625947992e+01 1.100000000000000000e+01 2.200000000000000000e+01
8.500020769625942307e+01 1.100000000000000000e+01 2.200000000000000000e+01
8.600020769625936623e+01 1.000000000000000000e+01 2.200000000000000000e+01
8.700020769625930939e+01 1.000000000000000000e+01 2.200000000000000000e+01
8.800020769625925254e+01 1.000000000000000000e+01 2.300000000000000000e+01
8.900020769625919570e+01 1.100000000000000000e+01 2.400000000000000000e+01
9.000020769625913886e+01 1.100000000000000000e+01 2.400000000000000000e+01
9.100020769625908201e+01 1.200000000000000000e+01 2.300000000000000000e+01
9.200020769625902517e+01 1.200000000000000000e+01 2.300000000000000000e+01
9.300020769625896833e+01 1.200000000000000000e+01 2.200000000000000000e+01
9.400020769625891148e+01 1.200000000000000000e+01 2.100000000000000000e+01
9.500020769625885464e+01 1.000000000000000000e+01 1.900000000000000000e+01
9.600020769625879780e+01 1.000000000000000000e+01 1.800000000000000000e+01
9.700020769625874095e+01 1.100000000000000000e+01 1.900000000000000000e+01
9.800020769625868411e+01 1.200000000000000000e+01 1.900000000000000000e+01
9.900020769625862727e+01 1.300000000000000000e+01 2.000000000000000000e+01
1.000002076962585704e+02 1.300000000000000000e+01 2.000000000000000000e+01
1.010002076962585136e+02 1.500000000000000000e+01 2.100000000000000000e+01
1.020002076962584567e+02 1.700000000000000000e+01 2.100000000000000000e+01
1.030002076962583999e+02 1.800000000000000000e+01 2.100000000000000000e+01
1.040002076962583430e+02 2.000000000000000000e+01 1.900000000000000000e+01
1.050002076962582862e+02 2.000000000000000000e+01 1.700000000000000000e+01
1.060002076962582294e+02 2.100000000000000000e+01 1.500000000000000000e+01
1.070002076962581725e+02 2.100000000000000000e+01 1.500000000000000000e+01
1.080002076962581157e+02 2.100000000000000000e+01 1.400000000000000000e+01
1.090002076962580588e+02 2.100000000000000000e+01 1.100000000000000000e+01
1.100002076962580020e+02 2.100000000000000000e+01 1.100000000000000000e+01
1.110002076962579451e+02 2.000000000000000000e+01 1.100000000000000000e+01
1.120002076962578883e+02 2.200000000000000000e+01 1.100000000000000000e+01
1.130002076962578315e+02 2.200000000000000000e+01 1.200000000000000000e+01
1.140002076962577746e+02 2.200000000000000000e+01 1.200000000000000000e+01
1.150002076962577178e+02 2.200000000000000000e+01 1.200000000000000000e+01
1.160002076962576609e+02 2.200000000000000000e+01 1.100000000000000000e+01
1.170002076962576041e+02 2.300000000000000000e+01 9.000000000000000000e+00
1.180002076962575472e+02 2.300000000000000000e+01 9.000000000000000000e+00
1.190002076962574904e+02 2.400000000000000000e+01 1.200000000000000000e+01
1.200002076962574336e+02 2.500000000000000000e+01 1.100000000000000000e+01
1.210002076962573767e+02 2.700000000000000000e+01 1.400000000000000000e+01
1.220002076962573199e+02 2.600000000000000000e+01 1.200000000000000000e+01
1.230002076962572630e+02 2.600000000000000000e+01 1.000000000000000000e+01
1.240002076962572062e+02 2.600000000000000000e+01 5.000000000000000000e+00
1.250002076962571493e+02 2.700000000000000000e+01 5.000000000000000000e+00
1.260002076962570925e+02 2.700000000000000000e+01 5.000000000000000000e+00
1.270002076962570356e+02 2.800000000000000000e+01 6.000000000000000000e+00
1.280002076962569788e+02 2.800000000000000000e+01 6.000000000000000000e+00
1.290002076962569220e+02 2.900000000000000000e+01 6.000000000000000000e+00
1.300002076962568651e+02 3.000000000000000000e+01 8.000000000000000000e+00
1.310002076962568083e+02 3.000000000000000000e+01 8.000000000000000000e+00
1.320001765731151409e+02 3.100000000000000000e+01 1.000000000000000000e+01
1.330002076962566946e+02 3.200000000000000000e+01 1.000000000000000000e+01
1.340002076962566377e+02 3.200000000000000000e+01 1.000000000000000000e+01
1.350002076962565809e+02 3.200000000000000000e+01 1.000000000000000000e+01
1.360002076962565241e+02 3.200000000000000000e+01 1.000000000000000000e+01
1.370002076962564672e+02 3.200000000000000000e+01 1.100000000000000000e+01
1.380002076962564104e+02 3.400000000000000000e+01 1.500000000000000000e+01
1.390002076962563535e+02 3.300000000000000000e+01 1.400000000000000000e+01
1.400002076962562967e+02 3.200000000000000000e+01 1.300000000000000000e+01
1.410002076962562398e+02 3.100000000000000000e+01 1.400000000000000000e+01
1.420002076962561830e+02 2.900000000000000000e+01 1.500000000000000000e+01
1.430002076962561262e+02 2.600000000000000000e+01 1.600000000000000000e+01
1.440002076962560693e+02 2.300000000000000000e+01 1.700000000000000000e+01
1.450002076962560125e+02 2.500000000000000000e+01 1.700000000000000000e+01
1.460002076962559556e+02 2.700000000000000000e+01 2.000000000000000000e+01
1.470002076962558988e+02 2.700000000000000000e+01 2.100000000000000000e+01
1.480002076962558419e+02 2.800000000000000000e+01 2.200000000000000000e+01
1.490002076962557851e+02 2.900000000000000000e+01 2.300000000000000000e+01
1.500002076962557283e+02 3.000000000000000000e+01 2.500000000000000000e+01
1.510002076962556714e+02 3.200000000000000000e+01 2.400000000000000000e+01
1.520002076962556146e+02 3.400000000000000000e+01 2.600000000000000000e+01
1.530002076962555577e+02 3.400000000000000000e+01 2.600000000000000000e+01
1.540002076962555009e+02 3.300000000000000000e+01 2.500000000000000000e+01
1.550002076962554440e+02 3.400000000000000000e+01 1.900000000000000000e+01
1.560002076962553872e+02 3.400000000000000000e+01 1.600000000000000000e+01
1.570002076962553303e+02 3.100000000000000000e+01 1.600000000000000000e+01
1.580002076962552735e+02 3.000000000000000000e+01 1.700000000000000000e+01
1.590002076962552167e+02 3.000000000000000000e+01 1.200000000000000000e+01
1.600002076962551598e+02 3.000000000000000000e+01 1.200000000000000000e+01
1.610002076962551030e+02 3.200000000000000000e+01 1.200000000000000000e+01
1.620002076962550461e+02 3.400000000000000000e+01 1.500000000000000000e+01
1.630002076962549893e+02 3.500000000000000000e+01 1.000000000000000000e+01
1.640001347291622835e+02 3.500000000000000000e+01 7.000000000000000000e+00
1.650002076962548756e+02 3.500000000000000000e+01 7.000000000000000000e+00
1.660002076962548188e+02 3.600000000000000000e+01 7.000000000000000000e+00
1.670002076962547619e+02 3.800000000000000000e+01 8.000000000000000000e+00
1.680002076962547051e+02 3.800000000000000000e+01 1.000000000000000000e+01
1.690002076962546482e+02 3.600000000000000000e+01 9.000000000000000000e+00
1.700002076962545914e+02 3.400000000000000000e+01 8.000000000000000000e+00
1.710002076962545345e+02 3.200000000000000000e+01 8.000000000000000000e+00
1.720002076962544777e+02 3.100000000000000000e+01 9.000000000000000000e+00
1.730000587386843165e+02 3.100000000000000000e+01 1.000000000000000000e+01
1.740002076962543640e+02 3.000000000000000000e+01 1.100000000000000000e+01
1.750002076962543072e+02 3.000000000000000000e+01 1.000000000000000000e+01
1.760002076962542503e+02 2.800000000000000000e+01 1.000000000000000000e+01
1.770002076962541935e+02 2.800000000000000000e+01 9.000000000000000000e+00
1.780002076962541366e+02 2.000000000000000000e+01 1.000000000000000000e+01
1.790002076962540798e+02 1.900000000000000000e+01 9.000000000000000000e+00
1.800002076962540229e+02 1.800000000000000000e+01 8.000000000000000000e+00
1.810002076962539661e+02 1.700000000000000000e+01 8.000000000000000000e+00
1.820002076962539093e+02 1.700000000000000000e+01 8.000000000000000000e+00
1.830002076962538524e+02 1.700000000000000000e+01 8.000000000000000000e+00
1.840001261880547929e+02 1.700000000000000000e+01 8.000000000000000000e+00
1.850002076962537387e+02 1.600000000000000000e+01 9.000000000000000000e+00
1.860002076962536819e+02 1.400000000000000000e+01 1.100000000000000000e+01
1.870002076962536250e+02 1.400000000000000000e+01 1.100000000000000000e+01
1.880002076962535682e+02 1.400000000000000000e+01 1.000000000000000000e+01
1.890002076962535114e+02 1.400000000000000000e+01 1.100000000000000000e+01
1.900002076962534545e+02 1.300000000000000000e+01 1.200000000000000000e+01
1.910002076962533977e+02 1.100000000000000000e+01 1.300000000000000000e+01
1.920002076962533408e+02 1.000000000000000000e+01 1.200000000000000000e+01
1.930002076962532840e+02 1.100000000000000000e+01 8.000000000000000000e+00
1.940002076962532271e+02 1.200000000000000000e+01 5.000000000000000000e+00
1.950002076962531703e+02 1.000000000000000000e+01 5.000000000000000000e+00
1.960002076962531135e+02 1.000000000000000000e+01 4.000000000000000000e+00
1.970002076962530566e+02 1.100000000000000000e+01 5.000000000000000000e+00
1.980002076962529998e+02 9.000000000000000000e+00 4.000000000000000000e+00
1.990002076962529429e+02 1.200000000000000000e+01 7.000000000000000000e+00
2.000002076962528861e+02 1.200000000000000000e+01 8.000000000000000000e+00
2.010002076962528292e+02 1.200000000000000000e+01 7.000000000000000000e+00
2.020002076962527724e+02 1.300000000000000000e+01 7.000000000000000000e+00
2.030002076962527156e+02 1.300000000000000000e+01 7.000000000000000000e+00
2.040002076962526587e+02 1.300000000000000000e+01 8.000000000000000000e+00
2.050002076962526019e+02 1.400000000000000000e+01 8.000000000000000000e+00
2.060002076962525450e+02 1.600000000000000000e+01 8.000000000000000000e+00
2.070002076962524882e+02 1.800000000000000000e+01 9.000000000000000000e+00
2.080002076962524313e+02 1.700000000000000000e+01 9.000000000000000000e+00
2.090002076962523745e+02 1.800000000000000000e+01 1.000000000000000000e+01
2.100002076962523176e+02 1.900000000000000000e+01 1.000000000000000000e+01
2.110002076962522608e+02 1.800000000000000000e+01 1.100000000000000000e+01
2.120002076962522040e+02 1.700000000000000000e+01 1.200000000000000000e+01
2.130002076962521471e+02 1.900000000000000000e+01 1.400000000000000000e+01
2.140002076962520903e+02 1.700000000000000000e+01 1.500000000000000000e+01
2.150002076962520334e+02 1.800000000000000000e+01 1.500000000000000000e+01
2.160002076962519766e+02 1.700000000000000000e+01 1.400000000000000000e+01
2.170002076962519197e+02 1.800000000000000000e+01 1.100000000000000000e+01
2.180000554563642368e+02 1.900000000000000000e+01 6.000000000000000000e+00
2.190002076962518061e+02 1.800000000000000000e+01 5.000000000000000000e+00
2.200002076962517492e+02 1.800000000000000000e+01 3.000000000000000000e+00
2.210002076962516924e+02 1.900000000000000000e+01 4.000000000000000000e+00
2.220002076962516355e+02 2.100000000000000000e+01 5.000000000000000000e+00
2.230002076962515787e+02 2.200000000000000000e+01 5.000000000000000000e+00
2.240002076962515218e+02 2.300000000000000000e+01 6.000000000000000000e+00
2.250002076962514650e+02 2.200000000000000000e+01 8.000000000000000000e+00
2.260002076962514082e+02 2.200000000000000000e+01 6.000000000000000000e+00
2.270002076962513513e+02 2.200000000000000000e+01 6.000000000000000000e+00
2.280000036119102731e+02 2.200000000000000000e+01 7.000000000000000000e+00
2.290002076962512376e+02 2.200000000000000000e+01 7.000000000000000000e+00
2.300002076962511808e+02 1.900000000000000000e+01 6.000000000000000000e+00
2.310002076962511239e+02 1.700000000000000000e+01 4.000000000000000000e+00
2.320002076962510671e+02 1.700000000000000000e+01 4.000000000000000000e+00
2.330002076962510102e+02 1.700000000000000000e+01 5.000000000000000000e+00
2.340002076962509534e+02 1.400000000000000000e+01 4.000000000000000000e+00
2.350001458654426472e+02 1.400000000000000000e+01 5.000000000000000000e+00
2.360002076962508397e+02 1.500000000000000000e+01 6.000000000000000000e+00
2.370002076962507829e+02 1.500000000000000000e+01 5.000000000000000000e+00
2.380002076962507260e+02 1.600000000000000000e+01 6.000000000000000000e+00
2.390002076962506692e+02 1.200000000000000000e+01 6.000000000000000000e+00
2.400002076962506123e+02 1.100000000000000000e+01 6.000000000000000000e+00
2.410002076962505555e+02 1.000000000000000000e+01 6.000000000000000000e+00
2.420002076962504987e+02 9.000000000000000000e+00 6.000000000000000000e+00
2.430000192497730609e+02 9.000000000000000000e+00 6.000000000000000000e+00
2.440002076962503850e+02 6.000000000000000000e+00 6.000000000000000000e+00
2.450002076962503281e+02 7.000000000000000000e+00 7.000000000000000000e+00
2.460002076962502713e+02 8.000000000000000000e+00 9.000000000000000000e+00
2.470002076962502144e+02 6.000000000000000000e+00 9.000000000000000000e+00
2.480002076962501576e+02 6.000000000000000000e+00 8.000000000000000000e+00
2.490002076962501008e+02 5.000000000000000000e+00 8.000000000000000000e+00
2.500002076962500439e+02 6.000000000000000000e+00 9.000000000000000000e+00
2.510002076962499871e+02 7.000000000000000000e+00 9.000000000000000000e+00
2.520002076962499302e+02 8.000000000000000000e+00 9.000000000000000000e+00
2.530002076962498734e+02 8.000000000000000000e+00 1.000000000000000000e+01
2.540002076962498165e+02 7.000000000000000000e+00 9.000000000000000000e+00
2.550002076962497597e+02 8.000000000000000000e+00 1.200000000000000000e+01
2.560002076962497313e+02 8.000000000000000000e+00 1.100000000000000000e+01
2.570002076962499586e+02 8.000000000000000000e+00 1.100000000000000000e+01
2.580002076962501860e+02 8.000000000000000000e+00 1.100000000000000000e+01
2.590002076962504134e+02 9.000000000000000000e+00 1.100000000000000000e+01
2.600002076962506408e+02 9.000000000000000000e+00 1.200000000000000000e+01
2.610002076962508681e+02 8.000000000000000000e+00 1.100000000000000000e+01
2.620002076962510955e+02 8.000000000000000000e+00 1.100000000000000000e+01
2.630002076962513229e+02 8.000000000000000000e+00 1.100000000000000000e+01
2.640002076962515503e+02 4.000000000000000000e+00 1.100000000000000000e+01
2.650002076962517776e+02 5.000000000000000000e+00 1.200000000000000000e+01
2.660002076962520050e+02 5.000000000000000000e+00 1.100000000000000000e+01
2.670002076962522324e+02 5.000000000000000000e+00 1.100000000000000000e+01
2.680002076962524598e+02 6.000000000000000000e+00 1.300000000000000000e+01
2.690002076962526871e+02 6.000000000000000000e+00 1.200000000000000000e+01
2.700000968076562344e+02 7.000000000000000000e+00 1.200000000000000000e+01
2.710002076962531419e+02 8.000000000000000000e+00 1.100000000000000000e+01
2.720002076962533692e+02 8.000000000000000000e+00 1.100000000000000000e+01
2.730002076962535966e+02 8.000000000000000000e+00 1.100000000000000000e+01
2.740002076962538240e+02 1.000000000000000000e+01 1.000000000000000000e+01
2.750002076962540514e+02 1.000000000000000000e+01 1.100000000000000000e+01
2.760002076962542787e+02 7.000000000000000000e+00 1.100000000000000000e+01
2.770002076962545061e+02 7.000000000000000000e+00 1.200000000000000000e+01
2.780002076962547335e+02 7.000000000000000000e+00 1.200000000000000000e+01
2.790002076962549609e+02 5.000000000000000000e+00 1.200000000000000000e+01
2.800002076962551882e+02 4.000000000000000000e+00 1.300000000000000000e+01
2.810002076962554156e+02 5.000000000000000000e+00 1.100000000000000000e+01
2.820002076962556430e+02 6.000000000000000000e+00 1.100000000000000000e+01
2.830000336160941856e+02 7.000000000000000000e+00 1.100000000000000000e+01
2.840002076962560977e+02 7.000000000000000000e+00 1.000000000000000000e+01
2.850002076962563251e+02 5.000000000000000000e+00 1.100000000000000000e+01
2.860002076962565525e+02 7.000000000000000000e+00 1.100000000000000000e+01
2.870002076962567799e+02 7.000000000000000000e+00 1.000000000000000000e+01
2.880002076962570072e+02 1.000000000000000000e+01 1.000000000000000000e+01
2.890002076962572346e+02 9.000000000000000000e+00 1.200000000000000000e+01
2.900002076962574620e+02 8.000000000000000000e+00 1.400000000000000000e+01
2.910002076962576893e+02 8.000000000000000000e+00 1.200000000000000000e+01
2.920002076962579167e+02 8.000000000000000000e+00 1.300000000000000000e+01
2.930002076962581441e+02 8.000000000000000000e+00 1.300000000000000000e+01
2.940002076962583715e+02 6.000000000000000000e+00 1.100000000000000000e+01
2.950000613597807160e+02 5.000000000000000000e+00 9.000000000000000000e+00
2.960002076962588262e+02 8.000000000000000000e+00 6.000000000000000000e+00
2.970002076962590536e+02 8.000000000000000000e+00 6.000000000000000000e+00
2.980002076962592810e+02 7.000000000000000000e+00 7.000000000000000000e+00
2.990002076962595083e+02 6.000000000000000000e+00 6.000000000000000000e+00
3.000002076962597357e+02 5.000000000000000000e+00 5.000000000000000000e+00
