0.000000000000000000e+00 0.000000000000000000e+00 0.000000000000000000e+00
1.000162296569566234e+00 0.000000000000000000e+00 0.000000000000000000e+00
2.000162296569567122e+00 1.000000000000000000e+00 1.000000000000000000e+00
3.000162296569568010e+00 1.000000000000000000e+00 1.000000000000000000e+00
4.000162296569568454e+00 2.000000000000000000e+00 2.000000000000000000e+00
5.000162296569564901e+00 2.000000000000000000e+00 2.000000000000000000e+00
6.000162296569561349e+00 2.000000000000000000e+00 2.000000000000000000e+00
7.000162296569557796e+00 3.000000000000000000e+00 3.000000000000000000e+00
8.000162296569554243e+00 6.000000000000000000e+00 6.000000000000000000e+00
9.000162296569550691e+00 7.000000000000000000e+00 7.000000000000000000e+00
1.000016229656954714e+01 7.000000000000000000e+00 7.000000000000000000e+00
1.100016229656954359e+01 9.000000000000000000e+00 9.000000000000000000e+00
1.200016229656954003e+01 9.000000000000000000e+00 9.000000000000000000e+00
1.300016229656953648e+01 9.000000000000000000e+00 9.000000000000000000e+00
1.400016229656953293e+01 1.100000000000000000e+01 1.100000000000000000e+01
1.500016229656952937e+01 1.300000000000000000e+01 1.300000000000000000e+01
1.600016229656952760e+01 1.300000000000000000e+01 1.300000000000000000e+01
1.700016229656954181e+01 1.500000000000000000e+01 1.500000000000000000e+01
1.800016229656955602e+01 1.700000000000000000e+01 1.700000000000000000e+01
1.900016229656957023e+01 1.700000000000000000e+01 1.600000000000000000e+01
2.000016229656958444e+01 1.300000000000000000e+01 1.300000000000000000e+01
2.100016229656959865e+01 1.200000000000000000e+01 1.100000000000000000e+01
2.200016229656961286e+01 1.100000000000000000e+01 1.300000000000000000e+01
2.300016229656962707e+01 1.000000000000000000e+01 1.300000000000000000e+01
2.400016229656964128e+01 1.000000000000000000e+01 1.300000000000000000e+01
2.500016229656965550e+01 9.000000000000000000e+00 9.000000000000000000e+00
2.600016229656966971e+01 9.000000000000000000e+00 1.200000000000000000e+01
2.700016229656968392e+01 9.000000000000000000e+00 8.000000000000000000e+00
2.800016229656969813e+01 1.000000000000000000e+01 8.000000000000000000e+00
2.900016229656971234e+01 9.000000000000000000e+00 9.000000000000000000e+00
3.000016229656972655e+01 1.100000000000000000e+01 1.100000000000000000e+01
3.100016229656974076e+01 1.200000000000000000e+01 1.400000000000000000e+01
3.200016229656975497e+01 1.300000000000000000e+01 1.500000000000000000e+01
3.300016229656976918e+01 1.400000000000000000e+01 1.500000000000000000e+01
3.400016229656978339e+01 1.300000000000000000e+01 1.500000000000000000e+01
3.500016229656979760e+01 1.400000000000000000e+01 1.600000000000000000e+01
3.600016229656981182e+01 1.500000000000000000e+01 1.700000000000000000e+01
3.700016229656982603e+01 1.200000000000000000e+01 1.800000000000000000e+01
3.800016229656984024e+01 1.100000000000000000e+01 1.900000000000000000e+01
3.900016229656985445e+01 1.000000000000000000e+01 1.900000000000000000e+01
4.000016229656986866e+01 1.100000000000000000e+01 1.900000000000000000e+01
4.100016229656988287e+01 1.100000000000000000e+01 1.900000000000000000e+01
4.200016229656989708e+01 1.200000000000000000e+01 2.000000000000000000e+01
4.300016229656991129e+01 1.400000000000000000e+01 2.200000000000000000e+01
4.400016229656992550e+01 1.400000000000000000e+01 2.300000000000000000e+01
4.500016229656993971e+01 1.400000000000000000e+01 2.300000000000000000e+01
4.600016229656995392e+01 1.300000000000000000e+01 2.300000000000000000e+01
4.700016229656996813e+01 1.400000000000000000e+01 2.400000000000000000e+01
4.800016229656998235e+01 1.600000000000000000e+01 2.600000000000000000e+01
4.900015700383426065e+01 1.800000000000000000e+01 2.200000000000000000e+01
5.000016229657001077e+01 1.700000000000000000e+01 2.000000000000000000e+01
5.100016229657002498e+01 1.700000000000000000e+01 1.900000000000000000e+01
5.200016229657003919e+01 1.700000000000000000e+01 1.900000000000000000e+01
5.300016229657005340e+01 1.900000000000000000e+01 2.000000000000000000e+01
5.400016229657006761e+01 1.900000000000000000e+01 1.800000000000000000e+01
5.500016229657008182e+01 1.800000000000000000e+01 1.500000000000000000e+01
5.600016229657009603e+01 1.800000000000000000e+01 1.300000000000000000e+01
5.700016229657011024e+01 1.800000000000000000e+01 1.100000000000000000e+01
5.800016229657012445e+01 1.900000000000000000e+01 1.200000000000000000e+01
5.900016229657013866e+01 1.900000000000000000e+01 1.300000000000000000e+01
6.000016229657015288e+01 2.000000000000000000e+01 1.300000000000000000e+01
6.100016229657016709e+01 1.800000000000000000e+01 1.300000000000000000e+01
6.200016229657018130e+01 1.700000000000000000e+01 1.400000000000000000e+01
6.300016229657019551e+01 1.700000000000000000e+01 1.300000000000000000e+01
6.400016229657020972e+01 1.700000000000000000e+01 1.400000000000000000e+01
6.500016229657015288e+01 1.700000000000000000e+01 1.100000000000000000e+01
6.600016229657009603e+01 1.600000000000000000e+01 1.300000000000000000e+01
6.700016229657003919e+01 1.600000000000000000e+01 1.300000000000000000e+01
6.800016229656998235e+01 1.600000000000000000e+01 1.300000000000000000e+01
6.900016229656992550e+01 1.600000000000000000e+01 1.300000000000000000e+01
7.000016229656986866e+01 1.400000000000000000e+01 1.300000000000000000e+01
7.100016229656981182e+01 1.400000000000000000e+01 1.300000000000000000e+01
7.200016229656975497e+01 1.400000000000000000e+01 1.200000000000000000e+01
7.300016229656969813e+01 1.300000000000000000e+01 1.100000000000000000e+01
7.400016229656964128e+01 1.400000000000000000e+01 1.000000000000000000e+01
7.500016229656958444e+01 1.300000000000000000e+01 8.000000000000000000e+00
7.600016229656952760e+01 1.300000000000000000e+01 5.000000000000000000e+00
7.700016229656947075e+01 1.400000000000000000e+01 1.000000000000000000e+00
7.800016229656941391e+01 1.400000000000000000e+01 1.000000000000000000e+00
7.900016229656935707e+01 1.400000000000000000e+01 1.000000000000000000e+00
8.000016229656930022e+01 1.300000000000000000e+01 2.000000000000000000e+00
8.100016229656924338e+01 1.400000000000000000e+01 1.000000000000000000e+00
8.200016229656918654e+01 1.500000000000000000e+01 1.000000000000000000e+00
8.300016229656912969e+01 1.500000000000000000e+01 2.000000000000000000e+00
8.400016229656907285e+01 1.500000000000000000e+01 2.000000000000000000e+00
8.500016229656901601e+01 1.500000000000000000e+01 2.000000000000000000e+00
8.600016229656895916e+01 1.500000000000000000e+01 3.000000000000000000e+00
8.700016229656890232e+01 1.300000000000000000e+01 3.000000000000000000e+00
8.800016229656884548e+01 1.100000000000000000e+01 4.000000000000000000e+00
8.900016229656878863e+01 1.100000000000000000e+01 3.000000000000000000e+00
9.000016229656873179e+01 8.000000000000000000e+00 4.000000000000000000e+00
9.100016229656867495e+01 8.000000000000000000e+00 4.000000000000000000e+00
9.200016229656861810e+01 5.000000000000000000e+00 4.000000000000000000e+00
9.300016229656856126e+01 4.000000000000000000e+00 6.000000000000000000e+00
9.400016229656850442e+01 3.000000000000000000e+00 4.000000000000000000e+00
9.500016229656844757e+01 1.000000000000000000e+00 5.000000000000000000e+00
9.600016229656839073e+01 2.000000000000000000e+00 6.000000000000000000e+00
9.700016229656833389e+01 2.000000000000000000e+00 6.000000000000000000e+00
9.800016229656827704e+01 1.000000000000000000e+00 6.000000000000000000e+00
9.900016229656822020e+01 3.000000000000000000e+00 5.000000000000000000e+00
1.000001622965681634e+02 4.000000000000000000e+00 6.000000000000000000e+00
1.010001622965681065e+02 6.000000000000000000e+00 7.000000000000000000e+00
1.020001622965680497e+02 6.000000000000000000e+00 7.000000000000000000e+00
1.030001622965679928e+02 6.000000000000000000e+00 6.000000000000000000e+00
1.040001622965679360e+02 6.000000000000000000e+00 6.000000000000000000e+00
1.050001622965678791e+02 8.000000000000000000e+00 8.000000000000000000e+00
1.060001622965678223e+02 9.000000000000000000e+00 7.000000000000000000e+00
1.070001622965677655e+02 8.000000000000000000e+00 7.000000000000000000e+00
1.080001622965677086e+02 8.000000000000000000e+00 7.000000000000000000e+00
1.090001622965676518e+02 6.000000000000000000e+00 4.000000000000000000e+00
1.100001622965675949e+02 7.000000000000000000e+00 3.000000000000000000e+00
1.110001622965675381e+02 8.000000000000000000e+00 2.000000000000000000e+00
1.120000585793320624e+02 7.000000000000000000e+00 2.000000000000000000e+00
1.130001622965674244e+02 7.000000000000000000e+00 2.000000000000000000e+00
1.140001622965673675e+02 1.000000000000000000e+01 3.000000000000000000e+00
1.150001622965673107e+02 8.000000000000000000e+00 3.000000000000000000e+00
1.160001622965672539e+02 8.000000000000000000e+00 3.000000000000000000e+00
1.170001622965671970e+02 8.000000000000000000e+00 3.000000000000000000e+00
1.180001622965671402e+02 8.000000000000000000e+00 2.000000000000000000e+00
1.190001622965670833e+02 8.000000000000000000e+00 3.000000000000000000e+00
1.200001622965670265e+02 8.000000000000000000e+00 2.000000000000000000e+00
1.210001622965669696e+02 1.000000000000000000e+01 2.000000000000000000e+00
1.220001622965669128e+02 1.200000000000000000e+01 2.000000000000000000e+00
1.230001622965668560e+02 1.200000000000000000e+01 4.000000000000000000e+00
1.240001622965667991e+02 1.200000000000000000e+01 4.000000000000000000e+00
1.250001622965667423e+02 1.200000000000000000e+01 5.000000000000000000e+00
1.260001622965666854e+02 1.100000000000000000e+01 4.000000000000000000e+00
1.270001622965666286e+02 1.100000000000000000e+01 7.000000000000000000e+00
1.280001622965665717e+02 9.000000000000000000e+00 7.000000000000000000e+00
1.290001622965665149e+02 6.000000000000000000e+00 9.000000000000000000e+00
1.300001622965664581e+02 7.000000000000000000e+00 8.000000000000000000e+00
1.310001622965664012e+02 7.000000000000000000e+00 8.000000000000000000e+00
1.320001622965663444e+02 5.000000000000000000e+00 7.000000000000000000e+00
1.330001622965662875e+02 5.000000000000000000e+00 8.000000000000000000e+00
1.340001622965662307e+02 3.000000000000000000e+00 9.000000000000000000e+00
1.350001622965661738e+02 5.000000000000000000e+00 1.200000000000000000e+01
1.360001622965661170e+02 5.000000000000000000e+00 1.200000000000000000e+01
1.370001622965660601e+02 6.000000000000000000e+00 1.200000000000000000e+01
1.380001622965660033e+02 6.000000000000000000e+00 1.200000000000000000e+01
1.390001622965659465e+02 6.000000000000000000e+00 1.200000000000000000e+01
1.400001622965658896e+02 6.000000000000000000e+00 1.000000000000000000e+01
1.410001622965658328e+02 6.000000000000000000e+00 1.100000000000000000e+01
1.420001622965657759e+02 6.000000000000000000e+00 1.100000000000000000e+01
1.430001622965657191e+02 7.000000000000000000e+00 1.100000000000000000e+01
1.440001622965656622e+02 6.000000000000000000e+00 1.100000000000000000e+01
1.450001622965656054e+02 7.000000000000000000e+00 1.100000000000000000e+01
1.460001622965655486e+02 6.000000000000000000e+00 1.000000000000000000e+01
1.470001622965654917e+02 6.000000000000000000e+00 8.000000000000000000e+00
1.480001622965654349e+02 7.000000000000000000e+00 9.000000000000000000e+00
1.490001622965653780e+02 9.000000000000000000e+00 1.000000000000000000e+01
1.500001622965653212e+02 9.000000000000000000e+00 1.000000000000000000e+01
1.510001622965652643e+02 9.000000000000000000e+00 1.000000000000000000e+01
1.520001622965652075e+02 9.000000000000000000e+00 1.200000000000000000e+01
1.530001622965651507e+02 8.000000000000000000e+00 1.200000000000000000e+01
1.540001622965650938e+02 7.000000000000000000e+00 1.100000000000000000e+01
1.550001622965650370e+02 7.000000000000000000e+00 1.100000000000000000e+01
1.560001622965649801e+02 7.000000000000000000e+00 1.200000000000000000e+01
1.570001622965649233e+02 8.000000000000000000e+00 1.300000000000000000e+01
1.580001622965648664e+02 1.000000000000000000e+01 1.300000000000000000e+01
1.590001622965648096e+02 1.000000000000000000e+01 1.200000000000000000e+01
1.600001622965647528e+02 1.000000000000000000e+01 1.300000000000000000e+01
1.610001622965646959e+02 1.100000000000000000e+01 1.100000000000000000e+01
1.620001622965646391e+02 1.100000000000000000e+01 1.100000000000000000e+01
1.630001622965645822e+02 1.200000000000000000e+01 1.200000000000000000e+01
1.640001622965645254e+02 1.200000000000000000e+01 1.400000000000000000e+01
1.650001622965644685e+02 1.300000000000000000e+01 1.300000000000000000e+01
1.660001622965644117e+02 1.100000000000000000e+01 1.300000000000000000e+01
1.670001622965643548e+02 1.300000000000000000e+01 1.300000000000000000e+01
1.680001622965642980e+02 1.300000000000000000e+01 1.000000000000000000e+01
1.690001622965642412e+02 1.400000000000000000e+01 9.000000000000000000e+00
1.700001622965641843e+02 1.400000000000000000e+01 1.000000000000000000e+01
1.710001622965641275e+02 1.400000000000000000e+01 1.000000000000000000e+01
1.720001622965640706e+02 1.400000000000000000e+01 1.000000000000000000e+01
1.730001622965640138e+02 1.600000000000000000e+01 1.000000000000000000e+01
1.740001622965639569e+02 1.500000000000000000e+01 1.000000000000000000e+01
1.750001622965639001e+02 1.700000000000000000e+01 9.000000000000000000e+00
1.760001622965638433e+02 1.800000000000000000e+01 1.000000000000000000e+01
1.770001622965637864e+02 1.700000000000000000e+01 9.000000000000000000e+00
1.780001622965637296e+02 1.600000000000000000e+01 1.000000000000000000e+01
1.790001622965636727e+02 1.600000000000000000e+01 1.000000000000000000e+01
1.800001622965636159e+02 1.600000000000000000e+01 1.100000000000000000e+01
1.810001622965635590e+02 1.500000000000000000e+01 1.000000000000000000e+01
1.820001622965635022e+02 1.500000000000000000e+01 1.000000000000000000e+01
1.830001622965634454e+02 1.500000000000000000e+01 1.100000000000000000e+01
1.840001622965633885e+02 1.600000000000000000e+01 1.000000000000000000e+01
1.850001622965633317e+02 1.700000000000000000e+01 1.100000000000000000e+01
1.860001622965632748e+02 1.500000000000000000e+01 1.100000000000000000e+01
1.870001622965632180e+02 1.500000000000000000e+01 1.000000000000000000e+01
1.880001622965631611e+02 1.500000000000000000e+01 9.000000000000000000e+00
1.890001622965631043e+02 1.500000000000000000e+01 8.000000000000000000e+00
1.900001622965630474e+02 1.400000000000000000e+01 7.000000000000000000e+00
1.910001622965629906e+02 1.000000000000000000e+01 7.000000000000000000e+00
1.920001622965629338e+02 1.100000000000000000e+01 9.000000000000000000e+00
1.930001622965628769e+02 1.100000000000000000e+01 1.000000000000000000e+01
1.940001622965628201e+02 6.000000000000000000e+00 1.100000000000000000e+01
1.950001622965627632e+02 5.000000000000000000e+00 1.100000000000000000e+01
1.960001622965627064e+02 6.000000000000000000e+00 1.100000000000000000e+01
1.970001622965626495e+02 5.000000000000000000e+00 1.000000000000000000e+01
1.980001622965625927e+02 4.000000000000000000e+00 1.000000000000000000e+01
1.990001622965625359e+02 7.000000000000000000e+00 1.100000000000000000e+01
2.000001622965624790e+02 7.000000000000000000e+00 9.000000000000000000e+00
2.010001622965624222e+02 7.000000000000000000e+00 1.000000000000000000e+01
2.020001622965623653e+02 7.000000000000000000e+00 1.100000000000000000e+01
2.030001622965623085e+02 7.000000000000000000e+00 1.000000000000000000e+01
2.040001622965622516e+02 8.000000000000000000e+00 1.100000000000000000e+01
2.050001622965621948e+02 8.000000000000000000e+00 1.100000000000000000e+01
2.060001622965621380e+02 9.000000000000000000e+00 1.100000000000000000e+01
2.070001622965620811e+02 9.000000000000000000e+00 1.300000000000000000e+01
2.080001622965620243e+02 9.000000000000000000e+00 1.300000000000000000e+01
2.090001622965619674e+02 9.000000000000000000e+00 1.200000000000000000e+01
2.100001622965619106e+02 9.000000000000000000e+00 1.200000000000000000e+01
2.110001622965618537e+02 1.000000000000000000e+01 1.200000000000000000e+01
2.120001622965617969e+02 1.000000000000000000e+01 1.300000000000000000e+01
2.130001622965617400e+02 1.000000000000000000e+01 1.300000000000000000e+01
2.140001622965616832e+02 1.000000000000000000e+01 1.400000000000000000e+01
2.150001622965616264e+02 1.200000000000000000e+01 1.400000000000000000e+01
2.160001622965615695e+02 1.300000000000000000e+01 1.500000000000000000e+01
2.170001622965615127e+02 1.300000000000000000e+01 1.500000000000000000e+01
2.180001622965614558e+02 1.400000000000000000e+01 1.400000000000000000e+01
2.190001622965613990e+02 1.600000000000000000e+01 1.400000000000000000e+01
2.200001622965613421e+02 1.700000000000000000e+01 1.700000000000000000e+01
2.210001622965612853e+02 1.600000000000000000e+01 1.700000000000000000e+01
2.220001622965612285e+02 1.700000000000000000e+01 1.800000000000000000e+01
2.230001622965611716e+02 1.700000000000000000e+01 1.800000000000000000e+01
2.240001622965611148e+02 1.800000000000000000e+01 1.800000000000000000e+01
2.250001622965610579e+02 1.900000000000000000e+01 1.900000000000000000e+01
2.260001622965610011e+02 2.000000000000000000e+01 2.100000000000000000e+01
2.270001622965609442e+02 2.100000000000000000e+01 1.900000000000000000e+01
2.280001622965608874e+02 2.200000000000000000e+01 1.800000000000000000e+01
2.290001622965608306e+02 2.400000000000000000e+01 1.800000000000000000e+01
2.300001622965607737e+02 2.500000000000000000e+01 1.700000000000000000e+01
2.310001622965607169e+02 2.500000000000000000e+01 1.100000000000000000e+01
2.320001622965606600e+02 2.500000000000000000e+01 7.000000000000000000e+00
2.330001622965606032e+02 2.700000000000000000e+01 4.000000000000000000e+00
2.340000861572964652e+02 2.700000000000000000e+01 4.000000000000000000e+00
2.350001622965604895e+02 2.800000000000000000e+01 3.000000000000000000e+00
2.360001622965604327e+02 2.800000000000000000e+01 3.000000000000000000e+00
2.370001622965603758e+02 3.000000000000000000e+01 7.000000000000000000e+00
2.380001622965603190e+02 3.100000000000000000e+01 6.000000000000000000e+00
2.390001622965602621e+02 3.200000000000000000e+01 5.000000000000000000e+00
2.400001622965602053e+02 3.200000000000000000e+01 5.000000000000000000e+00
2.410001622965601484e+02 3.200000000000000000e+01 5.000000000000000000e+00
2.420001622965600916e+02 3.200000000000000000e+01 6.000000000000000000e+00
2.430001622965600347e+02 3.200000000000000000e+01 7.000000000000000000e+00
2.440001622965599779e+02 3.100000000000000000e+01 8.000000000000000000e+00
2.450001622965599211e+02 3.100000000000000000e+01 9.000000000000000000e+00
2.460001622965598642e+02 2.700000000000000000e+01 9.000000000000000000e+00
2.470001622965598074e+02 2.400000000000000000e+01 8.000000000000000000e+00
2.480000555615231406e+02 2.300000000000000000e+01 8.000000000000000000e+00
2.490001622965596937e+02 2.300000000000000000e+01 1.100000000000000000e+01
2.500001622965596368e+02 2.200000000000000000e+01 1.400000000000000000e+01
2.510001622965595800e+02 1.900000000000000000e+01 1.600000000000000000e+01
2.520001622965595232e+02 1.600000000000000000e+01 1.500000000000000000e+01
2.530001622965594663e+02 1.700000000000000000e+01 1.600000000000000000e+01
2.540001622965594095e+02 1.600000000000000000e+01 1.500000000000000000e+01
2.550001622965593526e+02 1.700000000000000000e+01 1.500000000000000000e+01
2.560001622965593242e+02 1.800000000000000000e+01 1.500000000000000000e+01
2.570001622965595516e+02 1.900000000000000000e+01 1.600000000000000000e+01
2.580001622965597790e+02 1.900000000000000000e+01 1.800000000000000000e+01
2.590001622965600063e+02 1.900000000000000000e+01 2.000000000000000000e+01
2.600001622965602337e+02 1.800000000000000000e+01 2.000000000000000000e+01
2.610001622965604611e+02 1.800000000000000000e+01 1.800000000000000000e+01
2.620001622965606884e+02 1.900000000000000000e+01 1.700000000000000000e+01
2.630001622965609158e+02 1.900000000000000000e+01 1.900000000000000000e+01
2.640001622965611432e+02 1.700000000000000000e+01 1.900000000000000000e+01
2.650001622965613706e+02 1.800000000000000000e+01 2.000000000000000000e+01
2.660001622965615979e+02 1.800000000000000000e+01 1.800000000000000000e+01
2.670001622965618253e+02 1.900000000000000000e+01 1.800000000000000000e+01
2.680001622965620527e+02 2.000000000000000000e+01 1.800000000000000000e+01
2.690001622965622801e+02 2.200000000000000000e+01 1.700000000000000000e+01
2.700001622965625074e+02 2.100000000000000000e+01 1.500000000000000000e+01
2.710001622965627348e+02 2.300000000000000000e+01 1.500000000000000000e+01
2.720001622965629622e+02 2.500000000000000000e+01 1.700000000000000000e+01
2.730001622965631896e+02 2.500000000000000000e+01 1.800000000000000000e+01
2.740001622965634169e+02 2.700000000000000000e+01 1.800000000000000000e+01
2.750001622965636443e+02 2.700000000000000000e+01 1.800000000000000000e+01
2.760001622965638717e+02 2.700000000000000000e+01 2.200000000000000000e+01
2.770001622965640991e+02 2.800000000000000000e+01 2.200000000000000000e+01
2.780001622965643264e+02 2.500000000000000000e+01 2.300000000000000000e+01
2.790001622965645538e+02 2.500000000000000000e+01 2.400000000000000000e+01
2.800001622965647812e+02 2.500000000000000000e+01 2.100000000000000000e+01
2.810001622965650085e+02 2.600000000000000000e+01 2.200000000000000000e+01
2.820001622965652359e+02 2.500000000000000000e+01 2.500000000000000000e+01
2.830001622965654633e+02 2.000000000000000000e+01 2.700000000000000000e+01
2.840001622965656907e+02 2.000000000000000000e+01 2.700000000000000000e+01
2.850001622965659180e+02 2.100000000000000000e+01 2.700000000000000000e+01
2.860001622965661454e+02 2.100000000000000000e+01 2.500000000000000000e+01
2.870001622965663728e+02 2.100000000000000000e+01 2.500000000000000000e+01
2.880001622965666002e+02 1.900000000000000000e+01 2.400000000000000000e+01
2.890001622965668275e+02 1.500000000000000000e+01 2.500000000000000000e+01
2.900001622965670549e+02 1.500000000000000000e+01 2.500000000000000000e+01
2.910001622965672823e+02 1.600000000000000000e+01 2.400000000000000000e+01
2.920001622965675097e+02 1.500000000000000000e+01 2.500000000000000000e+01
2.930001622965677370e+02 1.500000000000000000e+01 2.500000000000000000e+01
2.940001622965679644e+02 1.600000000000000000e+01 2.700000000000000000e+01
2.950001622965681918e+02 1.500000000000000000e+01 2.600000000000000000e+01
2.960001622965684192e+02 1.800000000000000000e+01 2.800000000000000000e+01
2.970001113404852049e+02 1.800000000000000000e+01 2.800000000000000000e+01
2.980001622965688739e+02 1.800000000000000000e+01 2.900000000000000000e+01
2.990001622965691013e+02 1.900000000000000000e+01 2.900000000000000000e+01
3.000001622965693286e+02 2.000000000000000000e+01 3.000000000000000000e+01
