0.000000000000000000e+00 0.000000000000000000e+00 0.000000000000000000e+00
1.000017024467088511e+00 0.000000000000000000e+00 0.000000000000000000e+00
2.000017024467089399e+00 0.000000000000000000e+00 0.000000000000000000e+00
3.000017024467090287e+00 0.000000000000000000e+00 0.000000000000000000e+00
4.000017024467091176e+00 1.000000000000000000e+00 1.000000000000000000e+00
5.000017024467087623e+00 0.000000000000000000e+00 0.000000000000000000e+00
6.000017024467084070e+00 2.000000000000000000e+00 2.000000000000000000e+00
7.000017024467080518e+00 3.000000000000000000e+00 3.000000000000000000e+00
8.000017024467076965e+00 3.000000000000000000e+00 3.000000000000000000e+00
9.000017024467073412e+00 3.000000000000000000e+00 3.000000000000000000e+00
1.000001702446706986e+01 5.000000000000000000e+00 5.000000000000000000e+00
1.100001702446706631e+01 5.000000000000000000e+00 5.000000000000000000e+00
1.200001702446706275e+01 4.000000000000000000e+00 4.000000000000000000e+00
1.300001702446705920e+01 4.000000000000000000e+00 4.000000000000000000e+00
1.400001702446705565e+01 5.000000000000000000e+00 5.000000000000000000e+00
1.500001702446705210e+01 6.000000000000000000e+00 6.000000000000000000e+00
1.600001702446704854e+01 7.000000000000000000e+00 6.000000000000000000e+00
1.700001702446706275e+01 6.000000000000000000e+00 5.000000000000000000e+00
1.800001702446707696e+01 6.000000000000000000e+00 5.000000000000000000e+00
1.900001702446709118e+01 6.000000000000000000e+00 5.000000000000000000e+00
2.000001702446710539e+01 8.000000000000000000e+00 7.000000000000000000e+00
2.100001702446711960e+01 7.000000000000000000e+00 6.000000000000000000e+00
2.200001702446713381e+01 9.000000000000000000e+00 8.000000000000000000e+00
2.300001702446714802e+01 1.000000000000000000e+01 8.000000000000000000e+00
2.400001702446716223e+01 8.000000000000000000e+00 8.000000000000000000e+00
2.500001702446717644e+01 8.000000000000000000e+00 8.000000000000000000e+00
2.600001702446719065e+01 8.000000000000000000e+00 9.000000000000000000e+00
2.700001702446720486e+01 1.000000000000000000e+01 1.200000000000000000e+01
2.800001702446721907e+01 1.000000000000000000e+01 1.200000000000000000e+01
2.900001702446723328e+01 9.000000000000000000e+00 1.100000000000000000e+01
3.000001702446724750e+01 1.000000000000000000e+01 1.000000000000000000e+01
3.100001023336978534e+01 1.000000000000000000e+01 1.100000000000000000e+01
3.200001702446727592e+01 9.000000000000000000e+00 1.100000000000000000e+01
3.300001702446729013e+01 9.000000000000000000e+00 1.000000000000000000e+01
3.400001702446730434e+01 1.100000000000000000e+01 1.000000000000000000e+01
3.500001702446731855e+01 1.100000000000000000e+01 8.000000000000000000e+00
3.600001702446733276e+01 1.100000000000000000e+01 9.000000000000000000e+00
3.700001702446734697e+01 1.200000000000000000e+01 1.000000000000000000e+01
3.800001702446736118e+01 1.300000000000000000e+01 1.100000000000000000e+01
3.900001702446737539e+01 1.300000000000000000e+01 1.100000000000000000e+01
4.000001702446738960e+01 1.400000000000000000e+01 1.200000000000000000e+01
4.100001702446740381e+01 1.400000000000000000e+01 1.200000000000000000e+01
4.200001702446741803e+01 1.600000000000000000e+01 1.300000000000000000e+01
4.300001702446743224e+01 1.900000000000000000e+01 1.700000000000000000e+01
4.400001702446744645e+01 2.000000000000000000e+01 1.800000000000000000e+01
4.500001702446746066e+01 2.000000000000000000e+01 1.800000000000000000e+01
4.600001702446747487e+01 1.900000000000000000e+01 2.000000000000000000e+01
4.700001702446748908e+01 2.000000000000000000e+01 2.000000000000000000e+01
4.800001702446750329e+01 1.900000000000000000e+01 2.100000000000000000e+01
4.900001702446751750e+01 1.700000000000000000e+01 2.100000000000000000e+01
5.000001702446753171e+01 1.600000000000000000e+01 2.100000000000000000e+01
5.100001702446754592e+01 1.600000000000000000e+01 2.100000000000000000e+01
5.200001702446756013e+01 1.600000000000000000e+01 2.100000000000000000e+01
5.300001702446757434e+01 1.700000000000000000e+01 2.100000000000000000e+01
5.400001702446758856e+01 1.700000000000000000e+01 2.100000000000000000e+01
5.500001702446760277e+01 1.800000000000000000e+01 2.000000000000000000e+01
5.600001702446761698e+01 1.700000000000000000e+01 1.900000000000000000e+01
5.700001702446763119e+01 1.700000000000000000e+01 1.600000000000000000e+01
5.800001702446764540e+01 1.300000000000000000e+01 1.600000000000000000e+01
5.900001702446765961e+01 1.400000000000000000e+01 1.700000000000000000e+01
6.000001702446767382e+01 1.500000000000000000e+01 1.700000000000000000e+01
6.100001702446768803e+01 1.500000000000000000e+01 1.800000000000000000e+01
6.200001702446770224e+01 1.500000000000000000e+01 1.800000000000000000e+01
6.300001702446771645e+01 1.500000000000000000e+01 1.800000000000000000e+01
6.400001702446772356e+01 1.500000000000000000e+01 1.800000000000000000e+01
6.500001702446766672e+01 1.800000000000000000e+01 2.100000000000000000e+01
6.600001702446760987e+01 1.800000000000000000e+01 2.000000000000000000e+01
6.700001702446755303e+01 2.000000000000000000e+01 2.000000000000000000e+01
6.800001702446749619e+01 1.900000000000000000e+01 2.000000000000000000e+01
6.900001702446743934e+01 1.900000000000000000e+01 2.000000000000000000e+01
7.000001702446738250e+01 1.900000000000000000e+01 1.500000000000000000e+01
7.100001702446732565e+01 1.900000000000000000e+01 1.400000000000000000e+01
7.200001702446726881e+01 1.900000000000000000e+01 1.300000000000000000e+01
7.300001702446721197e+01 1.600000000000000000e+01 1.300000000000000000e+01
7.400001702446715512e+01 1.300000000000000000e+01 1.300000000000000000e+01
7.500001702446709828e+01 1.200000000000000000e+01 1.300000000000000000e+01
7.600001702446704144e+01 1.300000000000000000e+01 1.300000000000000000e+01
7.700001702446698459e+01 1.300000000000000000e+01 1.200000000000000000e+01
7.800001702446692775e+01 1.400000000000000000e+01 1.400000000000000000e+01
7.900001702446687091e+01 1.400000000000000000e+01 1.400000000000000000e+01
8.000001702446681406e+01 1.400000000000000000e+01 1.500000000000000000e+01
8.100001702446675722e+01 1.400000000000000000e+01 1.700000000000000000e+01
8.200001702446670038e+01 1.400000000000000000e+01 1.800000000000000000e+01
8.300001702446664353e+01 1.300000000000000000e+01 1.800000000000000000e+01
8.400001702446658669e+01 1.300000000000000000e+01 1.900000000000000000e+01
8.500001702446652985e+01 1.300000000000000000e+01 1.800000000000000000e+01
8.600001702446647300e+01 1.300000000000000000e+01 1.800000000000000000e+01
8.700001702446641616e+01 1.600000000000000000e+01 1.900000000000000000e+01
8.800001702446635932e+01 1.300000000000000000e+01 1.700000000000000000e+01
8.900001702446630247e+01 1.400000000000000000e+01 1.900000000000000000e+01
9.000001702446624563e+01 1.500000000000000000e+01 1.800000000000000000e+01
9.100001702446618879e+01 1.400000000000000000e+01 1.700000000000000000e+01
9.200001702446613194e+01 1.600000000000000000e+01 2.000000000000000000e+01
9.300001702446607510e+01 1.500000000000000000e+01 2.100000000000000000e+01
9.400001702446601826e+01 1.300000000000000000e+01 2.300000000000000000e+01
9.500001702446596141e+01 1.100000000000000000e+01 2.200000000000000000e+01
9.600001702446590457e+01 1.000000000000000000e+01 2.000000000000000000e+01
9.700001702446584773e+01 8.000000000000000000e+00 2.000000000000000000e+01
9.800001702446579088e+01 7.000000000000000000e+00 2.000000000000000000e+01
9.900001702446573404e+01 7.000000000000000000e+00 2.000000000000000000e+01
1.000000170244656772e+02 8.000000000000000000e+00 2.100000000000000000e+01
1.010000170244656204e+02 8.000000000000000000e+00 2.200000000000000000e+01
1.020000170244655635e+02 8.000000000000000000e+00 2.200000000000000000e+01
1.030000170244655067e+02 7.000000000000000000e+00 2.300000000000000000e+01
1.040000170244654498e+02 8.000000000000000000e+00 2.400000000000000000e+01
1.050000170244653930e+02 9.000000000000000000e+00 2.600000000000000000e+01
1.060000170244653361e+02 9.000000000000000000e+00 2.500000000000000000e+01
1.070000170244652793e+02 8.000000000000000000e+00 2.600000000000000000e+01
1.080000170244652224e+02 8.000000000000000000e+00 2.600000000000000000e+01
1.090000170244651656e+02 8.000000000000000000e+00 2.700000000000000000e+01
1.100000170244651088e+02 9.000000000000000000e+00 2.600000000000000000e+01
1.110000170244650519e+02 8.000000000000000000e+00 2.600000000000000000e+01
1.120000170244649951e+02 8.000000000000000000e+00 2.600000000000000000e+01
1.130000170244649382e+02 8.000000000000000000e+00 2.500000000000000000e+01
1.140000170244648814e+02 9.000000000000000000e+00 2.300000000000000000e+01
1.150000170244648245e+02 1.000000000000000000e+01 2.400000000000000000e+01
1.160000170244647677e+02 1.000000000000000000e+01 2.400000000000000000e+01
1.170000170244647109e+02 1.100000000000000000e+01 2.400000000000000000e+01
1.180000170244646540e+02 1.200000000000000000e+01 2.400000000000000000e+01
1.190000170244645972e+02 1.200000000000000000e+01 2.300000000000000000e+01
1.200000170244645403e+02 1.200000000000000000e+01 2.300000000000000000e+01
1.210000170244644835e+02 1.300000000000000000e+01 2.200000000000000000e+01
1.220000170244644266e+02 1.300000000000000000e+01 2.100000000000000000e+01
1.230000170244643698e+02 1.300000000000000000e+01 2.100000000000000000e+01
1.240000170244643130e+02 1.200000000000000000e+01 2.100000000000000000e+01
1.250000019821464718e+02 1.100000000000000000e+01 2.200000000000000000e+01
1.260000170244641993e+02 1.100000000000000000e+01 1.900000000000000000e+01
1.270000170244641424e+02 1.100000000000000000e+01 1.800000000000000000e+01
1.280000170244640856e+02 1.100000000000000000e+01 1.800000000000000000e+01
1.290000170244640287e+02 1.100000000000000000e+01 1.800000000000000000e+01
1.300000170244639719e+02 1.200000000000000000e+01 2.000000000000000000e+01
1.310000170244639150e+02 1.000000000000000000e+01 1.900000000000000000e+01
1.320000170244638582e+02 1.100000000000000000e+01 1.900000000000000000e+01
1.330000170244638014e+02 1.200000000000000000e+01 1.800000000000000000e+01
1.340000170244637445e+02 1.200000000000000000e+01 1.800000000000000000e+01
1.350000170244636877e+02 1.300000000000000000e+01 1.700000000000000000e+01
1.360000170244636308e+02 1.400000000000000000e+01 1.700000000000000000e+01
1.370000170244635740e+02 1.700000000000000000e+01 1.800000000000000000e+01
1.380000170244635171e+02 1.700000000000000000e+01 1.800000000000000000e+01
1.390000170244634603e+02 1.700000000000000000e+01 1.800000000000000000e+01
1.400000170244634035e+02 1.300000000000000000e+01 1.800000000000000000e+01
1.410000170244633466e+02 1.100000000000000000e+01 2.000000000000000000e+01
1.420000170244632898e+02 1.100000000000000000e+01 1.700000000000000000e+01
1.430000170244632329e+02 1.000000000000000000e+01 1.500000000000000000e+01
1.440000170244631761e+02 1.000000000000000000e+01 1.300000000000000000e+01
1.450000170244631192e+02 1.000000000000000000e+01 1.200000000000000000e+01
1.460000170244630624e+02 1.000000000000000000e+01 1.200000000000000000e+01
1.470000170244630056e+02 1.100000000000000000e+01 1.400000000000000000e+01
1.480000170244629487e+02 1.200000000000000000e+01 1.500000000000000000e+01
1.490000170244628919e+02 1.100000000000000000e+01 1.600000000000000000e+01
1.500000170244628350e+02 1.200000000000000000e+01 1.700000000000000000e+01
1.510000170244627782e+02 1.200000000000000000e+01 1.700000000000000000e+01
1.520000170244627213e+02 1.100000000000000000e+01 1.700000000000000000e+01
1.530000170244626645e+02 1.100000000000000000e+01 1.700000000000000000e+01
1.540000170244626077e+02 1.100000000000000000e+01 1.700000000000000000e+01
1.550000170244625508e+02 1.200000000000000000e+01 1.900000000000000000e+01
1.560000170244624940e+02 1.100000000000000000e+01 1.700000000000000000e+01
1.570000170244624371e+02 1.200000000000000000e+01 1.500000000000000000e+01
1.580000170244623803e+02 1.200000000000000000e+01 1.600000000000000000e+01
1.590000170244623234e+02 1.200000000000000000e+01 1.700000000000000000e+01
1.600000170244622666e+02 1.100000000000000000e+01 1.700000000000000000e+01
1.610000170244622097e+02 1.100000000000000000e+01 1.700000000000000000e+01
1.620000170244621529e+02 1.100000000000000000e+01 1.600000000000000000e+01
1.630000170244620961e+02 1.400000000000000000e+01 1.600000000000000000e+01
1.640000170244620392e+02 1.300000000000000000e+01 1.600000000000000000e+01
1.650000170244619824e+02 1.500000000000000000e+01 1.600000000000000000e+01
1.660000170244619255e+02 1.400000000000000000e+01 1.500000000000000000e+01
1.670000170244618687e+02 1.600000000000000000e+01 1.500000000000000000e+01
1.680000170244618118e+02 1.800000000000000000e+01 1.500000000000000000e+01
1.690000170244617550e+02 1.800000000000000000e+01 1.500000000000000000e+01
1.700000170244616982e+02 1.900000000000000000e+01 1.000000000000000000e+01
1.710000170244616413e+02 1.900000000000000000e+01 1.000000000000000000e+01
1.720000170244615845e+02 2.100000000000000000e+01 1.100000000000000000e+01
1.730000170244615276e+02 2.300000000000000000e+01 1.300000000000000000e+01
1.740000170244614708e+02 2.400000000000000000e+01 1.200000000000000000e+01
1.750000170244614139e+02 2.500000000000000000e+01 1.300000000000000000e+01
1.760000170244613571e+02 2.500000000000000000e+01 1.200000000000000000e+01
1.770000170244613003e+02 2.500000000000000000e+01 1.200000000000000000e+01
1.780000170244612434e+02 2.700000000000000000e+01 1.200000000000000000e+01
1.790000170244611866e+02 2.700000000000000000e+01 1.300000000000000000e+01
1.800000170244611297e+02 2.800000000000000000e+01 1.100000000000000000e+01
1.810000170244610729e+02 2.900000000000000000e+01 1.100000000000000000e+01
1.820000170244610160e+02 3.000000000000000000e+01 1.200000000000000000e+01
1.830000170244609592e+02 2.900000000000000000e+01 1.200000000000000000e+01
1.840000170244609023e+02 2.800000000000000000e+01 1.000000000000000000e+01
1.850000170244608455e+02 2.800000000000000000e+01 1.000000000000000000e+01
1.860000170244607887e+02 2.700000000000000000e+01 1.000000000000000000e+01
1.870000170244607318e+02 2.800000000000000000e+01 1.100000000000000000e+01
1.880000170244606750e+02 2.900000000000000000e+01 1.200000000000000000e+01
1.890000170244606181e+02 2.800000000000000000e+01 1.100000000000000000e+01
1.900000170244605613e+02 2.700000000000000000e+01 1.200000000000000000e+01
1.910000170244605044e+02 2.700000000000000000e+01 1.100000000000000000e+01
1.920000170244604476e+02 2.700000000000000000e+01 1.000000000000000000e+01
1.930000170244603908e+02 2.700000000000000000e+01 1.200000000000000000e+01
1.940000170244603339e+02 2.600000000000000000e+01 1.000000000000000000e+01
1.950000170244602771e+02 2.400000000000000000e+01 1.100000000000000000e+01
1.960000170244602202e+02 2.300000000000000000e+01 1.100000000000000000e+01
1.970000170244601634e+02 2.400000000000000000e+01 1.300000000000000000e+01
1.980000170244601065e+02 2.400000000000000000e+01 1.200000000000000000e+01
1.990000170244600497e+02 2.500000000000000000e+01 1.100000000000000000e+01
2.000000170244599929e+02 2.500000000000000000e+01 1.000000000000000000e+01
2.010000170244599360e+02 2.700000000000000000e+01 8.000000000000000000e+00
2.020000170244598792e+02 2.800000000000000000e+01 6.000000000000000000e+00
2.030000170244598223e+02 2.700000000000000000e+01 5.000000000000000000e+00
2.040000170244597655e+02 2.800000000000000000e+01 2.000000000000000000e+00
2.050000170244597086e+02 2.800000000000000000e+01 3.000000000000000000e+00
2.060000170244596518e+02 2.800000000000000000e+01 2.000000000000000000e+00
2.070000170244595949e+02 2.900000000000000000e+01 1.000000000000000000e+00
2.080000170244595381e+02 2.900000000000000000e+01 2.000000000000000000e+00
2.090000170244594813e+02 2.700000000000000000e+01 1.000000000000000000e+00
2.100000170244594244e+02 2.900000000000000000e+01 2.000000000000000000e+00
2.110000170244593676e+02 2.800000000000000000e+01 1.000000000000000000e+00
2.120000170244593107e+02 3.000000000000000000e+01 2.000000000000000000e+00
2.130000170244592539e+02 3.000000000000000000e+01 2.000000000000000000e+00
2.140000170244591970e+02 3.100000000000000000e+01 4.000000000000000000e+00
2.150000170244591402e+02 2.900000000000000000e+01 3.000000000000000000e+00
2.160000170244590834e+02 2.700000000000000000e+01 3.000000000000000000e+00
2.170000170244590265e+02 2.400000000000000000e+01 4.000000000000000000e+00
2.180000170244589697e+02 1.900000000000000000e+01 4.000000000000000000e+00
2.190000170244589128e+02 1.800000000000000000e+01 6.000000000000000000e+00
2.200000170244588560e+02 1.700000000000000000e+01 7.000000000000000000e+00
2.210000170244587991e+02 1.700000000000000000e+01 8.000000000000000000e+00
2.220000170244587423e+02 1.900000000000000000e+01 8.000000000000000000e+00
2.230000170244586855e+02 1.900000000000000000e+01 9.000000000000000000e+00
2.240000170244586286e+02 1.900000000000000000e+01 8.000000000000000000e+00
2.250000170244585718e+02 1.900000000000000000e+01 8.000000000000000000e+00
2.260000170244585149e+02 1.900000000000000000e+01 8.000000000000000000e+00
2.270000170244584581e+02 1.900000000000000000e+01 8.000000000000000000e+00
2.280000170244584012e+02 1.900000000000000000e+01 8.000000000000000000e+00
2.290000170244583444e+02 2.100000000000000000e+01 8.000000000000000000e+00
2.300000170244582876e+02 2.200000000000000000e+01 8.000000000000000000e+00
2.310000170244582307e+02 2.200000000000000000e+01 9.000000000000000000e+00
2.320000170244581739e+02 2.400000000000000000e+01 1.000000000000000000e+01
2.330000170244581170e+02 2.400000000000000000e+01 1.000000000000000000e+01
2.340000170244580602e+02 2.400000000000000000e+01 9.000000000000000000e+00
2.350000170244580033e+02 2.600000000000000000e+01 9.000000000000000000e+00
2.360000170244579465e+02 2.600000000000000000e+01 9.000000000000000000e+00
2.370000170244578896e+02 2.600000000000000000e+01 8.000000000000000000e+00
2.380000170244578328e+02 2.600000000000000000e+01 1.000000000000000000e+01
2.390000170244577760e+02 2.500000000000000000e+01 1.000000000000000000e+01
2.400000170244577191e+02 2.500000000000000000e+01 1.200000000000000000e+01
2.410000170244576623e+02 2.500000000000000000e+01 1.200000000000000000e+01
2.420000170244576054e+02 2.400000000000000000e+01 1.200000000000000000e+01
2.430000170244575486e+02 2.400000000000000000e+01 1.100000000000000000e+01
2.440000170244574917e+02 2.400000000000000000e+01 1.100000000000000000e+01
2.450000170244574349e+02 2.600000000000000000e+01 1.200000000000000000e+01
2.460000170244573781e+02 2.500000000000000000e+01 1.400000000000000000e+01
2.470000170244573212e+02 2.600000000000000000e+01 1.400000000000000000e+01
2.480000170244572644e+02 2.900000000000000000e+01 1.500000000000000000e+01
2.490000170244572075e+02 2.900000000000000000e+01 1.600000000000000000e+01
2.500000170244571507e+02 3.000000000000000000e+01 1.500000000000000000e+01
2.510000170244570938e+02 2.900000000000000000e+01 1.600000000000000000e+01
2.520000170244570370e+02 2.800000000000000000e+01 1.600000000000000000e+01
2.530000170244569802e+02 2.300000000000000000e+01 1.600000000000000000e+01
2.540000170244569233e+02 2.300000000000000000e+01 1.600000000000000000e+01
2.550000170244568665e+02 2.300000000000000000e+01 1.600000000000000000e+01
2.560000170244568380e+02 2.100000000000000000e+01 1.600000000000000000e+01
2.570000170244570654e+02 1.900000000000000000e+01 1.500000000000000000e+01
2.580000170244572928e+02 1.900000000000000000e+01 1.500000000000000000e+01
2.590000170244575202e+02 1.900000000000000000e+01 1.600000000000000000e+01
2.600000170244577475e+02 1.900000000000000000e+01 1.600000000000000000e+01
2.610000170244579749e+02 2.000000000000000000e+01 1.600000000000000000e+01
2.620000170244582023e+02 2.000000000000000000e+01 1.600000000000000000e+01
2.630000170244584297e+02 2.100000000000000000e+01 1.600000000000000000e+01
2.640000170244586570e+02 2.100000000000000000e+01 1.900000000000000000e+01
2.650000170244588844e+02 2.300000000000000000e+01 2.000000000000000000e+01
2.660000170244591118e+02 2.200000000000000000e+01 2.000000000000000000e+01
2.670000170244593392e+02 1.800000000000000000e+01 1.800000000000000000e+01
2.680000170244595665e+02 1.600000000000000000e+01 1.900000000000000000e+01
2.690000170244597939e+02 1.600000000000000000e+01 1.400000000000000000e+01
2.700000170244600213e+02 1.200000000000000000e+01 1.500000000000000000e+01
2.710000170244602486e+02 7.000000000000000000e+00 1.500000000000000000e+01
2.720000170244604760e+02 8.000000000000000000e+00 1.500000000000000000e+01
2.730000170244607034e+02 9.000000000000000000e+00 1.500000000000000000e+01
2.740000170244609308e+02 1.000000000000000000e+01 1.600000000000000000e+01
2.750000170244611581e+02 1.000000000000000000e+01 1.600000000000000000e+01
2.760000170244613855e+02 1.100000000000000000e+01 1.600000000000000000e+01
2.770000170244616129e+02 1.100000000000000000e+01 1.600000000000000000e+01
2.780000170244618403e+02 1.000000000000000000e+01 1.700000000000000000e+01
2.790000170244620676e+02 1.200000000000000000e+01 2.000000000000000000e+01
2.800000170244622950e+02 1.100000000000000000e+01 2.200000000000000000e+01
2.810000170244625224e+02 1.300000000000000000e+01 2.300000000000000000e+01
2.820000170244627498e+02 1.300000000000000000e+01 2.600000000000000000e+01
2.830000170244629771e+02 1.300000000000000000e+01 2.400000000000000000e+01
2.840000170244632045e+02 1.300000000000000000e+01 2.200000000000000000e+01
2.850000170244634319e+02 1.300000000000000000e+01 2.200000000000000000e+01
2.860000170244636593e+02 1.300000000000000000e+01 2.300000000000000000e+01
2.870000170244638866e+02 1.400000000000000000e+01 2.200000000000000000e+01
2.880000170244641140e+02 1.200000000000000000e+01 2.000000000000000000e+01
2.890000170244643414e+02 1.200000000000000000e+01 1.800000000000000000e+01
2.900000170244645687e+02 1.300000000000000000e+01 1.800000000000000000e+01
2.910000170244647961e+02 1.400000000000000000e+01 1.900000000000000000e+01
2.920000170244650235e+02 1.300000000000000000e+01 1.900000000000000000e+01
2.930000170244652509e+02 1.300000000000000000e+01 2.200000000000000000e+01
2.940000170244654782e+02 1.100000000000000000e+01 2.200000000000000000e+01
2.950000170244657056e+02 1.100000000000000000e+01 2.200000000000000000e+01
2.960000170244659330e+02 1.200000000000000000e+01 1.800000000000000000e+01
2.970000170244661604e+02 1.100000000000000000e+01 1.800000000000000000e+01
2.980000170244663877e+02 1.000000000000000000e+01 1.600000000000000000e+01
2.990000170244666151e+02 1.100000000000000000e+01 1.700000000000000000e+01
3.000000170244668425e+02 1.200000000000000000e+01 1.600000000000000000e+01
