0.000000000000000000e+00 0.000000000000000000e+00 0.000000000000000000e+00
1.000077616460666396e+00 0.000000000000000000e+00 0.000000000000000000e+00
2.000077616460667063e+00 2.000000000000000000e+00 2.000000000000000000e+00
3.000077616460667951e+00 3.000000000000000000e+00 3.000000000000000000e+00
4.000077616460668395e+00 3.000000000000000000e+00 3.000000000000000000e+00
5.000077616460664842e+00 4.000000000000000000e+00 4.000000000000000000e+00
6.000077616460661289e+00 4.000000000000000000e+00 4.000000000000000000e+00
7.000077616460657737e+00 4.000000000000000000e+00 4.000000000000000000e+00
8.000077616460654184e+00 4.000000000000000000e+00 4.000000000000000000e+00
9.000077616460650631e+00 3.000000000000000000e+00 3.000000000000000000e+00
1.000007761646064708e+01 4.000000000000000000e+00 4.000000000000000000e+00
1.100007761646064353e+01 5.000000000000000000e+00 5.000000000000000000e+00
1.200007761646063997e+01 4.000000000000000000e+00 4.000000000000000000e+00
1.300007761646063642e+01 5.000000000000000000e+00 5.000000000000000000e+00
1.400007761646063287e+01 4.000000000000000000e+00 4.000000000000000000e+00
1.500007761646062932e+01 4.000000000000000000e+00 4.000000000000000000e+00
1.600007761646062576e+01 3.000000000000000000e+00 3.000000000000000000e+00
1.700007761646063997e+01 2.000000000000000000e+00 2.000000000000000000e+00
1.800007761646065418e+01 1.000000000000000000e+00 1.000000000000000000e+00
1.900007761646066839e+01 0.000000000000000000e+00 0.000000000000000000e+00
2.000007761646068261e+01 1.000000000000000000e+00 1.000000000000000000e+00
2.100007761646069682e+01 1.000000000000000000e+00 1.000000000000000000e+00
2.200007761646071103e+01 0.000000000000000000e+00 0.000000000000000000e+00
2.300007761646072524e+01 1.000000000000000000e+00 1.000000000000000000e+00
2.400007761646073945e+01 2.000000000000000000e+00 2.000000000000000000e+00
2.500007761646075366e+01 1.000000000000000000e+00 1.000000000000000000e+00
2.600007761646076787e+01 1.000000000000000000e+00 1.000000000000000000e+00
2.700007761646078208e+01 4.000000000000000000e+00 4.000000000000000000e+00
2.800007761646079629e+01 2.000000000000000000e+00 2.000000000000000000e+00
2.900007761646081050e+01 1.000000000000000000e+00 1.000000000000000000e+00
3.000007761646082471e+01 1.000000000000000000e+00 1.000000000000000000e+00
3.100007761646083893e+01 1.000000000000000000e+00 1.000000000000000000e+00
3.200007761646084958e+01 2.000000000000000000e+00 2.000000000000000000e+00
3.300007761646086379e+01 2.000000000000000000e+00 2.000000000000000000e+00
3.400007761646087801e+01 2.000000000000000000e+00 2.000000000000000000e+00
3.500007761646089222e+01 3.000000000000000000e+00 3.000000000000000000e+00
3.600007761646090643e+01 4.000000000000000000e+00 4.000000000000000000e+00
3.700007761646092064e+01 5.000000000000000000e+00 5.000000000000000000e+00
3.800007761646093485e+01 4.000000000000000000e+00 4.000000000000000000e+00
3.900007761646094906e+01 6.000000000000000000e+00 6.000000000000000000e+00
4.000007761646096327e+01 7.000000000000000000e+00 7.000000000000000000e+00
4.100007761646097748e+01 8.000000000000000000e+00 8.000000000000000000e+00
4.200007761646099169e+01 9.000000000000000000e+00 9.000000000000000000e+00
4.300007761646100590e+01 8.000000000000000000e+00 1.000000000000000000e+01
4.400007761646102011e+01 1.000000000000000000e+01 1.100000000000000000e+01
4.500007761646103432e+01 1.400000000000000000e+01 9.000000000000000000e+00
4.600007761646104854e+01 1.300000000000000000e+01 4.000000000000000000e+00
4.700007761646106275e+01 1.300000000000000000e+01 3.000000000000000000e+00
4.800007761646107696e+01 1.400000000000000000e+01 4.000000000000000000e+00
4.900007761646109117e+01 8.000000000000000000e+00 4.000000000000000000e+00
5.000007761646110538e+01 6.000000000000000000e+00 5.000000000000000000e+00
5.100007761646111959e+01 7.000000000000000000e+00 7.000000000000000000e+00
5.200007761646113380e+01 7.000000000000000000e+00 6.000000000000000000e+00
5.300007761646114801e+01 7.000000000000000000e+00 6.000000000000000000e+00
5.400007761646116222e+01 6.000000000000000000e+00 6.000000000000000000e+00
5.500007761646117643e+01 7.000000000000000000e+00 7.000000000000000000e+00
5.600007761646119064e+01 6.000000000000000000e+00 9.000000000000000000e+00
5.700007761646120485e+01 6.000000000000000000e+00 9.000000000000000000e+00
5.800007761646121907e+01 6.000000000000000000e+00 9.000000000000000000e+00
5.900007761646123328e+01 7.000000000000000000e+00 1.000000000000000000e+01
6.000007761646124749e+01 8.000000000000000000e+00 1.000000000000000000e+01
6.100007761646126170e+01 8.000000000000000000e+00 1.100000000000000000e+01
6.200007761646127591e+01 1.000000000000000000e+01 1.300000000000000000e+01
6.300007761646129012e+01 1.000000000000000000e+01 1.200000000000000000e+01
6.400007761646129723e+01 1.100000000000000000e+01 1.100000000000000000e+01
6.500007761646124038e+01 1.100000000000000000e+01 1.100000000000000000e+01
6.600007761646118354e+01 1.100000000000000000e+01 1.000000000000000000e+01
6.700007761646112669e+01 1.100000000000000000e+01 8.000000000000000000e+00
6.800007761646106985e+01 9.000000000000000000e+00 7.000000000000000000e+00
6.900005175791304168e+01 9.000000000000000000e+00 7.000000000000000000e+00
7.000007761646095616e+01 9.000000000000000000e+00 7.000000000000000000e+00
7.100007761646089932e+01 8.000000000000000000e+00 6.000000000000000000e+00
7.200007761646084248e+01 1.000000000000000000e+01 6.000000000000000000e+00
7.300007761646078563e+01 1.000000000000000000e+01 6.000000000000000000e+00
7.400007761646072879e+01 1.000000000000000000e+01 7.000000000000000000e+00
7.500007761646067195e+01 1.000000000000000000e+01 5.000000000000000000e+00
7.600007761646061510e+01 1.000000000000000000e+01 5.000000000000000000e+00
7.700007761646055826e+01 1.200000000000000000e+01 7.000000000000000000e+00
7.800007761646050142e+01 1.400000000000000000e+01 9.000000000000000000e+00
7.900007761646044457e+01 1.400000000000000000e+01 8.000000000000000000e+00
8.000007761646038773e+01 1.500000000000000000e+01 7.000000000000000000e+00
8.100007761646033089e+01 1.500000000000000000e+01 7.000000000000000000e+00
8.200007761646027404e+01 1.600000000000000000e+01 8.000000000000000000e+00
8.300007761646021720e+01 1.600000000000000000e+01 8.000000000000000000e+00
8.400007761646016036e+01 1.500000000000000000e+01 8.000000000000000000e+00
8.500007761646010351e+01 1.600000000000000000e+01 1.000000000000000000e+01
8.600007761646004667e+01 1.500000000000000000e+01 9.000000000000000000e+00
8.700007761645998983e+01 1.500000000000000000e+01 1.000000000000000000e+01
8.800007761645993298e+01 1.400000000000000000e+01 1.100000000000000000e+01
8.900007761645987614e+01 1.100000000000000000e+01 1.100000000000000000e+01
9.000007761645981930e+01 1.100000000000000000e+01 7.000000000000000000e+00
9.100007761645976245e+01 1.000000000000000000e+01 8.000000000000000000e+00
9.200007761645970561e+01 1.200000000000000000e+01 7.000000000000000000e+00
9.300007761645964877e+01 1.200000000000000000e+01 6.000000000000000000e+00
9.400007761645959192e+01 1.400000000000000000e+01 7.000000000000000000e+00
9.500007761645953508e+01 1.400000000000000000e+01 6.000000000000000000e+00
9.600007761645947824e+01 1.300000000000000000e+01 5.000000000000000000e+00
9.700007761645942139e+01 1.400000000000000000e+01 6.000000000000000000e+00
9.800007761645936455e+01 1.200000000000000000e+01 5.000000000000000000e+00
9.900007761645930771e+01 1.200000000000000000e+01 6.000000000000000000e+00
1.000000776164592509e+02 1.000000000000000000e+01 6.000000000000000000e+00
1.010000776164591940e+02 1.100000000000000000e+01 6.000000000000000000e+00
1.020000776164591372e+02 1.100000000000000000e+01 5.000000000000000000e+00
1.030000776164590803e+02 1.100000000000000000e+01 5.000000000000000000e+00
1.040000776164590235e+02 1.100000000000000000e+01 6.000000000000000000e+00
1.050000776164589666e+02 1.000000000000000000e+01 6.000000000000000000e+00
1.060000776164589098e+02 1.100000000000000000e+01 9.000000000000000000e+00
1.070000776164588530e+02 1.200000000000000000e+01 1.000000000000000000e+01
1.080000776164587961e+02 1.200000000000000000e+01 1.000000000000000000e+01
1.090000776164587393e+02 1.200000000000000000e+01 1.100000000000000000e+01
1.100000776164586824e+02 1.300000000000000000e+01 1.000000000000000000e+01
1.110000776164586256e+02 1.500000000000000000e+01 1.200000000000000000e+01
1.120000776164585687e+02 1.300000000000000000e+01 1.100000000000000000e+01
1.130000776164585119e+02 1.300000000000000000e+01 1.000000000000000000e+01
1.140000776164584551e+02 1.300000000000000000e+01 1.000000000000000000e+01
1.150000776164583982e+02 1.400000000000000000e+01 1.000000000000000000e+01
1.160000776164583414e+02 1.400000000000000000e+01 9.000000000000000000e+00
1.170000776164582845e+02 1.400000000000000000e+01 9.000000000000000000e+00
1.180000776164582277e+02 1.500000000000000000e+01 9.000000000000000000e+00
1.190000776164581708e+02 1.500000000000000000e+01 1.000000000000000000e+01
1.200000776164581140e+02 1.400000000000000000e+01 6.000000000000000000e+00
1.210000776164580572e+02 1.300000000000000000e+01 5.000000000000000000e+00
1.220000776164580003e+02 1.400000000000000000e+01 1.000000000000000000e+00
1.230000776164579435e+02 1.400000000000000000e+01 1.000000000000000000e+00
1.240000776164578866e+02 1.300000000000000000e+01 2.000000000000000000e+00
1.250000776164578298e+02 1.100000000000000000e+01 2.000000000000000000e+00
1.260000776164577729e+02 1.200000000000000000e+01 2.000000000000000000e+00
1.270000776164577161e+02 1.200000000000000000e+01 3.000000000000000000e+00
1.280000776164576735e+02 1.100000000000000000e+01 2.000000000000000000e+00
1.290000776164576166e+02 1.100000000000000000e+01 2.000000000000000000e+00
1.300000776164575598e+02 1.100000000000000000e+01 2.000000000000000000e+00
1.310000776164575029e+02 1.200000000000000000e+01 3.000000000000000000e+00
1.320000776164574461e+02 1.100000000000000000e+01 2.000000000000000000e+00
1.330000776164573892e+02 1.100000000000000000e+01 4.000000000000000000e+00
1.340000776164573324e+02 1.100000000000000000e+01 6.000000000000000000e+00
1.350000554581463632e+02 1.200000000000000000e+01 4.000000000000000000e+00
1.360000776164572187e+02 1.300000000000000000e+01 4.000000000000000000e+00
1.370000776164571619e+02 1.300000000000000000e+01 4.000000000000000000e+00
1.380000776164571050e+02 1.300000000000000000e+01 5.000000000000000000e+00
1.390000776164570482e+02 1.400000000000000000e+01 5.000000000000000000e+00
1.400000776164569913e+02 1.400000000000000000e+01 6.000000000000000000e+00
1.410000427043231070e+02 1.400000000000000000e+01 6.000000000000000000e+00
1.420000776164568776e+02 1.400000000000000000e+01 6.000000000000000000e+00
1.430000117572808165e+02 1.400000000000000000e+01 7.000000000000000000e+00
1.440000776164567640e+02 1.200000000000000000e+01 7.000000000000000000e+00
1.450000776164567071e+02 9.000000000000000000e+00 8.000000000000000000e+00
1.460000776164566503e+02 9.000000000000000000e+00 6.000000000000000000e+00
1.470000776164565934e+02 1.000000000000000000e+01 6.000000000000000000e+00
1.480000776164565366e+02 1.100000000000000000e+01 7.000000000000000000e+00
1.490000776164564797e+02 1.000000000000000000e+01 7.000000000000000000e+00
1.500000776164564229e+02 1.000000000000000000e+01 4.000000000000000000e+00
1.510000776164563661e+02 1.100000000000000000e+01 5.000000000000000000e+00
1.520000776164563092e+02 1.100000000000000000e+01 5.000000000000000000e+00
1.530000776164562524e+02 1.100000000000000000e+01 5.000000000000000000e+00
1.540000776164561955e+02 1.100000000000000000e+01 6.000000000000000000e+00
1.550000776164561387e+02 1.300000000000000000e+01 7.000000000000000000e+00
1.560000776164560818e+02 1.400000000000000000e+01 8.000000000000000000e+00
1.570000776164560250e+02 1.600000000000000000e+01 1.000000000000000000e+01
1.580000776164559682e+02 1.500000000000000000e+01 1.000000000000000000e+01
1.590000776164559113e+02 1.600000000000000000e+01 1.100000000000000000e+01
1.600000776164558545e+02 1.500000000000000000e+01 1.400000000000000000e+01
1.610000776164557976e+02 1.600000000000000000e+01 1.500000000000000000e+01
1.620000776164557408e+02 1.700000000000000000e+01 1.800000000000000000e+01
1.630000776164556839e+02 1.600000000000000000e+01 1.700000000000000000e+01
1.640000776164556271e+02 1.700000000000000000e+01 1.800000000000000000e+01
1.650000776164555703e+02 1.800000000000000000e+01 1.900000000000000000e+01
1.660000776164555134e+02 1.800000000000000000e+01 1.900000000000000000e+01
1.670000776164554566e+02 1.800000000000000000e+01 1.900000000000000000e+01
1.680000776164553997e+02 1.900000000000000000e+01 2.000000000000000000e+01
1.690000776164553429e+02 2.000000000000000000e+01 2.200000000000000000e+01
1.700000776164552860e+02 2.000000000000000000e+01 2.200000000000000000e+01
1.710000776164552292e+02 2.000000000000000000e+01 2.300000000000000000e+01
1.720000776164551723e+02 1.900000000000000000e+01 2.300000000000000000e+01
1.730000776164551155e+02 1.700000000000000000e+01 2.300000000000000000e+01
1.740000776164550587e+02 1.700000000000000000e+01 2.300000000000000000e+01
1.750000776164550018e+02 1.600000000000000000e+01 2.200000000000000000e+01
1.760000776164549450e+02 1.500000000000000000e+01 2.200000000000000000e+01
1.770000776164548881e+02 1.500000000000000000e+01 2.300000000000000000e+01
1.780000776164548313e+02 1.300000000000000000e+01 2.200000000000000000e+01
1.790000776164547744e+02 1.100000000000000000e+01 2.100000000000000000e+01
1.800000776164547176e+02 1.200000000000000000e+01 2.000000000000000000e+01
1.810000395994400151e+02 1.100000000000000000e+01 1.900000000000000000e+01
1.820000776164546039e+02 9.000000000000000000e+00 1.600000000000000000e+01
1.830000776164545471e+02 9.000000000000000000e+00 1.300000000000000000e+01
1.840000776164544902e+02 1.000000000000000000e+01 1.100000000000000000e+01
1.850000776164544334e+02 1.100000000000000000e+01 1.300000000000000000e+01
1.860000776164543765e+02 1.000000000000000000e+01 1.200000000000000000e+01
1.870000776164543197e+02 1.000000000000000000e+01 1.300000000000000000e+01
1.880000776164542629e+02 1.100000000000000000e+01 1.300000000000000000e+01
1.890000776164542060e+02 1.100000000000000000e+01 1.200000000000000000e+01
1.900000776164541492e+02 1.100000000000000000e+01 1.200000000000000000e+01
1.910000776164540923e+02 1.200000000000000000e+01 1.300000000000000000e+01
1.920000776164540355e+02 1.300000000000000000e+01 1.200000000000000000e+01
1.930000776164539786e+02 1.300000000000000000e+01 1.200000000000000000e+01
1.940000776164539218e+02 1.300000000000000000e+01 1.300000000000000000e+01
1.950000776164538649e+02 1.200000000000000000e+01 1.500000000000000000e+01
1.960000776164538081e+02 9.000000000000000000e+00 1.000000000000000000e+01
1.970000776164537513e+02 1.000000000000000000e+01 1.100000000000000000e+01
1.980000776164536944e+02 1.100000000000000000e+01 9.000000000000000000e+00
1.990000776164536376e+02 1.000000000000000000e+01 6.000000000000000000e+00
2.000000776164535807e+02 1.000000000000000000e+01 4.000000000000000000e+00
2.010000776164535239e+02 1.000000000000000000e+01 7.000000000000000000e+00
2.020000776164534670e+02 1.200000000000000000e+01 6.000000000000000000e+00
2.030000776164534102e+02 1.200000000000000000e+01 5.000000000000000000e+00
2.040000776164533534e+02 1.200000000000000000e+01 6.000000000000000000e+00
2.050000776164532965e+02 1.200000000000000000e+01 5.000000000000000000e+00
2.060000776164532397e+02 1.500000000000000000e+01 6.000000000000000000e+00
2.070000776164531828e+02 1.600000000000000000e+01 6.000000000000000000e+00
2.080000776164531260e+02 1.700000000000000000e+01 6.000000000000000000e+00
2.090000776164530691e+02 1.800000000000000000e+01 7.000000000000000000e+00
2.100000776164530123e+02 1.800000000000000000e+01 7.000000000000000000e+00
2.110000776164529555e+02 1.900000000000000000e+01 5.000000000000000000e+00
2.120000776164528986e+02 1.800000000000000000e+01 7.000000000000000000e+00
2.130000776164528418e+02 1.600000000000000000e+01 6.000000000000000000e+00
2.140000776164527849e+02 1.300000000000000000e+01 6.000000000000000000e+00
2.150000776164527281e+02 1.300000000000000000e+01 7.000000000000000000e+00
2.160000776164526712e+02 1.300000000000000000e+01 7.000000000000000000e+00
2.170000776164526144e+02 1.500000000000000000e+01 7.000000000000000000e+00
2.180000776164525575e+02 1.500000000000000000e+01 6.000000000000000000e+00
2.190000776164525007e+02 1.400000000000000000e+01 7.000000000000000000e+00
2.200000210692425924e+02 1.500000000000000000e+01 7.000000000000000000e+00
2.210000776164523870e+02 1.500000000000000000e+01 9.000000000000000000e+00
2.220000776164523302e+02 1.700000000000000000e+01 1.000000000000000000e+01
2.230000776164522733e+02 1.700000000000000000e+01 1.000000000000000000e+01
2.240000776164522165e+02 1.600000000000000000e+01 1.000000000000000000e+01
2.250000776164521596e+02 1.600000000000000000e+01 9.000000000000000000e+00
2.260000776164521028e+02 1.200000000000000000e+01 7.000000000000000000e+00
2.270000776164520460e+02 1.000000000000000000e+01 9.000000000000000000e+00
2.280000776164519891e+02 1.000000000000000000e+01 8.000000000000000000e+00
2.290000776164519323e+02 9.000000000000000000e+00 7.000000000000000000e+00
2.300000776164518754e+02 8.000000000000000000e+00 5.000000000000000000e+00
2.310000776164518186e+02 9.000000000000000000e+00 4.000000000000000000e+00
2.320000776164517617e+02 8.000000000000000000e+00 2.000000000000000000e+00
2.330000776164517049e+02 9.000000000000000000e+00 1.000000000000000000e+00
2.340000776164516481e+02 6.000000000000000000e+00 1.000000000000000000e+00
2.350000776164515912e+02 5.000000000000000000e+00 2.000000000000000000e+00
2.360000385661192865e+02 4.000000000000000000e+00 2.000000000000000000e+00
2.370000776164514775e+02 3.000000000000000000e+00 2.000000000000000000e+00
2.380000776164514207e+02 2.000000000000000000e+00 2.000000000000000000e+00
2.390000776164513638e+02 3.000000000000000000e+00 2.000000000000000000e+00
2.400000776164513070e+02 2.000000000000000000e+00 3.000000000000000000e+00
2.410000776164512502e+02 2.000000000000000000e+00 3.000000000000000000e+00
2.420000776164511933e+02 4.000000000000000000e+00 5.000000000000000000e+00
2.430000776164511365e+02 4.000000000000000000e+00 3.000000000000000000e+00
2.440000776164510796e+02 5.000000000000000000e+00 5.000000000000000000e+00
2.450000776164510228e+02 5.000000000000000000e+00 7.000000000000000000e+00
2.460000776164509659e+02 7.000000000000000000e+00 7.000000000000000000e+00
2.470000776164509091e+02 5.000000000000000000e+00 5.000000000000000000e+00
2.480000776164508522e+02 6.000000000000000000e+00 6.000000000000000000e+00
2.490000776164507954e+02 4.000000000000000000e+00 1.000000000000000000e+00
2.500000776164507386e+02 7.000000000000000000e+00 3.000000000000000000e+00
2.510000776164506817e+02 4.000000000000000000e+00 2.000000000000000000e+00
2.520000776164506249e+02 3.000000000000000000e+00 2.000000000000000000e+00
2.530000776164505680e+02 3.000000000000000000e+00 6.000000000000000000e+00
2.540000776164505112e+02 3.000000000000000000e+00 5.000000000000000000e+00
2.550000776164504543e+02 4.000000000000000000e+00 5.000000000000000000e+00
2.560000776164504259e+02 3.000000000000000000e+00 6.000000000000000000e+00
2.570000776164506533e+02 3.000000000000000000e+00 6.000000000000000000e+00
2.580000776164508807e+02 4.000000000000000000e+00 7.000000000000000000e+00
2.590000776164511080e+02 5.000000000000000000e+00 7.000000000000000000e+00
2.600000776164513354e+02 5.000000000000000000e+00 7.000000000000000000e+00
2.610000776164515628e+02 6.000000000000000000e+00 7.000000000000000000e+00
2.620000776164517902e+02 4.000000000000000000e+00 7.000000000000000000e+00
2.630000776164520175e+02 3.000000000000000000e+00 7.000000000000000000e+00
2.640000776164522449e+02 4.000000000000000000e+00 8.000000000000000000e+00
2.650000776164524723e+02 4.000000000000000000e+00 8.000000000000000000e+00
2.660000776164526997e+02 3.000000000000000000e+00 7.000000000000000000e+00
2.670000776164529270e+02 4.000000000000000000e+00 6.000000000000000000e+00
2.680000776164531544e+02 6.000000000000000000e+00 7.000000000000000000e+00
2.690000776164533818e+02 6.000000000000000000e+00 7.000000000000000000e+00
2.700000776164536092e+02 6.000000000000000000e+00 7.000000000000000000e+00
2.710000776164538365e+02 7.000000000000000000e+00 7.000000000000000000e+00
2.720000627510277127e+02 8.000000000000000000e+00 7.000000000000000000e+00
2.730000776164542913e+02 7.000000000000000000e+00 8.000000000000000000e+00
2.740000776164545186e+02 9.000000000000000000e+00 1.000000000000000000e+01
2.750000776164547460e+02 8.000000000000000000e+00 1.000000000000000000e+01
2.760000776164549734e+02 8.000000000000000000e+00 8.000000000000000000e+00
2.770000776164552008e+02 9.000000000000000000e+00 8.000000000000000000e+00
2.780000776164554281e+02 1.100000000000000000e+01 9.000000000000000000e+00
2.790000776164556555e+02 1.400000000000000000e+01 7.000000000000000000e+00
2.800000776164558829e+02 1.400000000000000000e+01 7.000000000000000000e+00
2.810000776164561103e+02 1.300000000000000000e+01 1.000000000000000000e+01
2.820000776164563376e+02 1.300000000000000000e+01 1.200000000000000000e+01
2.830000776164565650e+02 1.300000000000000000e+01 1.200000000000000000e+01
2.840000776164567924e+02 1.400000000000000000e+01 1.000000000000000000e+01
2.850000776164570198e+02 1.800000000000000000e+01 1.100000000000000000e+01
2.860000776164572471e+02 1.400000000000000000e+01 1.100000000000000000e+01
2.870000776164574745e+02 1.500000000000000000e+01 1.300000000000000000e+01
2.880000776164577019e+02 1.400000000000000000e+01 1.300000000000000000e+01
2.890000776164579293e+02 1.500000000000000000e+01 1.300000000000000000e+01
2.900000776164581566e+02 1.600000000000000000e+01 1.200000000000000000e+01
2.910000776164583840e+02 1.800000000000000000e+01 1.400000000000000000e+01
2.920000776164586114e+02 1.800000000000000000e+01 1.400000000000000000e+01
2.930000776164588387e+02 1.600000000000000000e+01 1.500000000000000000e+01
2.940000776164590661e+02 1.600000000000000000e+01 1.300000000000000000e+01
2.950000776164592935e+02 1.700000000000000000e+01 1.300000000000000000e+01
2.960000776164595209e+02 2.000000000000000000e+01 1.400000000000000000e+01
2.970000776164597482e+02 2.100000000000000000e+01 1.400000000000000000e+01
2.980000776164599756e+02 2.200000000000000000e+01 1.300000000000000000e+01
2.990000776164602030e+02 2.400000000000000000e+01 1.400000000000000000e+01
3.000000776164604304e+02 2.400000000000000000e+01 1.000000000000000000e+01
