0.000000000000000000e+00 0.000000000000000000e+00 0.000000000000000000e+00
1.000007464469236051e+00 1.000000000000000000e+00 1.000000000000000000e+00
2.000007464469236940e+00 2.000000000000000000e+00 2.000000000000000000e+00
3.000007464469237828e+00 3.000000000000000000e+00 3.000000000000000000e+00
4.000007464469238272e+00 3.000000000000000000e+00 3.000000000000000000e+00
5.000007464469234719e+00 4.000000000000000000e+00 4.000000000000000000e+00
6.000007464469231167e+00 4.000000000000000000e+00 4.000000000000000000e+00
7.000007464469227614e+00 6.000000000000000000e+00 6.000000000000000000e+00
8.000007464469224061e+00 8.000000000000000000e+00 8.000000000000000000e+00
9.000007464469220508e+00 8.000000000000000000e+00 8.000000000000000000e+00
1.000000746446921696e+01 8.000000000000000000e+00 8.000000000000000000e+00
1.100000746446921340e+01 9.000000000000000000e+00 9.000000000000000000e+00
1.200000746446920985e+01 8.000000000000000000e+00 8.000000000000000000e+00
1.300000746446920630e+01 6.000000000000000000e+00 6.000000000000000000e+00
1.400000746446920274e+01 7.000000000000000000e+00 7.000000000000000000e+00
1.500000746446919919e+01 8.000000000000000000e+00 8.000000000000000000e+00
1.600000746446919564e+01 1.000000000000000000e+01 1.000000000000000000e+01
1.700000746446920985e+01 1.000000000000000000e+01 1.000000000000000000e+01
1.800000746446922406e+01 1.100000000000000000e+01 1.200000000000000000e+01
1.900000746446923827e+01 9.000000000000000000e+00 9.000000000000000000e+00
2.000000746446925248e+01 9.000000000000000000e+00 7.000000000000000000e+00
2.100000746446926669e+01 1.000000000000000000e+01 6.000000000000000000e+00
2.200000746446928090e+01 1.100000000000000000e+01 7.000000000000000000e+00
2.300000746446929512e+01 1.200000000000000000e+01 7.000000000000000000e+00
2.400000746446930933e+01 1.300000000000000000e+01 8.000000000000000000e+00
2.500000746446932354e+01 1.300000000000000000e+01 8.000000000000000000e+00
2.600000746446933775e+01 1.200000000000000000e+01 8.000000000000000000e+00
2.700000746446935196e+01 1.200000000000000000e+01 8.000000000000000000e+00
2.800000746446936617e+01 1.200000000000000000e+01 7.000000000000000000e+00
2.900000746446938038e+01 1.200000000000000000e+01 7.000000000000000000e+00
3.000000746446939459e+01 1.200000000000000000e+01 8.000000000000000000e+00
3.100000746446940880e+01 1.100000000000000000e+01 8.000000000000000000e+00
3.200000746446941946e+01 1.000000000000000000e+01 7.000000000000000000e+00
3.300000746446943367e+01 9.000000000000000000e+00 5.000000000000000000e+00
3.400000746446944788e+01 4.000000000000000000e+00 2.000000000000000000e+00
3.500000746446946209e+01 1.000000000000000000e+00 0.000000000000000000e+00
3.600000746446947630e+01 3.000000000000000000e+00 1.000000000000000000e+00
3.700000746446949051e+01 1.000000000000000000e+00 0.000000000000000000e+00
3.800000746446950473e+01 2.000000000000000000e+00 1.000000000000000000e+00
3.900000746446951894e+01 3.000000000000000000e+00 2.000000000000000000e+00
4.000000746446953315e+01 2.000000000000000000e+00 1.000000000000000000e+00
4.100000746446954736e+01 3.000000000000000000e+00 1.000000000000000000e+00
4.200000746446956157e+01 4.000000000000000000e+00 2.000000000000000000e+00
4.300000746446957578e+01 5.000000000000000000e+00 3.000000000000000000e+00
4.400000746446958999e+01 5.000000000000000000e+00 3.000000000000000000e+00
4.500000746446960420e+01 7.000000000000000000e+00 3.000000000000000000e+00
4.600000746446961841e+01 6.000000000000000000e+00 3.000000000000000000e+00
4.700000746446963262e+01 5.000000000000000000e+00 2.000000000000000000e+00
4.800000746446964683e+01 6.000000000000000000e+00 4.000000000000000000e+00
4.900000746446966104e+01 7.000000000000000000e+00 5.000000000000000000e+00
5.000000746446967526e+01 8.000000000000000000e+00 5.000000000000000000e+00
5.100000746446968947e+01 6.000000000000000000e+00 3.000000000000000000e+00
5.200000746446970368e+01 6.000000000000000000e+00 3.000000000000000000e+00
5.300000746446971789e+01 7.000000000000000000e+00 4.000000000000000000e+00
5.400000746446973210e+01 8.000000000000000000e+00 4.000000000000000000e+00
5.500000746446974631e+01 7.000000000000000000e+00 3.000000000000000000e+00
5.600000746446976052e+01 7.000000000000000000e+00 1.000000000000000000e+00
5.700000746446977473e+01 7.000000000000000000e+00 1.000000000000000000e+00
5.800000746446978894e+01 7.000000000000000000e+00 0.000000000000000000e+00
5.900000746446980315e+01 7.000000000000000000e+00 1.000000000000000000e+00
6.000000746446981736e+01 8.000000000000000000e+00 2.000000000000000000e+00
6.100000746446983158e+01 1.100000000000000000e+01 2.000000000000000000e+00
6.200000746446984579e+01 1.100000000000000000e+01 3.000000000000000000e+00
6.300000746446986000e+01 8.000000000000000000e+00 2.000000000000000000e+00
6.400000746446987421e+01 9.000000000000000000e+00 4.000000000000000000e+00
6.500000746446981736e+01 9.000000000000000000e+00 4.000000000000000000e+00
6.600000746446976052e+01 8.000000000000000000e+00 6.000000000000000000e+00
6.700000746446970368e+01 8.000000000000000000e+00 6.000000000000000000e+00
6.800000746446964683e+01 8.000000000000000000e+00 5.000000000000000000e+00
6.900000746446958999e+01 9.000000000000000000e+00 4.000000000000000000e+00
7.000000746446953315e+01 1.000000000000000000e+01 4.000000000000000000e+00
7.100000746446947630e+01 1.100000000000000000e+01 2.000000000000000000e+00
7.200000746446941946e+01 1.200000000000000000e+01 2.000000000000000000e+00
7.300000746446936262e+01 1.200000000000000000e+01 5.000000000000000000e+00
7.400000746446930577e+01 1.200000000000000000e+01 3.000000000000000000e+00
7.500000746446924893e+01 1.100000000000000000e+01 3.000000000000000000e+00
7.600000746446919209e+01 1.000000000000000000e+01 3.000000000000000000e+00
7.700000746446913524e+01 1.000000000000000000e+01 5.000000000000000000e+00
7.800000746446907840e+01 1.100000000000000000e+01 4.000000000000000000e+00
7.900000746446902156e+01 1.100000000000000000e+01 3.000000000000000000e+00
8.000000746446896471e+01 6.000000000000000000e+00 4.000000000000000000e+00
8.100000746446890787e+01 5.000000000000000000e+00 2.000000000000000000e+00
8.200000746446885103e+01 4.000000000000000000e+00 3.000000000000000000e+00
8.300000746446879418e+01 4.000000000000000000e+00 4.000000000000000000e+00
8.400000746446873734e+01 4.000000000000000000e+00 4.000000000000000000e+00
8.500000746446868050e+01 5.000000000000000000e+00 4.000000000000000000e+00
8.600000746446862365e+01 6.000000000000000000e+00 4.000000000000000000e+00
8.700000746446856681e+01 6.000000000000000000e+00 3.000000000000000000e+00
8.800000746446850997e+01 5.000000000000000000e+00 2.000000000000000000e+00
8.900000746446845312e+01 7.000000000000000000e+00 3.000000000000000000e+00
9.000000746446839628e+01 7.000000000000000000e+00 2.000000000000000000e+00
9.100000746446833944e+01 4.000000000000000000e+00 3.000000000000000000e+00
9.200000746446828259e+01 3.000000000000000000e+00 3.000000000000000000e+00
9.300000746446822575e+01 4.000000000000000000e+00 4.000000000000000000e+00
9.400000746446816891e+01 5.000000000000000000e+00 4.000000000000000000e+00
9.500000746446811206e+01 4.000000000000000000e+00 4.000000000000000000e+00
9.600000746446805522e+01 4.000000000000000000e+00 4.000000000000000000e+00
9.700000746446799837e+01 4.000000000000000000e+00 3.000000000000000000e+00
9.800000746446794153e+01 3.000000000000000000e+00 3.000000000000000000e+00
9.900000746446788469e+01 4.000000000000000000e+00 3.000000000000000000e+00
1.000000074644678278e+02 5.000000000000000000e+00 3.000000000000000000e+00
1.010000074644677710e+02 5.000000000000000000e+00 3.000000000000000000e+00
1.020000074644677142e+02 5.000000000000000000e+00 3.000000000000000000e+00
1.030000074644676573e+02 7.000000000000000000e+00 5.000000000000000000e+00
1.040000074644676005e+02 7.000000000000000000e+00 6.000000000000000000e+00
1.050000074644675436e+02 7.000000000000000000e+00 6.000000000000000000e+00
1.060000074644674868e+02 6.000000000000000000e+00 6.000000000000000000e+00
1.070000074644674299e+02 7.000000000000000000e+00 7.000000000000000000e+00
1.080000074644673731e+02 7.000000000000000000e+00 1.100000000000000000e+01
1.090000074644673163e+02 8.000000000000000000e+00 1.300000000000000000e+01
1.100000074644672594e+02 8.000000000000000000e+00 1.500000000000000000e+01
1.110000074644672026e+02 8.000000000000000000e+00 1.500000000000000000e+01
1.120000074644671457e+02 9.000000000000000000e+00 1.600000000000000000e+01
1.130000074644670889e+02 1.200000000000000000e+01 1.800000000000000000e+01
1.140000074644670320e+02 1.400000000000000000e+01 1.800000000000000000e+01
1.150000074644669752e+02 1.500000000000000000e+01 1.800000000000000000e+01
1.160000074644669183e+02 1.600000000000000000e+01 1.800000000000000000e+01
1.170000074644668615e+02 1.700000000000000000e+01 1.900000000000000000e+01
1.180000074644668047e+02 1.700000000000000000e+01 1.900000000000000000e+01
1.190000074644667478e+02 1.900000000000000000e+01 1.900000000000000000e+01
1.200000074644666910e+02 2.000000000000000000e+01 2.000000000000000000e+01
1.210000074644666341e+02 2.100000000000000000e+01 2.100000000000000000e+01
1.220000074644665773e+02 2.100000000000000000e+01 1.900000000000000000e+01
1.230000074644665204e+02 1.900000000000000000e+01 1.800000000000000000e+01
1.240000074644664636e+02 2.000000000000000000e+01 1.800000000000000000e+01
1.250000074644664068e+02 1.700000000000000000e+01 1.400000000000000000e+01
1.260000074644663499e+02 1.700000000000000000e+01 1.400000000000000000e+01
1.270000074644662931e+02 1.200000000000000000e+01 1.000000000000000000e+01
1.280000074644662504e+02 1.100000000000000000e+01 7.000000000000000000e+00
1.290000074644661936e+02 1.000000000000000000e+01 6.000000000000000000e+00
1.300000074644661368e+02 1.000000000000000000e+01 7.000000000000000000e+00
1.310000074644660799e+02 1.000000000000000000e+01 6.000000000000000000e+00
1.320000074644660231e+02 1.000000000000000000e+01 6.000000000000000000e+00
1.330000074644659662e+02 1.000000000000000000e+01 4.000000000000000000e+00
1.340000074644659094e+02 1.000000000000000000e+01 3.000000000000000000e+00
1.350000074644658525e+02 1.000000000000000000e+01 3.000000000000000000e+00
1.360000074644657957e+02 1.300000000000000000e+01 4.000000000000000000e+00
1.370000074644657388e+02 1.300000000000000000e+01 1.000000000000000000e+00
1.380000074644656820e+02 1.500000000000000000e+01 3.000000000000000000e+00
1.390000074644656252e+02 1.300000000000000000e+01 2.000000000000000000e+00
1.400000074644655683e+02 1.200000000000000000e+01 1.000000000000000000e+00
1.410000074644655115e+02 1.300000000000000000e+01 2.000000000000000000e+00
1.420000074644654546e+02 1.500000000000000000e+01 1.000000000000000000e+00
1.430000074644653978e+02 1.700000000000000000e+01 2.000000000000000000e+00
1.440000074644653409e+02 1.800000000000000000e+01 3.000000000000000000e+00
1.450000074644652841e+02 1.700000000000000000e+01 3.000000000000000000e+00
1.460000074644652273e+02 1.900000000000000000e+01 3.000000000000000000e+00
1.470000074644651704e+02 2.000000000000000000e+01 3.000000000000000000e+00
1.480000074644651136e+02 1.900000000000000000e+01 4.000000000000000000e+00
1.490000074644650567e+02 2.000000000000000000e+01 4.000000000000000000e+00
1.500000074644649999e+02 2.300000000000000000e+01 5.000000000000000000e+00
1.510000074644649430e+02 2.100000000000000000e+01 3.000000000000000000e+00
1.520000074644648862e+02 2.200000000000000000e+01 3.000000000000000000e+00
1.530000074644648294e+02 2.400000000000000000e+01 5.000000000000000000e+00
1.540000074644647725e+02 2.000000000000000000e+01 6.000000000000000000e+00
1.550000074644647157e+02 1.800000000000000000e+01 9.000000000000000000e+00
1.560000074644646588e+02 1.800000000000000000e+01 8.000000000000000000e+00
1.570000074644646020e+02 1.800000000000000000e+01 9.000000000000000000e+00
1.580000074644645451e+02 1.800000000000000000e+01 1.100000000000000000e+01
1.590000074644644883e+02 1.800000000000000000e+01 1.100000000000000000e+01
1.600000074644644315e+02 1.800000000000000000e+01 1.100000000000000000e+01
1.610000074644643746e+02 1.900000000000000000e+01 1.100000000000000000e+01
1.620000074644643178e+02 2.100000000000000000e+01 1.200000000000000000e+01
1.630000074644642609e+02 2.200000000000000000e+01 1.400000000000000000e+01
1.640000074644642041e+02 2.400000000000000000e+01 1.500000000000000000e+01
1.650000074644641472e+02 2.500000000000000000e+01 1.800000000000000000e+01
1.660000074644640904e+02 2.300000000000000000e+01 1.800000000000000000e+01
1.670000074644640335e+02 2.200000000000000000e+01 1.800000000000000000e+01
1.680000074644639767e+02 2.200000000000000000e+01 1.800000000000000000e+01
1.690000074644639199e+02 2.300000000000000000e+01 1.700000000000000000e+01
1.700000074644638630e+02 2.000000000000000000e+01 1.700000000000000000e+01
1.710000074644638062e+02 2.100000000000000000e+01 1.600000000000000000e+01
1.720000074644637493e+02 1.800000000000000000e+01 1.600000000000000000e+01
1.730000074644636925e+02 1.800000000000000000e+01 1.300000000000000000e+01
1.740000074644636356e+02 1.800000000000000000e+01 1.300000000000000000e+01
1.750000074644635788e+02 1.700000000000000000e+01 1.200000000000000000e+01
1.760000074644635220e+02 1.200000000000000000e+01 1.200000000000000000e+01
1.770000074644634651e+02 1.100000000000000000e+01 1.200000000000000000e+01
1.780000074644634083e+02 1.100000000000000000e+01 1.400000000000000000e+01
1.790000074644633514e+02 1.200000000000000000e+01 1.300000000000000000e+01
1.800000074644632946e+02 1.200000000000000000e+01 1.400000000000000000e+01
1.810000074644632377e+02 1.200000000000000000e+01 1.200000000000000000e+01
1.820000074644631809e+02 1.200000000000000000e+01 1.100000000000000000e+01
1.830000074644631241e+02 1.300000000000000000e+01 1.200000000000000000e+01
1.840000074644630672e+02 1.300000000000000000e+01 1.300000000000000000e+01
1.850000074644630104e+02 1.500000000000000000e+01 1.300000000000000000e+01
1.860000074644629535e+02 1.500000000000000000e+01 1.500000000000000000e+01
1.870000074644628967e+02 1.700000000000000000e+01 1.400000000000000000e+01
1.880000074644628398e+02 1.800000000000000000e+01 1.600000000000000000e+01
1.890000074644627830e+02 1.800000000000000000e+01 1.200000000000000000e+01
1.900000074644627261e+02 1.800000000000000000e+01 1.300000000000000000e+01
1.910000074644626693e+02 1.800000000000000000e+01 1.300000000000000000e+01
1.920000074644626125e+02 1.700000000000000000e+01 1.300000000000000000e+01
1.930000074644625556e+02 1.600000000000000000e+01 1.300000000000000000e+01
1.940000074644624988e+02 1.300000000000000000e+01 1.400000000000000000e+01
1.950000074644624419e+02 1.300000000000000000e+01 1.400000000000000000e+01
1.960000074644623851e+02 1.300000000000000000e+01 1.400000000000000000e+01
1.970000074644623282e+02 1.200000000000000000e+01 1.300000000000000000e+01
1.980000074644622714e+02 1.100000000000000000e+01 1.200000000000000000e+01
1.990000074644622146e+02 1.100000000000000000e+01 1.200000000000000000e+01
2.000000074644621577e+02 1.200000000000000000e+01 1.000000000000000000e+01
2.010000074644621009e+02 1.200000000000000000e+01 1.100000000000000000e+01
2.020000074644620440e+02 1.000000000000000000e+01 1.100000000000000000e+01
2.030000074644619872e+02 1.000000000000000000e+01 1.200000000000000000e+01
2.040000074644619303e+02 9.000000000000000000e+00 9.000000000000000000e+00
2.050000074644618735e+02 9.000000000000000000e+00 9.000000000000000000e+00
2.060000074644618167e+02 1.000000000000000000e+01 1.000000000000000000e+01
2.070000074644617598e+02 1.100000000000000000e+01 1.100000000000000000e+01
2.080000074644617030e+02 1.100000000000000000e+01 1.300000000000000000e+01
2.090000074644616461e+02 1.100000000000000000e+01 1.300000000000000000e+01
2.100000074644615893e+02 1.200000000000000000e+01 1.400000000000000000e+01
2.110000074644615324e+02 1.200000000000000000e+01 1.400000000000000000e+01
2.120000074644614756e+02 1.300000000000000000e+01 1.300000000000000000e+01
2.130000074644614187e+02 1.200000000000000000e+01 1.300000000000000000e+01
2.140000074644613619e+02 1.400000000000000000e+01 1.400000000000000000e+01
2.150000074644613051e+02 1.500000000000000000e+01 1.400000000000000000e+01
2.160000074644612482e+02 1.500000000000000000e+01 1.200000000000000000e+01
2.170000074644611914e+02 1.600000000000000000e+01 9.000000000000000000e+00
2.180000074644611345e+02 1.600000000000000000e+01 9.000000000000000000e+00
2.190000074644610777e+02 1.800000000000000000e+01 1.000000000000000000e+01
2.200000074644610208e+02 1.800000000000000000e+01 9.000000000000000000e+00
2.210000074644609640e+02 1.800000000000000000e+01 9.000000000000000000e+00
2.220000074644609072e+02 1.700000000000000000e+01 9.000000000000000000e+00
2.230000074644608503e+02 1.900000000000000000e+01 9.000000000000000000e+00
2.240000074644607935e+02 1.900000000000000000e+01 8.000000000000000000e+00
2.250000074644607366e+02 1.900000000000000000e+01 8.000000000000000000e+00
2.260000074644606798e+02 1.900000000000000000e+01 8.000000000000000000e+00
2.270000074644606229e+02 2.000000000000000000e+01 1.000000000000000000e+01
2.280000074644605661e+02 1.900000000000000000e+01 1.000000000000000000e+01
2.290000074644605093e+02 1.800000000000000000e+01 1.000000000000000000e+01
2.300000074644604524e+02 1.800000000000000000e+01 1.300000000000000000e+01
2.310000074644603956e+02 1.800000000000000000e+01 1.200000000000000000e+01
2.320000074644603387e+02 1.800000000000000000e+01 1.200000000000000000e+01
2.330000074644602819e+02 2.000000000000000000e+01 1.400000000000000000e+01
2.340000074644602250e+02 2.100000000000000000e+01 1.500000000000000000e+01
2.350000074644601682e+02 2.300000000000000000e+01 1.600000000000000000e+01
2.360000074644601114e+02 2.400000000000000000e+01 1.600000000000000000e+01
2.370000074644600545e+02 2.400000000000000000e+01 1.600000000000000000e+01
2.380000074644599977e+02 2.400000000000000000e+01 1.600000000000000000e+01
2.390000074644599408e+02 2.000000000000000000e+01 1.600000000000000000e+01
2.400000074644598840e+02 2.100000000000000000e+01 1.700000000000000000e+01
2.410000074644598271e+02 1.700000000000000000e+01 1.100000000000000000e+01
2.420000074644597703e+02 1.800000000000000000e+01 9.000000000000000000e+00
2.430000074644597134e+02 1.700000000000000000e+01 9.000000000000000000e+00
2.440000074644596566e+02 1.800000000000000000e+01 9.000000000000000000e+00
2.450000074644595998e+02 1.900000000000000000e+01 9.000000000000000000e+00
2.460000074644595429e+02 2.000000000000000000e+01 9.000000000000000000e+00
2.470000074644594861e+02 1.800000000000000000e+01 9.000000000000000000e+00
2.480000074644594292e+02 1.700000000000000000e+01 9.000000000000000000e+00
2.490000074644593724e+02 1.700000000000000000e+01 1.000000000000000000e+01
2.500000074644593155e+02 1.700000000000000000e+01 9.000000000000000000e+00
2.510000074644592587e+02 1.700000000000000000e+01 7.000000000000000000e+00
2.520000074644592019e+02 1.800000000000000000e+01 5.000000000000000000e+00
2.530000074644591450e+02 1.900000000000000000e+01 4.000000000000000000e+00
2.540000074644590882e+02 2.000000000000000000e+01 2.000000000000000000e+00
2.550000074644590313e+02 2.100000000000000000e+01 1.000000000000000000e+00
2.560000074644589745e+02 2.100000000000000000e+01 2.000000000000000000e+00
2.570000074644592019e+02 2.200000000000000000e+01 1.000000000000000000e+00
2.580000074644594292e+02 2.300000000000000000e+01 3.000000000000000000e+00
2.590000074644596566e+02 2.300000000000000000e+01 4.000000000000000000e+00
2.600000074644598840e+02 2.300000000000000000e+01 4.000000000000000000e+00
2.610000074644601114e+02 2.300000000000000000e+01 7.000000000000000000e+00
2.620000074644603387e+02 2.200000000000000000e+01 5.000000000000000000e+00
2.630000074644605661e+02 2.300000000000000000e+01 7.000000000000000000e+00
2.640000074644607935e+02 2.500000000000000000e+01 7.000000000000000000e+00
2.650000074644610208e+02 2.600000000000000000e+01 6.000000000000000000e+00
2.660000074644612482e+02 2.600000000000000000e+01 5.000000000000000000e+00
2.670000074644614756e+02 2.600000000000000000e+01 5.000000000000000000e+00
2.680000074644617030e+02 2.600000000000000000e+01 3.000000000000000000e+00
2.690000074644619303e+02 2.700000000000000000e+01 3.000000000000000000e+00
2.700000074644621577e+02 2.800000000000000000e+01 5.000000000000000000e+00
2.710000074644623851e+02 2.800000000000000000e+01 4.000000000000000000e+00
2.720000074644626125e+02 2.900000000000000000e+01 6.000000000000000000e+00
2.730000074644628398e+02 2.900000000000000000e+01 7.000000000000000000e+00
2.740000074644630672e+02 3.000000000000000000e+01 7.000000000000000000e+00
2.750000074644632946e+02 2.900000000000000000e+01 8.000000000000000000e+00
2.760000074644635220e+02 2.900000000000000000e+01 8.000000000000000000e+00
2.770000074644637493e+02 2.900000000000000000e+01 9.000000000000000000e+00
2.780000074644639767e+02 2.900000000000000000e+01 9.000000000000000000e+00
2.790000074644642041e+02 2.900000000000000000e+01 1.000000000000000000e+01
2.800000074644644315e+02 3.100000000000000000e+01 1.200000000000000000e+01
2.810000074644646588e+02 3.100000000000000000e+01 1.200000000000000000e+01
2.820000074644648862e+02 3.100000000000000000e+01 1.100000000000000000e+01
2.830000074644651136e+02 3.100000000000000000e+01 1.100000000000000000e+01
2.840000074644653409e+02 3.200000000000000000e+01 1.200000000000000000e+01
2.850000074644655683e+02 3.300000000000000000e+01 1.300000000000000000e+01
2.860000074644657957e+02 3.300000000000000000e+01 1.400000000000000000e+01
2.870000074644660231e+02 3.300000000000000000e+01 1.400000000000000000e+01
2.880000074644662504e+02 3.100000000000000000e+01 1.600000000000000000e+01
2.890000074644664778e+02 3.100000000000000000e+01 1.600000000000000000e+01
2.900000074644667052e+02 3.100000000000000000e+01 1.600000000000000000e+01
2.910000074644669326e+02 3.100000000000000000e+01 1.500000000000000000e+01
2.920000074644671599e+02 3.200000000000000000e+01 1.500000000000000000e+01
2.930000074644673873e+02 3.100000000000000000e+01 1.500000000000000000e+01
2.940000074644676147e+02 3.300000000000000000e+01 1.500000000000000000e+01
2.950000074644678421e+02 3.300000000000000000e+01 1.500000000000000000e+01
2.960000074644680694e+02 3.300000000000000000e+01 1.500000000000000000e+01
2.970000074644682968e+02 3.400000000000000000e+01 1.500000000000000000e+01
2.980000074644685242e+02 3.600000000000000000e+01 1.500000000000000000e+01
2.990000074644687516e+02 3.600000000000000000e+01 1.600000000000000000e+01
3.000000074644689789e+02 3.600000000000000000e+01 1.600000000000000000e+01
