0.000000000000000000e+00 0.000000000000000000e+00 0.000000000000000000e+00
1.000405335213284230e+00 0.000000000000000000e+00 0.000000000000000000e+00
2.000473661764420097e+00 1.000000000000000000e+00 1.000000000000000000e+00
3.000473661764420985e+00 2.000000000000000000e+00 2.000000000000000000e+00
4.000473661764421429e+00 2.000000000000000000e+00 2.000000000000000000e+00
5.000473661764417876e+00 1.000000000000000000e+00 1.000000000000000000e+00
6.000473661764414324e+00 1.000000000000000000e+00 1.000000000000000000e+00
7.000473661764410771e+00 2.000000000000000000e+00 2.000000000000000000e+00
8.000473661764408106e+00 3.000000000000000000e+00 3.000000000000000000e+00
9.000473661764404554e+00 4.000000000000000000e+00 4.000000000000000000e+00
1.000047366176440100e+01 7.000000000000000000e+00 7.000000000000000000e+00
1.100047366176439745e+01 7.000000000000000000e+00 7.000000000000000000e+00
1.200047366176439390e+01 7.000000000000000000e+00 7.000000000000000000e+00
1.300047366176439034e+01 7.000000000000000000e+00 7.000000000000000000e+00
1.400047366176438679e+01 5.000000000000000000e+00 5.000000000000000000e+00
1.500047366176438324e+01 4.000000000000000000e+00 4.000000000000000000e+00
1.600047366176438146e+01 3.000000000000000000e+00 3.000000000000000000e+00
1.700047366176439567e+01 5.000000000000000000e+00 5.000000000000000000e+00
1.800047366176440988e+01 4.000000000000000000e+00 4.000000000000000000e+00
1.900047366176442409e+01 4.000000000000000000e+00 4.000000000000000000e+00
2.000047366176443830e+01 3.000000000000000000e+00 3.000000000000000000e+00
2.100047366176445252e+01 2.000000000000000000e+00 2.000000000000000000e+00
2.200047366176446673e+01 1.000000000000000000e+00 1.000000000000000000e+00
2.300047366176448094e+01 2.000000000000000000e+00 2.000000000000000000e+00
2.400047366176449515e+01 4.000000000000000000e+00 4.000000000000000000e+00
2.500047366176450936e+01 2.000000000000000000e+00 4.000000000000000000e+00
2.600047366176452357e+01 2.000000000000000000e+00 3.000000000000000000e+00
2.700047366176453778e+01 1.000000000000000000e+00 2.000000000000000000e+00
2.800047366176455199e+01 2.000000000000000000e+00 3.000000000000000000e+00
2.900047366176456620e+01 2.000000000000000000e+00 2.000000000000000000e+00
3.000047366176458041e+01 2.000000000000000000e+00 3.000000000000000000e+00
3.100047366176459462e+01 2.000000000000000000e+00 2.000000000000000000e+00
3.200047366176460883e+01 2.000000000000000000e+00 1.000000000000000000e+00
3.300047366176462305e+01 2.000000000000000000e+00 2.000000000000000000e+00
3.400047366176463726e+01 3.000000000000000000e+00 3.000000000000000000e+00
3.500047366176465147e+01 3.000000000000000000e+00 2.000000000000000000e+00
3.600047366176466568e+01 3.000000000000000000e+00 3.000000000000000000e+00
3.700047366176467989e+01 3.000000000000000000e+00 3.000000000000000000e+00
3.800047366176469410e+01 2.000000000000000000e+00 2.000000000000000000e+00
3.900047366176470831e+01 2.000000000000000000e+00 1.000000000000000000e+00
4.000047366176472252e+01 2.000000000000000000e+00 1.000000000000000000e+00
4.100047366176473673e+01 2.000000000000000000e+00 1.000000000000000000e+00
4.200047366176475094e+01 2.000000000000000000e+00 2.000000000000000000e+00
4.300047366176476515e+01 2.000000000000000000e+00 1.000000000000000000e+00
4.400047366176477937e+01 2.000000000000000000e+00 1.000000000000000000e+00
4.500047366176479358e+01 3.000000000000000000e+00 1.000000000000000000e+00
4.600047366176480779e+01 3.000000000000000000e+00 1.000000000000000000e+00
4.700006468203524435e+01 4.000000000000000000e+00 2.000000000000000000e+00
4.800047366176483621e+01 3.000000000000000000e+00 2.000000000000000000e+00
4.900047366176485042e+01 4.000000000000000000e+00 3.000000000000000000e+00
5.000047366176486463e+01 4.000000000000000000e+00 3.000000000000000000e+00
5.100047366176487884e+01 5.000000000000000000e+00 4.000000000000000000e+00
5.200047366176489305e+01 5.000000000000000000e+00 5.000000000000000000e+00
5.300047366176490726e+01 6.000000000000000000e+00 5.000000000000000000e+00
5.400047366176492147e+01 6.000000000000000000e+00 5.000000000000000000e+00
5.500047366176493568e+01 6.000000000000000000e+00 4.000000000000000000e+00
5.600047366176494990e+01 7.000000000000000000e+00 5.000000000000000000e+00
5.700004611668303056e+01 8.000000000000000000e+00 5.000000000000000000e+00
5.800047366176497832e+01 8.000000000000000000e+00 4.000000000000000000e+00
5.900047366176499253e+01 8.000000000000000000e+00 2.000000000000000000e+00
6.000047366176500674e+01 8.000000000000000000e+00 2.000000000000000000e+00
6.100047366176502095e+01 1.000000000000000000e+01 4.000000000000000000e+00
6.200047366176503516e+01 1.000000000000000000e+01 4.000000000000000000e+00
6.300047366176504937e+01 1.000000000000000000e+01 4.000000000000000000e+00
6.400047366176505648e+01 9.000000000000000000e+00 3.000000000000000000e+00
6.500017112958022381e+01 1.100000000000000000e+01 5.000000000000000000e+00
6.600047366176494279e+01 1.000000000000000000e+01 5.000000000000000000e+00
6.700047366176488595e+01 1.300000000000000000e+01 7.000000000000000000e+00
6.800047366176482910e+01 1.500000000000000000e+01 9.000000000000000000e+00
6.900047366176477226e+01 1.600000000000000000e+01 1.100000000000000000e+01
7.000047366176471542e+01 1.700000000000000000e+01 1.000000000000000000e+01
7.100047366176465857e+01 1.700000000000000000e+01 1.000000000000000000e+01
7.200047366176460173e+01 1.300000000000000000e+01 1.000000000000000000e+01
7.300047366176454489e+01 1.300000000000000000e+01 1.200000000000000000e+01
7.400047366176448804e+01 1.300000000000000000e+01 1.000000000000000000e+01
7.500047366176443120e+01 1.400000000000000000e+01 1.100000000000000000e+01
7.600047366176437436e+01 1.400000000000000000e+01 9.000000000000000000e+00
7.700047366176431751e+01 1.300000000000000000e+01 5.000000000000000000e+00
7.800047366176426067e+01 1.400000000000000000e+01 6.000000000000000000e+00
7.900047366176420383e+01 1.400000000000000000e+01 5.000000000000000000e+00
8.000047366176414698e+01 1.300000000000000000e+01 6.000000000000000000e+00
8.100047366176409014e+01 1.200000000000000000e+01 6.000000000000000000e+00
8.200047366176403330e+01 1.000000000000000000e+01 6.000000000000000000e+00
8.300047366176397645e+01 7.000000000000000000e+00 4.000000000000000000e+00
8.400047366176391961e+01 7.000000000000000000e+00 6.000000000000000000e+00
8.500047366176386276e+01 7.000000000000000000e+00 6.000000000000000000e+00
8.600047366176380592e+01 8.000000000000000000e+00 5.000000000000000000e+00
8.700047366176374908e+01 7.000000000000000000e+00 4.000000000000000000e+00
8.800047366176369223e+01 7.000000000000000000e+00 4.000000000000000000e+00
8.900047366176363539e+01 7.000000000000000000e+00 4.000000000000000000e+00
9.000047366176357855e+01 5.000000000000000000e+00 5.000000000000000000e+00
9.100047366176352170e+01 5.000000000000000000e+00 4.000000000000000000e+00
9.200047366176346486e+01 5.000000000000000000e+00 4.000000000000000000e+00
9.300047366176340802e+01 8.000000000000000000e+00 8.000000000000000000e+00
9.400047366176335117e+01 8.000000000000000000e+00 9.000000000000000000e+00
9.500047366176329433e+01 8.000000000000000000e+00 9.000000000000000000e+00
9.600047366176323749e+01 8.000000000000000000e+00 1.000000000000000000e+01
9.700047366176318064e+01 1.000000000000000000e+01 1.200000000000000000e+01
9.800047366176312380e+01 1.200000000000000000e+01 1.300000000000000000e+01
9.900047366176306696e+01 1.200000000000000000e+01 1.300000000000000000e+01
1.000004736617630101e+02 1.100000000000000000e+01 1.300000000000000000e+01
1.010004736617629533e+02 1.100000000000000000e+01 1.300000000000000000e+01
1.020004736617628964e+02 1.200000000000000000e+01 1.400000000000000000e+01
1.030004736617628396e+02 1.300000000000000000e+01 1.300000000000000000e+01
1.040004736617627827e+02 1.500000000000000000e+01 1.000000000000000000e+01
1.050004736617627259e+02 1.500000000000000000e+01 8.000000000000000000e+00
1.060004736617626691e+02 1.700000000000000000e+01 1.000000000000000000e+01
1.070004736617626122e+02 1.600000000000000000e+01 8.000000000000000000e+00
1.080004736617625554e+02 1.600000000000000000e+01 8.000000000000000000e+00
1.090004736617624985e+02 1.600000000000000000e+01 8.000000000000000000e+00
1.100004736617624417e+02 1.600000000000000000e+01 9.000000000000000000e+00
1.110004736617623848e+02 1.800000000000000000e+01 1.000000000000000000e+01
1.120004736617623280e+02 1.800000000000000000e+01 9.000000000000000000e+00
1.130004736617622711e+02 1.800000000000000000e+01 8.000000000000000000e+00
1.140004736617622143e+02 1.700000000000000000e+01 9.000000000000000000e+00
1.150004736617621575e+02 1.800000000000000000e+01 9.000000000000000000e+00
1.160004736617621006e+02 1.700000000000000000e+01 9.000000000000000000e+00
1.170004736617620438e+02 1.200000000000000000e+01 6.000000000000000000e+00
1.180004736617619869e+02 1.000000000000000000e+01 7.000000000000000000e+00
1.190004736617619301e+02 8.000000000000000000e+00 8.000000000000000000e+00
1.200004736617618732e+02 9.000000000000000000e+00 6.000000000000000000e+00
1.210004736617618164e+02 9.000000000000000000e+00 4.000000000000000000e+00
1.220004736617617596e+02 9.000000000000000000e+00 3.000000000000000000e+00
1.230004736617617027e+02 1.000000000000000000e+01 2.000000000000000000e+00
1.240004736617616459e+02 1.000000000000000000e+01 2.000000000000000000e+00
1.250004736617615890e+02 1.000000000000000000e+01 3.000000000000000000e+00
1.260004713350680703e+02 1.000000000000000000e+01 2.000000000000000000e+00
1.270004736617614753e+02 1.000000000000000000e+01 2.000000000000000000e+00
1.280004736617614185e+02 1.000000000000000000e+01 2.000000000000000000e+00
1.290004736617613617e+02 1.100000000000000000e+01 4.000000000000000000e+00
1.300004736617613048e+02 1.100000000000000000e+01 3.000000000000000000e+00
1.310004736617612480e+02 1.200000000000000000e+01 2.000000000000000000e+00
1.320004736617611911e+02 1.200000000000000000e+01 3.000000000000000000e+00
1.330004736617611343e+02 1.100000000000000000e+01 3.000000000000000000e+00
1.340004736617610774e+02 1.200000000000000000e+01 4.000000000000000000e+00
1.350004736617610206e+02 1.200000000000000000e+01 4.000000000000000000e+00
1.360004736617609638e+02 1.300000000000000000e+01 4.000000000000000000e+00
1.370004736617609069e+02 1.500000000000000000e+01 5.000000000000000000e+00
1.380004736617608501e+02 1.300000000000000000e+01 7.000000000000000000e+00
1.390004736617607932e+02 1.400000000000000000e+01 7.000000000000000000e+00
1.400004736617607364e+02 1.400000000000000000e+01 5.000000000000000000e+00
1.410004736617606795e+02 1.500000000000000000e+01 5.000000000000000000e+00
1.420004736617606227e+02 1.400000000000000000e+01 6.000000000000000000e+00
1.430004736617605658e+02 1.500000000000000000e+01 7.000000000000000000e+00
1.440004736617605090e+02 1.600000000000000000e+01 8.000000000000000000e+00
1.450004736617604522e+02 1.800000000000000000e+01 8.000000000000000000e+00
1.460004736617603953e+02 1.900000000000000000e+01 9.000000000000000000e+00
1.470004736617603385e+02 2.100000000000000000e+01 9.000000000000000000e+00
1.480000383546648095e+02 2.100000000000000000e+01 1.100000000000000000e+01
1.490004736617602248e+02 1.900000000000000000e+01 1.200000000000000000e+01
1.500004736617601679e+02 1.800000000000000000e+01 1.300000000000000000e+01
1.510003031379650054e+02 1.600000000000000000e+01 1.400000000000000000e+01
1.520004736617600543e+02 1.300000000000000000e+01 1.400000000000000000e+01
1.530004736617599974e+02 1.400000000000000000e+01 1.400000000000000000e+01
1.540004736617599406e+02 1.300000000000000000e+01 1.400000000000000000e+01
1.550004736617598837e+02 1.300000000000000000e+01 1.800000000000000000e+01
1.560004736617598269e+02 1.500000000000000000e+01 2.000000000000000000e+01
1.570001103147136803e+02 1.500000000000000000e+01 2.000000000000000000e+01
1.580001131801758731e+02 1.300000000000000000e+01 2.100000000000000000e+01
1.590004736617596564e+02 1.300000000000000000e+01 2.300000000000000000e+01
1.600004736617595995e+02 1.200000000000000000e+01 2.500000000000000000e+01
1.610004736617595427e+02 1.000000000000000000e+01 2.500000000000000000e+01
1.620004736617594858e+02 1.100000000000000000e+01 2.500000000000000000e+01
1.630004736617594290e+02 1.200000000000000000e+01 2.600000000000000000e+01
1.640004736617593721e+02 1.200000000000000000e+01 2.600000000000000000e+01
1.650004736617593153e+02 1.100000000000000000e+01 2.600000000000000000e+01
1.660004736617592584e+02 1.100000000000000000e+01 2.800000000000000000e+01
1.670004736617592016e+02 1.000000000000000000e+01 2.900000000000000000e+01
1.680004736617591448e+02 1.000000000000000000e+01 3.000000000000000000e+01
1.690004736617590879e+02 1.000000000000000000e+01 2.900000000000000000e+01
1.700004665454033557e+02 1.000000000000000000e+01 2.800000000000000000e+01
1.710004736617589742e+02 9.000000000000000000e+00 3.000000000000000000e+01
1.720004736617589174e+02 9.000000000000000000e+00 2.900000000000000000e+01
1.730004736617588605e+02 1.100000000000000000e+01 3.000000000000000000e+01
1.740004736617588037e+02 1.100000000000000000e+01 2.900000000000000000e+01
1.750003266134965827e+02 1.100000000000000000e+01 2.500000000000000000e+01
1.760004736617586900e+02 1.100000000000000000e+01 2.000000000000000000e+01
1.770004736617586332e+02 1.200000000000000000e+01 1.900000000000000000e+01
1.780004736617585763e+02 1.200000000000000000e+01 1.900000000000000000e+01
1.790004736617585195e+02 1.400000000000000000e+01 1.800000000000000000e+01
1.800004736617584626e+02 1.400000000000000000e+01 1.800000000000000000e+01
1.810004736617584058e+02 1.400000000000000000e+01 1.800000000000000000e+01
1.820004736617583490e+02 1.400000000000000000e+01 1.900000000000000000e+01
1.830004736617582921e+02 1.400000000000000000e+01 2.100000000000000000e+01
1.840004736617582353e+02 1.300000000000000000e+01 2.300000000000000000e+01
1.850004736617581784e+02 1.400000000000000000e+01 2.400000000000000000e+01
1.860004736617581216e+02 1.600000000000000000e+01 2.400000000000000000e+01
1.870004736617580647e+02 1.600000000000000000e+01 2.000000000000000000e+01
1.880004736617580079e+02 1.500000000000000000e+01 1.700000000000000000e+01
1.890004736617579510e+02 1.600000000000000000e+01 1.600000000000000000e+01
1.900004736617578942e+02 1.600000000000000000e+01 1.600000000000000000e+01
1.910004736617578374e+02 1.500000000000000000e+01 1.400000000000000000e+01
1.920004736617577805e+02 1.500000000000000000e+01 1.400000000000000000e+01
1.930004736617577237e+02 1.400000000000000000e+01 1.600000000000000000e+01
1.940004736617576668e+02 1.400000000000000000e+01 1.700000000000000000e+01
1.950001146981608429e+02 1.400000000000000000e+01 1.900000000000000000e+01
1.960004736617575531e+02 1.500000000000000000e+01 1.900000000000000000e+01
1.970004736617574963e+02 1.400000000000000000e+01 2.000000000000000000e+01
1.980004736617574395e+02 1.300000000000000000e+01 2.200000000000000000e+01
1.990002605852536988e+02 1.200000000000000000e+01 2.300000000000000000e+01
2.000004736617573258e+02 1.300000000000000000e+01 2.300000000000000000e+01
2.010004736617572689e+02 1.300000000000000000e+01 2.300000000000000000e+01
2.020004736617572121e+02 1.500000000000000000e+01 2.400000000000000000e+01
2.030004736617571552e+02 1.500000000000000000e+01 2.400000000000000000e+01
2.040004736617570984e+02 1.400000000000000000e+01 2.400000000000000000e+01
2.050004736617570416e+02 1.400000000000000000e+01 2.200000000000000000e+01
2.060004736617569847e+02 1.400000000000000000e+01 2.000000000000000000e+01
2.070000064259815815e+02 1.400000000000000000e+01 1.300000000000000000e+01
2.080001111647845846e+02 1.400000000000000000e+01 1.300000000000000000e+01
2.090004736617568142e+02 1.600000000000000000e+01 1.300000000000000000e+01
2.100004736617567573e+02 1.500000000000000000e+01 1.000000000000000000e+01
2.110004736617567005e+02 1.600000000000000000e+01 1.000000000000000000e+01
2.120004736617566437e+02 1.500000000000000000e+01 1.000000000000000000e+01
2.130004736617565868e+02 1.500000000000000000e+01 1.000000000000000000e+01
2.140004736617565300e+02 9.000000000000000000e+00 9.000000000000000000e+00
2.150004736617564731e+02 7.000000000000000000e+00 1.200000000000000000e+01
2.160004736617564163e+02 7.000000000000000000e+00 1.200000000000000000e+01
2.170004736617563594e+02 7.000000000000000000e+00 1.300000000000000000e+01
2.180004736617563026e+02 8.000000000000000000e+00 1.200000000000000000e+01
2.190004736617562457e+02 4.000000000000000000e+00 1.000000000000000000e+01
2.200004736617561889e+02 4.000000000000000000e+00 1.100000000000000000e+01
2.210004736617561321e+02 4.000000000000000000e+00 1.000000000000000000e+01
2.220004736617560752e+02 4.000000000000000000e+00 1.100000000000000000e+01
2.230004736617560184e+02 3.000000000000000000e+00 8.000000000000000000e+00
2.240004736617559615e+02 4.000000000000000000e+00 9.000000000000000000e+00
2.250004736617559047e+02 5.000000000000000000e+00 7.000000000000000000e+00
2.260004736617558478e+02 6.000000000000000000e+00 6.000000000000000000e+00
2.270004736617557910e+02 5.000000000000000000e+00 6.000000000000000000e+00
2.280004736617557342e+02 5.000000000000000000e+00 7.000000000000000000e+00
2.290004736617556773e+02 4.000000000000000000e+00 8.000000000000000000e+00
2.300004736617556205e+02 4.000000000000000000e+00 9.000000000000000000e+00
2.310004736617555636e+02 5.000000000000000000e+00 8.000000000000000000e+00
2.320004736617555068e+02 5.000000000000000000e+00 7.000000000000000000e+00
2.330004736617554499e+02 7.000000000000000000e+00 7.000000000000000000e+00
2.340004736617553931e+02 7.000000000000000000e+00 7.000000000000000000e+00
2.350004736617553363e+02 4.000000000000000000e+00 7.000000000000000000e+00
2.360004736617552794e+02 4.000000000000000000e+00 7.000000000000000000e+00
2.370000940115098729e+02 4.000000000000000000e+00 7.000000000000000000e+00
2.380004736617551657e+02 6.000000000000000000e+00 8.000000000000000000e+00
2.390004736617551089e+02 7.000000000000000000e+00 8.000000000000000000e+00
2.400004736617550520e+02 9.000000000000000000e+00 7.000000000000000000e+00
2.410004736617549952e+02 9.000000000000000000e+00 8.000000000000000000e+00
2.420002728172979971e+02 8.000000000000000000e+00 7.000000000000000000e+00
2.430004736617548815e+02 9.000000000000000000e+00 7.000000000000000000e+00
2.440004736617548247e+02 9.000000000000000000e+00 6.000000000000000000e+00
2.450000982208154312e+02 1.000000000000000000e+01 5.000000000000000000e+00
2.460002451731627957e+02 1.200000000000000000e+01 5.000000000000000000e+00
2.470003176042001769e+02 1.400000000000000000e+01 6.000000000000000000e+00
2.480004736617545973e+02 1.300000000000000000e+01 6.000000000000000000e+00
2.490004736617545404e+02 1.300000000000000000e+01 5.000000000000000000e+00
2.500001486664229162e+02 1.000000000000000000e+01 6.000000000000000000e+00
2.510004736617544268e+02 1.100000000000000000e+01 8.000000000000000000e+00
2.520004736617543699e+02 9.000000000000000000e+00 8.000000000000000000e+00
2.530000561986060461e+02 7.000000000000000000e+00 7.000000000000000000e+00
2.540004736617542562e+02 7.000000000000000000e+00 7.000000000000000000e+00
2.550004736617541994e+02 6.000000000000000000e+00 8.000000000000000000e+00
2.560000302784776522e+02 5.000000000000000000e+00 7.000000000000000000e+00
2.570004736617543699e+02 3.000000000000000000e+00 8.000000000000000000e+00
2.580004736617545973e+02 4.000000000000000000e+00 7.000000000000000000e+00
2.590002953886942123e+02 6.000000000000000000e+00 6.000000000000000000e+00
2.600004736617550520e+02 6.000000000000000000e+00 6.000000000000000000e+00
2.610004736617552794e+02 7.000000000000000000e+00 7.000000000000000000e+00
2.620004736617555068e+02 8.000000000000000000e+00 8.000000000000000000e+00
2.630004736617557342e+02 9.000000000000000000e+00 8.000000000000000000e+00
2.640004736617559615e+02 9.000000000000000000e+00 1.100000000000000000e+01
2.650004736617561889e+02 9.000000000000000000e+00 1.000000000000000000e+01
2.660004736617564163e+02 9.000000000000000000e+00 9.000000000000000000e+00
2.670004736617566437e+02 1.000000000000000000e+01 7.000000000000000000e+00
2.680004736617568710e+02 8.000000000000000000e+00 9.000000000000000000e+00
2.690004736617570984e+02 8.000000000000000000e+00 5.000000000000000000e+00
2.700004736617573258e+02 8.000000000000000000e+00 7.000000000000000000e+00
2.710004736617575531e+02 8.000000000000000000e+00 7.000000000000000000e+00
2.720004736617577805e+02 9.000000000000000000e+00 5.000000000000000000e+00
2.730004736617580079e+02 1.100000000000000000e+01 7.000000000000000000e+00
2.740004736617582353e+02 1.200000000000000000e+01 7.000000000000000000e+00
2.750004736617584626e+02 1.200000000000000000e+01 7.000000000000000000e+00
2.760004736617586900e+02 1.200000000000000000e+01 8.000000000000000000e+00
2.770002761503039892e+02 1.100000000000000000e+01 8.000000000000000000e+00
2.780004736617591448e+02 1.000000000000000000e+01 1.000000000000000000e+01
2.790004736617593721e+02 1.000000000000000000e+01 1.100000000000000000e+01
2.800004736617595995e+02 1.000000000000000000e+01 1.000000000000000000e+01
2.810001655940009755e+02 1.200000000000000000e+01 1.200000000000000000e+01
2.820004736617600543e+02 1.100000000000000000e+01 1.100000000000000000e+01
2.830004736617602816e+02 1.100000000000000000e+01 1.100000000000000000e+01
2.840004736617605090e+02 1.100000000000000000e+01 8.000000000000000000e+00
2.850004736617607364e+02 1.200000000000000000e+01 6.000000000000000000e+00
2.860004736617609638e+02 1.200000000000000000e+01 4.000000000000000000e+00
2.870004736617611911e+02 1.300000000000000000e+01 3.000000000000000000e+00
2.880004736617614185e+02 1.300000000000000000e+01 4.000000000000000000e+00
2.890004736617616459e+02 1.200000000000000000e+01 2.000000000000000000e+00
2.900004736617618732e+02 1.200000000000000000e+01 2.000000000000000000e+00
2.910004736617621006e+02 9.000000000000000000e+00 3.000000000000000000e+00
2.920004736617623280e+02 1.000000000000000000e+01 3.000000000000000000e+00
2.930004736617625554e+02 8.000000000000000000e+00 5.000000000000000000e+00
2.940004736617627827e+02 7.000000000000000000e+00 5.000000000000000000e+00
2.950004736617630101e+02 6.000000000000000000e+00 7.000000000000000000e+00
2.960004736617632375e+02 5.000000000000000000e+00 6.000000000000000000e+00
2.970004736617634649e+02 7.000000000000000000e+00 5.000000000000000000e+00
2.980004736617636922e+02 9.000000000000000000e+00 6.000000000000000000e+00
2.990000956123376454e+02 9.000000000000000000e+00 5.000000000000000000e+00
3.000004736617641470e+02 9.000000000000000000e+00 4.000000000000000000e+00
