0.000000000000000000e+00 0.000000000000000000e+00 0.000000000000000000e+00
1.000039488266516896e+00 3.000000000000000000e+00 3.000000000000000000e+00
2.000039488266517562e+00 4.000000000000000000e+00 4.000000000000000000e+00
3.000039488266518450e+00 4.000000000000000000e+00 4.000000000000000000e+00
4.000039488266518894e+00 6.000000000000000000e+00 6.000000000000000000e+00
5.000039488266515342e+00 8.000000000000000000e+00 8.000000000000000000e+00
6.000039488266511789e+00 8.000000000000000000e+00 8.000000000000000000e+00
7.000039488266508236e+00 8.000000000000000000e+00 8.000000000000000000e+00
8.000039488266505572e+00 9.000000000000000000e+00 9.000000000000000000e+00
9.000039488266502019e+00 9.000000000000000000e+00 9.000000000000000000e+00
1.000003948826649847e+01 9.000000000000000000e+00 9.000000000000000000e+00
1.100003948826649491e+01 1.200000000000000000e+01 1.200000000000000000e+01
1.200003948826649136e+01 9.000000000000000000e+00 9.000000000000000000e+00
1.300003948826648781e+01 8.000000000000000000e+00 8.000000000000000000e+00
1.400003948826648426e+01 7.000000000000000000e+00 7.000000000000000000e+00
1.500003948826648070e+01 7.000000000000000000e+00 7.000000000000000000e+00
1.600003948826647715e+01 8.000000000000000000e+00 8.000000000000000000e+00
1.700003948826649136e+01 7.000000000000000000e+00 8.000000000000000000e+00
1.800003948826650557e+01 8.000000000000000000e+00 9.000000000000000000e+00
1.900003948826651978e+01 8.000000000000000000e+00 9.000000000000000000e+00
2.000003948826653399e+01 9.000000000000000000e+00 9.000000000000000000e+00
2.100003948826654820e+01 1.000000000000000000e+01 1.000000000000000000e+01
2.200003948826656242e+01 9.000000000000000000e+00 9.000000000000000000e+00
2.300003948826657663e+01 9.000000000000000000e+00 8.000000000000000000e+00
2.400003948826659084e+01 9.000000000000000000e+00 7.000000000000000000e+00
2.500003948826660505e+01 9.000000000000000000e+00 7.000000000000000000e+00
2.600003948826661926e+01 8.000000000000000000e+00 7.000000000000000000e+00
2.700003948826663347e+01 9.000000000000000000e+00 7.000000000000000000e+00
2.800003948826664768e+01 9.000000000000000000e+00 7.000000000000000000e+00
2.900003948826666189e+01 9.000000000000000000e+00 7.000000000000000000e+00
3.000003948826667610e+01 9.000000000000000000e+00 8.000000000000000000e+00
3.100003948826669031e+01 8.000000000000000000e+00 8.000000000000000000e+00
3.200003948826670097e+01 8.000000000000000000e+00 7.000000000000000000e+00
3.300003948826671518e+01 1.000000000000000000e+01 8.000000000000000000e+00
3.400003948826672939e+01 8.000000000000000000e+00 8.000000000000000000e+00
3.500003948826674360e+01 8.000000000000000000e+00 7.000000000000000000e+00
3.600003948826675781e+01 7.000000000000000000e+00 6.000000000000000000e+00
3.700003948826677203e+01 8.000000000000000000e+00 8.000000000000000000e+00
3.800003948826678624e+01 7.000000000000000000e+00 7.000000000000000000e+00
3.900003948826680045e+01 9.000000000000000000e+00 6.000000000000000000e+00
4.000003948826681466e+01 5.000000000000000000e+00 5.000000000000000000e+00
4.100003948826682887e+01 7.000000000000000000e+00 7.000000000000000000e+00
4.200003948826684308e+01 6.000000000000000000e+00 6.000000000000000000e+00
4.300003948826685729e+01 4.000000000000000000e+00 8.000000000000000000e+00
4.400003948826687150e+01 3.000000000000000000e+00 8.000000000000000000e+00
4.500003948826688571e+01 2.000000000000000000e+00 8.000000000000000000e+00
4.600003948826689992e+01 1.000000000000000000e+00 6.000000000000000000e+00
4.700003948826691413e+01 3.000000000000000000e+00 7.000000000000000000e+00
4.800003948826692834e+01 5.000000000000000000e+00 8.000000000000000000e+00
4.900003948826694256e+01 5.000000000000000000e+00 8.000000000000000000e+00
5.000003948826695677e+01 7.000000000000000000e+00 1.000000000000000000e+01
5.100003948826697098e+01 6.000000000000000000e+00 9.000000000000000000e+00
5.200003948826698519e+01 9.000000000000000000e+00 1.100000000000000000e+01
5.300003948826699940e+01 9.000000000000000000e+00 1.000000000000000000e+01
5.400003948826701361e+01 1.000000000000000000e+01 9.000000000000000000e+00
5.500003948826702782e+01 1.000000000000000000e+01 9.000000000000000000e+00
5.600003948826704203e+01 1.000000000000000000e+01 9.000000000000000000e+00
5.700003948826705624e+01 1.000000000000000000e+01 9.000000000000000000e+00
5.800003948826707045e+01 1.000000000000000000e+01 1.000000000000000000e+01
5.900003948826708466e+01 1.100000000000000000e+01 1.100000000000000000e+01
6.000003948826709887e+01 1.100000000000000000e+01 1.100000000000000000e+01
6.100003948826711309e+01 1.200000000000000000e+01 1.200000000000000000e+01
6.200003948826712730e+01 1.100000000000000000e+01 1.100000000000000000e+01
6.300003948826714151e+01 9.000000000000000000e+00 1.200000000000000000e+01
6.400003948826714861e+01 9.000000000000000000e+00 1.100000000000000000e+01
6.500003948826709177e+01 9.000000000000000000e+00 1.200000000000000000e+01
6.600003948826703493e+01 8.000000000000000000e+00 1.000000000000000000e+01
6.700003948826697808e+01 7.000000000000000000e+00 1.000000000000000000e+01
6.800003948826692124e+01 7.000000000000000000e+00 1.000000000000000000e+01
6.900003948826686440e+01 6.000000000000000000e+00 9.000000000000000000e+00
7.000003948826680755e+01 6.000000000000000000e+00 8.000000000000000000e+00
7.100003948826675071e+01 7.000000000000000000e+00 8.000000000000000000e+00
7.200003948826669387e+01 5.000000000000000000e+00 7.000000000000000000e+00
7.300003948826663702e+01 5.000000000000000000e+00 8.000000000000000000e+00
7.400003948826658018e+01 6.000000000000000000e+00 9.000000000000000000e+00
7.500003948826652334e+01 7.000000000000000000e+00 9.000000000000000000e+00
7.600003948826646649e+01 6.000000000000000000e+00 9.000000000000000000e+00
7.700003948826640965e+01 8.000000000000000000e+00 9.000000000000000000e+00
7.800003948826635281e+01 6.000000000000000000e+00 8.000000000000000000e+00
7.900003948826629596e+01 5.000000000000000000e+00 9.000000000000000000e+00
8.000003948826623912e+01 3.000000000000000000e+00 6.000000000000000000e+00
8.100003948826618227e+01 4.000000000000000000e+00 6.000000000000000000e+00
8.200003948826612543e+01 4.000000000000000000e+00 8.000000000000000000e+00
8.300003948826606859e+01 6.000000000000000000e+00 9.000000000000000000e+00
8.400003948826601174e+01 3.000000000000000000e+00 9.000000000000000000e+00
8.500003948826595490e+01 4.000000000000000000e+00 1.000000000000000000e+01
8.600003948826589806e+01 3.000000000000000000e+00 1.000000000000000000e+01
8.700003948826584121e+01 3.000000000000000000e+00 1.300000000000000000e+01
8.800003948826578437e+01 3.000000000000000000e+00 1.000000000000000000e+01
8.900003948826572753e+01 3.000000000000000000e+00 1.000000000000000000e+01
9.000003948826567068e+01 5.000000000000000000e+00 1.100000000000000000e+01
9.100003948826561384e+01 4.000000000000000000e+00 1.100000000000000000e+01
9.200003948826555700e+01 3.000000000000000000e+00 9.000000000000000000e+00
9.300003948826550015e+01 4.000000000000000000e+00 1.000000000000000000e+01
9.400003948826544331e+01 5.000000000000000000e+00 1.200000000000000000e+01
9.500003948826538647e+01 7.000000000000000000e+00 1.200000000000000000e+01
9.600003948826532962e+01 6.000000000000000000e+00 1.300000000000000000e+01
9.700003948826527278e+01 6.000000000000000000e+00 1.300000000000000000e+01
9.800003948826521594e+01 6.000000000000000000e+00 1.400000000000000000e+01
9.900003948826515909e+01 6.000000000000000000e+00 1.000000000000000000e+01
1.000000394882651022e+02 6.000000000000000000e+00 9.000000000000000000e+00
1.010000394882650454e+02 7.000000000000000000e+00 9.000000000000000000e+00
1.020000394882649886e+02 6.000000000000000000e+00 1.000000000000000000e+01
1.030000394882649317e+02 8.000000000000000000e+00 1.000000000000000000e+01
1.040000394882648749e+02 1.000000000000000000e+01 1.000000000000000000e+01
1.050000394882648180e+02 8.000000000000000000e+00 1.000000000000000000e+01
1.060000394882647612e+02 6.000000000000000000e+00 9.000000000000000000e+00
1.070000394882647043e+02 7.000000000000000000e+00 9.000000000000000000e+00
1.080000394882646475e+02 4.000000000000000000e+00 9.000000000000000000e+00
1.090000394882645907e+02 5.000000000000000000e+00 9.000000000000000000e+00
1.100000394882645338e+02 3.000000000000000000e+00 9.000000000000000000e+00
1.110000394882644770e+02 3.000000000000000000e+00 9.000000000000000000e+00
1.120000394882644201e+02 4.000000000000000000e+00 1.300000000000000000e+01
1.130000394882643633e+02 3.000000000000000000e+00 1.200000000000000000e+01
1.140000394882643064e+02 4.000000000000000000e+00 1.200000000000000000e+01
1.150000394882642496e+02 3.000000000000000000e+00 1.100000000000000000e+01
1.160000394882641928e+02 4.000000000000000000e+00 9.000000000000000000e+00
1.170000394882641359e+02 4.000000000000000000e+00 7.000000000000000000e+00
1.180000394882640791e+02 4.000000000000000000e+00 6.000000000000000000e+00
1.190000394882640222e+02 5.000000000000000000e+00 5.000000000000000000e+00
1.200000394882639654e+02 4.000000000000000000e+00 4.000000000000000000e+00
1.210000394882639085e+02 3.000000000000000000e+00 4.000000000000000000e+00
1.220000394882638517e+02 6.000000000000000000e+00 7.000000000000000000e+00
1.230000394882637949e+02 5.000000000000000000e+00 6.000000000000000000e+00
1.240000205051587159e+02 4.000000000000000000e+00 5.000000000000000000e+00
1.250000394882636812e+02 4.000000000000000000e+00 6.000000000000000000e+00
1.260000394882636243e+02 5.000000000000000000e+00 8.000000000000000000e+00
1.270000394882635675e+02 4.000000000000000000e+00 6.000000000000000000e+00
1.280000394882635248e+02 2.000000000000000000e+00 5.000000000000000000e+00
1.290000394882634680e+02 2.000000000000000000e+00 4.000000000000000000e+00
1.300000394882634112e+02 2.000000000000000000e+00 7.000000000000000000e+00
1.310000394882633543e+02 1.000000000000000000e+00 7.000000000000000000e+00
1.320000394882632975e+02 1.000000000000000000e+00 6.000000000000000000e+00
1.330000394882632406e+02 2.000000000000000000e+00 5.000000000000000000e+00
1.340000394882631838e+02 3.000000000000000000e+00 8.000000000000000000e+00
1.350000111401170955e+02 4.000000000000000000e+00 8.000000000000000000e+00
1.360000394882630701e+02 4.000000000000000000e+00 8.000000000000000000e+00
1.370000394882630133e+02 8.000000000000000000e+00 7.000000000000000000e+00
1.380000394882629564e+02 6.000000000000000000e+00 6.000000000000000000e+00
1.390000394882628996e+02 5.000000000000000000e+00 5.000000000000000000e+00
1.400000394882628427e+02 5.000000000000000000e+00 3.000000000000000000e+00
1.410000394882627859e+02 5.000000000000000000e+00 3.000000000000000000e+00
1.420000394882627290e+02 5.000000000000000000e+00 4.000000000000000000e+00
1.430000394882626722e+02 5.000000000000000000e+00 4.000000000000000000e+00
1.440000394882626154e+02 6.000000000000000000e+00 5.000000000000000000e+00
1.450000394882625585e+02 7.000000000000000000e+00 5.000000000000000000e+00
1.460000394882625017e+02 8.000000000000000000e+00 3.000000000000000000e+00
1.470000394882624448e+02 1.000000000000000000e+01 5.000000000000000000e+00
1.480000394882623880e+02 1.000000000000000000e+01 3.000000000000000000e+00
1.490000394882623311e+02 7.000000000000000000e+00 5.000000000000000000e+00
1.500000394882622743e+02 7.000000000000000000e+00 4.000000000000000000e+00
1.510000394882622174e+02 8.000000000000000000e+00 5.000000000000000000e+00
1.520000394882621606e+02 9.000000000000000000e+00 3.000000000000000000e+00
1.530000394882621038e+02 1.000000000000000000e+01 4.000000000000000000e+00
1.540000394882620469e+02 8.000000000000000000e+00 4.000000000000000000e+00
1.550000394882619901e+02 3.000000000000000000e+00 4.000000000000000000e+00
1.560000394882619332e+02 1.000000000000000000e+00 1.000000000000000000e+00
1.570000394882618764e+02 1.000000000000000000e+00 1.000000000000000000e+00
1.580000394882618195e+02 2.000000000000000000e+00 0.000000000000000000e+00
1.590000394882617627e+02 1.000000000000000000e+00 1.000000000000000000e+00
1.600000394882617059e+02 0.000000000000000000e+00 1.000000000000000000e+00
1.610000394882616490e+02 1.000000000000000000e+00 3.000000000000000000e+00
1.620000394882615922e+02 0.000000000000000000e+00 3.000000000000000000e+00
1.630000394882615353e+02 1.000000000000000000e+00 2.000000000000000000e+00
1.640000394882614785e+02 0.000000000000000000e+00 1.000000000000000000e+00
1.650000394882614216e+02 1.000000000000000000e+00 2.000000000000000000e+00
1.660000394882613648e+02 3.000000000000000000e+00 1.000000000000000000e+00
1.670000394882613080e+02 5.000000000000000000e+00 2.000000000000000000e+00
1.680000394882612511e+02 5.000000000000000000e+00 3.000000000000000000e+00
1.690000394882611943e+02 5.000000000000000000e+00 4.000000000000000000e+00
1.700000394882611374e+02 4.000000000000000000e+00 4.000000000000000000e+00
1.710000394882610806e+02 4.000000000000000000e+00 1.000000000000000000e+00
1.720000394882610237e+02 3.000000000000000000e+00 1.000000000000000000e+00
1.730000394882609669e+02 2.000000000000000000e+00 1.000000000000000000e+00
1.740000394882609100e+02 4.000000000000000000e+00 1.000000000000000000e+00
1.750000394882608532e+02 5.000000000000000000e+00 2.000000000000000000e+00
1.760000394882607964e+02 4.000000000000000000e+00 1.000000000000000000e+00
1.770000394882607395e+02 4.000000000000000000e+00 1.000000000000000000e+00
1.780000394882606827e+02 2.000000000000000000e+00 2.000000000000000000e+00
1.790000394882606258e+02 2.000000000000000000e+00 2.000000000000000000e+00
1.800000394882605690e+02 2.000000000000000000e+00 3.000000000000000000e+00
1.810000394882605121e+02 2.000000000000000000e+00 2.000000000000000000e+00
1.820000394882604553e+02 5.000000000000000000e+00 4.000000000000000000e+00
1.830000394882603985e+02 3.000000000000000000e+00 4.000000000000000000e+00
1.840000394882603416e+02 4.000000000000000000e+00 4.000000000000000000e+00
1.850000394882602848e+02 5.000000000000000000e+00 6.000000000000000000e+00
1.860000394882602279e+02 6.000000000000000000e+00 5.000000000000000000e+00
1.870000394882601711e+02 9.000000000000000000e+00 5.000000000000000000e+00
1.880000394882601142e+02 9.000000000000000000e+00 4.000000000000000000e+00
1.890000394882600574e+02 9.000000000000000000e+00 4.000000000000000000e+00
1.900000394882600006e+02 1.000000000000000000e+01 5.000000000000000000e+00
1.910000394882599437e+02 1.300000000000000000e+01 5.000000000000000000e+00
1.920000394882598869e+02 1.300000000000000000e+01 6.000000000000000000e+00
1.930000394882598300e+02 1.400000000000000000e+01 7.000000000000000000e+00
1.940000394882597732e+02 1.500000000000000000e+01 8.000000000000000000e+00
1.950000394882597163e+02 1.500000000000000000e+01 8.000000000000000000e+00
1.960000394882596595e+02 1.400000000000000000e+01 7.000000000000000000e+00
1.970000394882596026e+02 1.200000000000000000e+01 7.000000000000000000e+00
1.980000394882595458e+02 1.300000000000000000e+01 5.000000000000000000e+00
1.990000394882594890e+02 1.300000000000000000e+01 6.000000000000000000e+00
2.000000394882594321e+02 1.200000000000000000e+01 7.000000000000000000e+00
2.010000394882593753e+02 1.400000000000000000e+01 6.000000000000000000e+00
2.020000394882593184e+02 1.400000000000000000e+01 8.000000000000000000e+00
2.030000394882592616e+02 1.500000000000000000e+01 8.000000000000000000e+00
2.040000394882592047e+02 1.400000000000000000e+01 7.000000000000000000e+00
2.050000394882591479e+02 1.400000000000000000e+01 7.000000000000000000e+00
2.060000394882590911e+02 1.400000000000000000e+01 8.000000000000000000e+00
2.070000394882590342e+02 1.400000000000000000e+01 6.000000000000000000e+00
2.080000394882589774e+02 1.500000000000000000e+01 8.000000000000000000e+00
2.090000394882589205e+02 1.100000000000000000e+01 9.000000000000000000e+00
2.100000394882588637e+02 4.000000000000000000e+00 9.000000000000000000e+00
2.110000394882588068e+02 1.000000000000000000e+00 1.000000000000000000e+01
2.120000394882587500e+02 1.000000000000000000e+00 9.000000000000000000e+00
2.130000394882586932e+02 0.000000000000000000e+00 1.100000000000000000e+01
2.140000394882586363e+02 0.000000000000000000e+00 1.300000000000000000e+01
2.150000394882585795e+02 1.000000000000000000e+00 1.400000000000000000e+01
2.160000394882585226e+02 0.000000000000000000e+00 1.400000000000000000e+01
2.170000394882584658e+02 0.000000000000000000e+00 1.500000000000000000e+01
2.180000394882584089e+02 2.000000000000000000e+00 1.500000000000000000e+01
2.190000394882583521e+02 2.000000000000000000e+00 1.500000000000000000e+01
2.200000394882582953e+02 2.000000000000000000e+00 1.600000000000000000e+01
2.210000394882582384e+02 1.000000000000000000e+00 1.800000000000000000e+01
2.220000394882581816e+02 2.000000000000000000e+00 1.900000000000000000e+01
2.230000394882581247e+02 1.000000000000000000e+00 1.700000000000000000e+01
2.240000394882580679e+02 1.000000000000000000e+00 1.600000000000000000e+01
2.250000394882580110e+02 1.000000000000000000e+00 1.600000000000000000e+01
2.260000394882579542e+02 3.000000000000000000e+00 1.400000000000000000e+01
2.270000394882578973e+02 3.000000000000000000e+00 1.000000000000000000e+01
2.280000394882578405e+02 3.000000000000000000e+00 8.000000000000000000e+00
2.290000394882577837e+02 4.000000000000000000e+00 8.000000000000000000e+00
2.300000394882577268e+02 3.000000000000000000e+00 7.000000000000000000e+00
2.310000394882576700e+02 3.000000000000000000e+00 5.000000000000000000e+00
2.320000394882576131e+02 3.000000000000000000e+00 6.000000000000000000e+00
2.330000394882575563e+02 3.000000000000000000e+00 5.000000000000000000e+00
2.340000394882574994e+02 5.000000000000000000e+00 2.000000000000000000e+00
2.350000394882574426e+02 5.000000000000000000e+00 2.000000000000000000e+00
2.360000394882573858e+02 3.000000000000000000e+00 3.000000000000000000e+00
2.370000394882573289e+02 3.000000000000000000e+00 2.000000000000000000e+00
2.380000394882572721e+02 4.000000000000000000e+00 4.000000000000000000e+00
2.390000394882572152e+02 5.000000000000000000e+00 6.000000000000000000e+00
2.400000394882571584e+02 5.000000000000000000e+00 6.000000000000000000e+00
2.410000394882571015e+02 4.000000000000000000e+00 4.000000000000000000e+00
2.420000394882570447e+02 5.000000000000000000e+00 4.000000000000000000e+00
2.430000394882569879e+02 6.000000000000000000e+00 4.000000000000000000e+00
2.440000394882569310e+02 7.000000000000000000e+00 6.000000000000000000e+00
2.450000394882568742e+02 8.000000000000000000e+00 4.000000000000000000e+00
2.460000394882568173e+02 7.000000000000000000e+00 4.000000000000000000e+00
2.470000394882567605e+02 8.000000000000000000e+00 5.000000000000000000e+00
2.480000394882567036e+02 8.000000000000000000e+00 2.000000000000000000e+00
2.490000394882566468e+02 8.000000000000000000e+00 3.000000000000000000e+00
2.500000394882565899e+02 8.000000000000000000e+00 1.000000000000000000e+00
2.510000394882565331e+02 8.000000000000000000e+00 1.000000000000000000e+00
2.520000394882564763e+02 1.100000000000000000e+01 1.000000000000000000e+00
2.530000394882564194e+02 1.200000000000000000e+01 1.000000000000000000e+00
2.540000394882563626e+02 1.300000000000000000e+01 1.000000000000000000e+00
2.550000394882563057e+02 1.300000000000000000e+01 2.000000000000000000e+00
2.560000394882562773e+02 1.300000000000000000e+01 2.000000000000000000e+00
2.570000394882565047e+02 1.200000000000000000e+01 1.000000000000000000e+00
2.580000394882567321e+02 1.300000000000000000e+01 1.000000000000000000e+00
2.590000394882569594e+02 1.200000000000000000e+01 1.000000000000000000e+00
2.600000394882571868e+02 1.200000000000000000e+01 2.000000000000000000e+00
2.610000394882574142e+02 1.400000000000000000e+01 2.000000000000000000e+00
2.620000394882576416e+02 1.400000000000000000e+01 2.000000000000000000e+00
2.630000331409466412e+02 1.400000000000000000e+01 4.000000000000000000e+00
2.640000394882580963e+02 1.400000000000000000e+01 4.000000000000000000e+00
2.650000394882583237e+02 1.500000000000000000e+01 4.000000000000000000e+00
2.660000394882585510e+02 1.600000000000000000e+01 4.000000000000000000e+00
2.670000394882587784e+02 1.600000000000000000e+01 4.000000000000000000e+00
2.680000394882590058e+02 1.600000000000000000e+01 6.000000000000000000e+00
2.690000394882592332e+02 1.500000000000000000e+01 7.000000000000000000e+00
2.700000394882594605e+02 1.400000000000000000e+01 8.000000000000000000e+00
2.710000394882596879e+02 1.200000000000000000e+01 8.000000000000000000e+00
2.720000394882599153e+02 1.200000000000000000e+01 8.000000000000000000e+00
2.730000394882601427e+02 1.400000000000000000e+01 1.000000000000000000e+01
2.740000394882603700e+02 1.500000000000000000e+01 1.200000000000000000e+01
2.750000394882605974e+02 1.600000000000000000e+01 9.000000000000000000e+00
2.760000394882608248e+02 1.600000000000000000e+01 8.000000000000000000e+00
2.770000394882610522e+02 1.400000000000000000e+01 9.000000000000000000e+00
2.780000394882612795e+02 1.300000000000000000e+01 9.000000000000000000e+00
2.790000394882615069e+02 1.200000000000000000e+01 8.000000000000000000e+00
2.800000394882617343e+02 1.100000000000000000e+01 8.000000000000000000e+00
2.810000394882619617e+02 1.100000000000000000e+01 8.000000000000000000e+00
2.820000394882621890e+02 1.000000000000000000e+01 8.000000000000000000e+00
2.830000394882624164e+02 9.000000000000000000e+00 1.000000000000000000e+01
2.840000394882626438e+02 7.000000000000000000e+00 9.000000000000000000e+00
2.850000394882628711e+02 1.000000000000000000e+01 7.000000000000000000e+00
2.860000394882630985e+02 9.000000000000000000e+00 8.000000000000000000e+00
2.870000394882633259e+02 7.000000000000000000e+00 7.000000000000000000e+00
2.880000394882635533e+02 7.000000000000000000e+00 9.000000000000000000e+00
2.890000394882637806e+02 7.000000000000000000e+00 7.000000000000000000e+00
2.900000394882640080e+02 9.000000000000000000e+00 8.000000000000000000e+00
2.910000394882642354e+02 8.000000000000000000e+00 8.000000000000000000e+00
2.920000394882644628e+02 8.000000000000000000e+00 7.000000000000000000e+00
2.930000394882646901e+02 1.100000000000000000e+01 7.000000000000000000e+00
2.940000394882649175e+02 1.400000000000000000e+01 8.000000000000000000e+00
2.950000394882651449e+02 1.300000000000000000e+01 9.000000000000000000e+00
2.960000394882653723e+02 1.500000000000000000e+01 1.000000000000000000e+01
2.970000394882655996e+02 1.500000000000000000e+01 1.100000000000000000e+01
2.980000394882658270e+02 1.600000000000000000e+01 7.000000000000000000e+00
2.990000394882660544e+02 1.600000000000000000e+01 7.000000000000000000e+00
3.000000394882662818e+02 1.000000000000000000e+01 8.000000000000000000e+00
