0.000000000000000000e+00 0.000000000000000000e+00 0.000000000000000000e+00
1.000224706199140279e+00 2.000000000000000000e+00 2.000000000000000000e+00
2.000224706199141167e+00 3.000000000000000000e+00 3.000000000000000000e+00
3.000224706199142055e+00 4.000000000000000000e+00 4.000000000000000000e+00
4.000224706199142943e+00 6.000000000000000000e+00 6.000000000000000000e+00
5.000224706199139391e+00 5.000000000000000000e+00 5.000000000000000000e+00
6.000224706199135838e+00 4.000000000000000000e+00 4.000000000000000000e+00
7.000224706199132285e+00 4.000000000000000000e+00 4.000000000000000000e+00
8.000224706199128732e+00 5.000000000000000000e+00 5.000000000000000000e+00
9.000224706199125180e+00 6.000000000000000000e+00 6.000000000000000000e+00
1.000022470619912163e+01 6.000000000000000000e+00 6.000000000000000000e+00
1.100022470619911807e+01 8.000000000000000000e+00 8.000000000000000000e+00
1.200022470619911452e+01 7.000000000000000000e+00 7.000000000000000000e+00
1.300022470619911097e+01 8.000000000000000000e+00 8.000000000000000000e+00
1.400022470619910742e+01 7.000000000000000000e+00 7.000000000000000000e+00
1.500022470619910386e+01 6.000000000000000000e+00 6.000000000000000000e+00
1.600022470619910209e+01 6.000000000000000000e+00 6.000000000000000000e+00
1.700011234929321091e+01 5.000000000000000000e+00 5.000000000000000000e+00
1.800022470619913051e+01 5.000000000000000000e+00 5.000000000000000000e+00
1.900022470619914472e+01 6.000000000000000000e+00 6.000000000000000000e+00
2.000022470619915893e+01 5.000000000000000000e+00 5.000000000000000000e+00
2.100022470619917314e+01 6.000000000000000000e+00 6.000000000000000000e+00
2.200022470619918735e+01 6.000000000000000000e+00 7.000000000000000000e+00
2.300022470619920156e+01 8.000000000000000000e+00 8.000000000000000000e+00
2.400022470619921577e+01 8.000000000000000000e+00 6.000000000000000000e+00
2.500022470619922998e+01 8.000000000000000000e+00 5.000000000000000000e+00
2.600022470619924420e+01 8.000000000000000000e+00 4.000000000000000000e+00
2.700011145527846423e+01 8.000000000000000000e+00 4.000000000000000000e+00
2.800022470619927262e+01 8.000000000000000000e+00 4.000000000000000000e+00
2.900022470619928683e+01 9.000000000000000000e+00 5.000000000000000000e+00
3.000022470619930104e+01 9.000000000000000000e+00 4.000000000000000000e+00
3.100022470619931525e+01 1.100000000000000000e+01 6.000000000000000000e+00
3.200022470619932591e+01 1.000000000000000000e+01 7.000000000000000000e+00
3.300022470619934012e+01 6.000000000000000000e+00 5.000000000000000000e+00
3.400022470619935433e+01 4.000000000000000000e+00 4.000000000000000000e+00
3.500022470619936854e+01 8.000000000000000000e+00 7.000000000000000000e+00
3.600022470619938275e+01 9.000000000000000000e+00 8.000000000000000000e+00
3.700022470619939696e+01 1.000000000000000000e+01 9.000000000000000000e+00
3.800022470619941117e+01 1.000000000000000000e+01 8.000000000000000000e+00
3.900022470619942538e+01 1.100000000000000000e+01 9.000000000000000000e+00
4.000022470619943959e+01 9.000000000000000000e+00 1.000000000000000000e+01
4.100022470619945381e+01 1.100000000000000000e+01 7.000000000000000000e+00
4.200022470619946802e+01 1.100000000000000000e+01 5.000000000000000000e+00
4.300022470619948223e+01 1.300000000000000000e+01 7.000000000000000000e+00
4.400022470619949644e+01 1.100000000000000000e+01 6.000000000000000000e+00
4.500022470619951065e+01 1.000000000000000000e+01 6.000000000000000000e+00
4.600022470619952486e+01 9.000000000000000000e+00 6.000000000000000000e+00
4.700022470619953907e+01 9.000000000000000000e+00 6.000000000000000000e+00
4.800022470619955328e+01 8.000000000000000000e+00 6.000000000000000000e+00
4.900022470619956749e+01 8.000000000000000000e+00 6.000000000000000000e+00
5.000022470619958170e+01 8.000000000000000000e+00 6.000000000000000000e+00
5.100022470619959591e+01 8.000000000000000000e+00 6.000000000000000000e+00
5.200022470619961013e+01 9.000000000000000000e+00 8.000000000000000000e+00
5.300022470619962434e+01 9.000000000000000000e+00 8.000000000000000000e+00
5.400022470619963855e+01 8.000000000000000000e+00 7.000000000000000000e+00
5.500022470619965276e+01 8.000000000000000000e+00 7.000000000000000000e+00
5.600022470619966697e+01 8.000000000000000000e+00 6.000000000000000000e+00
5.700022470619968118e+01 1.000000000000000000e+01 7.000000000000000000e+00
5.800022470619969539e+01 1.000000000000000000e+01 7.000000000000000000e+00
5.900022470619970960e+01 1.000000000000000000e+01 6.000000000000000000e+00
6.000022470619972381e+01 1.000000000000000000e+01 3.000000000000000000e+00
6.100022470619973802e+01 1.100000000000000000e+01 4.000000000000000000e+00
6.200022470619975223e+01 7.000000000000000000e+00 5.000000000000000000e+00
6.300022470619976644e+01 7.000000000000000000e+00 4.000000000000000000e+00
6.400022470619977355e+01 7.000000000000000000e+00 4.000000000000000000e+00
6.500022470619971671e+01 6.000000000000000000e+00 4.000000000000000000e+00
6.600022470619965986e+01 7.000000000000000000e+00 4.000000000000000000e+00
6.700022470619960302e+01 6.000000000000000000e+00 4.000000000000000000e+00
6.800022470619954618e+01 6.000000000000000000e+00 4.000000000000000000e+00
6.900022470619948933e+01 6.000000000000000000e+00 4.000000000000000000e+00
7.000022470619943249e+01 6.000000000000000000e+00 4.000000000000000000e+00
7.100022470619937565e+01 6.000000000000000000e+00 3.000000000000000000e+00
7.200022470619931880e+01 6.000000000000000000e+00 3.000000000000000000e+00
7.300022470619926196e+01 7.000000000000000000e+00 4.000000000000000000e+00
7.400022470619920512e+01 7.000000000000000000e+00 4.000000000000000000e+00
7.500022470619914827e+01 7.000000000000000000e+00 5.000000000000000000e+00
7.600022470619909143e+01 7.000000000000000000e+00 5.000000000000000000e+00
7.700022470619903459e+01 8.000000000000000000e+00 7.000000000000000000e+00
7.800022470619897774e+01 9.000000000000000000e+00 7.000000000000000000e+00
7.900022470619892090e+01 9.000000000000000000e+00 1.000000000000000000e+01
8.000022470619886406e+01 9.000000000000000000e+00 9.000000000000000000e+00
8.100022470619880721e+01 9.000000000000000000e+00 8.000000000000000000e+00
8.200022470619875037e+01 9.000000000000000000e+00 8.000000000000000000e+00
8.300022470619869353e+01 1.300000000000000000e+01 1.100000000000000000e+01
8.400022470619863668e+01 1.000000000000000000e+01 1.000000000000000000e+01
8.500022470619857984e+01 9.000000000000000000e+00 8.000000000000000000e+00
8.600006385052422786e+01 9.000000000000000000e+00 7.000000000000000000e+00
8.700022470619846615e+01 9.000000000000000000e+00 6.000000000000000000e+00
8.800022470619840931e+01 9.000000000000000000e+00 6.000000000000000000e+00
8.900022470619835246e+01 1.000000000000000000e+01 4.000000000000000000e+00
9.000022470619829562e+01 1.000000000000000000e+01 2.000000000000000000e+00
9.100022470619823878e+01 1.000000000000000000e+01 2.000000000000000000e+00
9.200022470619818193e+01 1.000000000000000000e+01 3.000000000000000000e+00
9.300022470619812509e+01 1.000000000000000000e+01 3.000000000000000000e+00
9.400022470619806825e+01 1.000000000000000000e+01 2.000000000000000000e+00
9.500022470619801140e+01 1.100000000000000000e+01 5.000000000000000000e+00
9.600022470619795456e+01 1.100000000000000000e+01 4.000000000000000000e+00
9.700022470619789772e+01 1.300000000000000000e+01 6.000000000000000000e+00
9.800022470619784087e+01 1.200000000000000000e+01 7.000000000000000000e+00
9.900022470619778403e+01 9.000000000000000000e+00 8.000000000000000000e+00
1.000002247061977272e+02 1.000000000000000000e+01 1.000000000000000000e+01
1.010002247061976703e+02 9.000000000000000000e+00 9.000000000000000000e+00
1.020002247061976135e+02 8.000000000000000000e+00 1.100000000000000000e+01
1.030002247061975567e+02 4.000000000000000000e+00 1.100000000000000000e+01
1.040002247061974998e+02 3.000000000000000000e+00 1.300000000000000000e+01
1.050002247061974430e+02 5.000000000000000000e+00 1.300000000000000000e+01
1.060002247061973861e+02 5.000000000000000000e+00 1.300000000000000000e+01
1.070002247061973293e+02 5.000000000000000000e+00 1.400000000000000000e+01
1.080002247061972724e+02 6.000000000000000000e+00 1.600000000000000000e+01
1.090002247061972156e+02 4.000000000000000000e+00 1.500000000000000000e+01
1.100002247061971588e+02 3.000000000000000000e+00 1.400000000000000000e+01
1.110002247061971019e+02 3.000000000000000000e+00 1.500000000000000000e+01
1.120002247061970451e+02 3.000000000000000000e+00 1.300000000000000000e+01
1.130002247061969882e+02 4.000000000000000000e+00 1.100000000000000000e+01
1.140000357659782964e+02 3.000000000000000000e+00 8.000000000000000000e+00
1.150002247061968745e+02 4.000000000000000000e+00 7.000000000000000000e+00
1.160002247061968177e+02 5.000000000000000000e+00 6.000000000000000000e+00
1.170002247061967608e+02 4.000000000000000000e+00 7.000000000000000000e+00
1.180002247061967040e+02 1.000000000000000000e+00 7.000000000000000000e+00
1.190002247061966472e+02 2.000000000000000000e+00 8.000000000000000000e+00
1.200002247061965903e+02 2.000000000000000000e+00 8.000000000000000000e+00
1.210000600168695257e+02 1.000000000000000000e+00 8.000000000000000000e+00
1.220002247061964766e+02 2.000000000000000000e+00 9.000000000000000000e+00
1.230002247061964198e+02 2.000000000000000000e+00 1.000000000000000000e+01
1.240002247061963629e+02 1.000000000000000000e+00 1.000000000000000000e+01
1.250002247061963061e+02 1.000000000000000000e+00 8.000000000000000000e+00
1.260002247061962493e+02 1.000000000000000000e+00 8.000000000000000000e+00
1.270002247061961924e+02 2.000000000000000000e+00 7.000000000000000000e+00
1.280002247061961498e+02 3.000000000000000000e+00 7.000000000000000000e+00
1.290002247061960929e+02 3.000000000000000000e+00 9.000000000000000000e+00
1.300002247061960361e+02 2.000000000000000000e+00 9.000000000000000000e+00
1.310002247061959793e+02 4.000000000000000000e+00 1.200000000000000000e+01
1.320002247061959224e+02 4.000000000000000000e+00 1.200000000000000000e+01
1.330002247061958656e+02 5.000000000000000000e+00 1.400000000000000000e+01
1.340002247061958087e+02 2.000000000000000000e+00 1.400000000000000000e+01
1.350002247061957519e+02 3.000000000000000000e+00 1.400000000000000000e+01
1.360002247061956950e+02 5.000000000000000000e+00 1.100000000000000000e+01
1.370002247061956382e+02 4.000000000000000000e+00 1.000000000000000000e+01
1.380002247061955813e+02 5.000000000000000000e+00 1.300000000000000000e+01
1.390002247061955245e+02 4.000000000000000000e+00 1.200000000000000000e+01
1.400002247061954677e+02 4.000000000000000000e+00 1.200000000000000000e+01
1.410002247061954108e+02 4.000000000000000000e+00 1.200000000000000000e+01
1.420002247061953540e+02 5.000000000000000000e+00 1.200000000000000000e+01
1.430002247061952971e+02 5.000000000000000000e+00 1.200000000000000000e+01
1.440002247061952403e+02 4.000000000000000000e+00 1.100000000000000000e+01
1.450002247061951834e+02 5.000000000000000000e+00 1.300000000000000000e+01
1.460002247061951266e+02 6.000000000000000000e+00 1.400000000000000000e+01
1.470002247061950698e+02 6.000000000000000000e+00 1.500000000000000000e+01
1.480002247061950129e+02 6.000000000000000000e+00 1.500000000000000000e+01
1.490002247061949561e+02 5.000000000000000000e+00 1.200000000000000000e+01
1.500002247061948992e+02 6.000000000000000000e+00 1.100000000000000000e+01
1.510002247061948424e+02 3.000000000000000000e+00 1.100000000000000000e+01
1.520002247061947855e+02 3.000000000000000000e+00 1.200000000000000000e+01
1.530001968946244233e+02 2.000000000000000000e+00 1.100000000000000000e+01
1.540002247061946719e+02 0.000000000000000000e+00 1.100000000000000000e+01
1.550000493265347075e+02 0.000000000000000000e+00 1.200000000000000000e+01
1.560002247061945582e+02 0.000000000000000000e+00 1.200000000000000000e+01
1.570002247061945013e+02 0.000000000000000000e+00 1.100000000000000000e+01
1.580002247061944445e+02 0.000000000000000000e+00 1.100000000000000000e+01
1.590002247061943876e+02 1.000000000000000000e+00 7.000000000000000000e+00
1.600002247061943308e+02 2.000000000000000000e+00 8.000000000000000000e+00
1.610002247061942739e+02 3.000000000000000000e+00 6.000000000000000000e+00
1.620002247061942171e+02 3.000000000000000000e+00 7.000000000000000000e+00
1.630002247061941603e+02 2.000000000000000000e+00 8.000000000000000000e+00
1.640002247061941034e+02 4.000000000000000000e+00 9.000000000000000000e+00
1.650002247061940466e+02 5.000000000000000000e+00 1.100000000000000000e+01
1.660002247061939897e+02 4.000000000000000000e+00 1.000000000000000000e+01
1.670002247061939329e+02 5.000000000000000000e+00 7.000000000000000000e+00
1.680002247061938760e+02 6.000000000000000000e+00 5.000000000000000000e+00
1.690002247061938192e+02 6.000000000000000000e+00 2.000000000000000000e+00
1.700002247061937624e+02 6.000000000000000000e+00 4.000000000000000000e+00
1.710002247061937055e+02 6.000000000000000000e+00 1.000000000000000000e+00
1.720000497151719685e+02 7.000000000000000000e+00 1.000000000000000000e+00
1.730002247061935918e+02 8.000000000000000000e+00 1.000000000000000000e+00
1.740002247061935350e+02 9.000000000000000000e+00 3.000000000000000000e+00
1.750002247061934781e+02 9.000000000000000000e+00 4.000000000000000000e+00
1.760002247061934213e+02 1.000000000000000000e+01 4.000000000000000000e+00
1.770002247061933645e+02 9.000000000000000000e+00 1.000000000000000000e+00
1.780002247061933076e+02 9.000000000000000000e+00 1.000000000000000000e+00
1.790002247061932508e+02 9.000000000000000000e+00 0.000000000000000000e+00
1.800002247061931939e+02 9.000000000000000000e+00 0.000000000000000000e+00
1.810002247061931371e+02 1.000000000000000000e+01 2.000000000000000000e+00
1.820002247061930802e+02 9.000000000000000000e+00 4.000000000000000000e+00
1.830002247061930234e+02 6.000000000000000000e+00 5.000000000000000000e+00
1.840002247061929666e+02 6.000000000000000000e+00 5.000000000000000000e+00
1.850002247061929097e+02 7.000000000000000000e+00 5.000000000000000000e+00
1.860002247061928529e+02 5.000000000000000000e+00 4.000000000000000000e+00
1.870002247061927960e+02 6.000000000000000000e+00 5.000000000000000000e+00
1.880002247061927392e+02 5.000000000000000000e+00 5.000000000000000000e+00
1.890002247061926823e+02 4.000000000000000000e+00 5.000000000000000000e+00
1.900002247061926255e+02 4.000000000000000000e+00 6.000000000000000000e+00
1.910002247061925686e+02 5.000000000000000000e+00 6.000000000000000000e+00
1.920002247061925118e+02 7.000000000000000000e+00 7.000000000000000000e+00
1.930002247061924550e+02 7.000000000000000000e+00 4.000000000000000000e+00
1.940002247061923981e+02 7.000000000000000000e+00 5.000000000000000000e+00
1.950002247061923413e+02 6.000000000000000000e+00 8.000000000000000000e+00
1.960002247061922844e+02 7.000000000000000000e+00 8.000000000000000000e+00
1.970002247061922276e+02 1.000000000000000000e+01 9.000000000000000000e+00
1.980002247061921707e+02 9.000000000000000000e+00 8.000000000000000000e+00
1.990002247061921139e+02 8.000000000000000000e+00 9.000000000000000000e+00
2.000002247061920571e+02 8.000000000000000000e+00 8.000000000000000000e+00
2.010002247061920002e+02 9.000000000000000000e+00 9.000000000000000000e+00
2.020002247061919434e+02 8.000000000000000000e+00 1.000000000000000000e+01
2.030002247061918865e+02 6.000000000000000000e+00 1.000000000000000000e+01
2.040002247061918297e+02 3.000000000000000000e+00 9.000000000000000000e+00
2.050001389756316144e+02 3.000000000000000000e+00 9.000000000000000000e+00
2.060002247061917160e+02 6.000000000000000000e+00 1.100000000000000000e+01
2.070002247061916592e+02 7.000000000000000000e+00 1.300000000000000000e+01
2.080002247061916023e+02 9.000000000000000000e+00 1.400000000000000000e+01
2.090002247061915455e+02 8.000000000000000000e+00 1.400000000000000000e+01
2.100002247061914886e+02 4.000000000000000000e+00 1.600000000000000000e+01
2.110002247061914318e+02 3.000000000000000000e+00 1.600000000000000000e+01
2.120002247061913749e+02 3.000000000000000000e+00 1.600000000000000000e+01
2.130002247061913181e+02 3.000000000000000000e+00 1.600000000000000000e+01
2.140002247061912612e+02 3.000000000000000000e+00 1.000000000000000000e+01
2.150002247061912044e+02 2.000000000000000000e+00 5.000000000000000000e+00
2.160002247061911476e+02 6.000000000000000000e+00 7.000000000000000000e+00
2.170002247061910907e+02 4.000000000000000000e+00 7.000000000000000000e+00
2.180002247061910339e+02 4.000000000000000000e+00 8.000000000000000000e+00
2.190002247061909770e+02 3.000000000000000000e+00 8.000000000000000000e+00
2.200002247061909202e+02 3.000000000000000000e+00 8.000000000000000000e+00
2.210002247061908633e+02 3.000000000000000000e+00 8.000000000000000000e+00
2.220002247061908065e+02 2.000000000000000000e+00 1.100000000000000000e+01
2.230000974218948215e+02 4.000000000000000000e+00 1.300000000000000000e+01
2.240002247061906928e+02 4.000000000000000000e+00 1.400000000000000000e+01
2.250002247061906360e+02 3.000000000000000000e+00 1.200000000000000000e+01
2.260002247061905791e+02 3.000000000000000000e+00 1.100000000000000000e+01
2.270002247061905223e+02 3.000000000000000000e+00 1.000000000000000000e+01
2.280002247061904654e+02 4.000000000000000000e+00 1.000000000000000000e+01
2.290002247061904086e+02 4.000000000000000000e+00 9.000000000000000000e+00
2.300002247061903518e+02 5.000000000000000000e+00 1.100000000000000000e+01
2.310002247061902949e+02 6.000000000000000000e+00 1.300000000000000000e+01
2.320002247061902381e+02 7.000000000000000000e+00 1.200000000000000000e+01
2.330002247061901812e+02 7.000000000000000000e+00 1.300000000000000000e+01
2.340002247061901244e+02 9.000000000000000000e+00 1.400000000000000000e+01
2.350002247061900675e+02 8.000000000000000000e+00 1.700000000000000000e+01
2.360002247061900107e+02 9.000000000000000000e+00 1.800000000000000000e+01
2.370002247061899538e+02 8.000000000000000000e+00 1.800000000000000000e+01
2.380002247061898970e+02 7.000000000000000000e+00 2.000000000000000000e+01
2.390002247061898402e+02 7.000000000000000000e+00 2.300000000000000000e+01
2.400002247061897833e+02 6.000000000000000000e+00 2.400000000000000000e+01
2.410002247061897265e+02 3.000000000000000000e+00 2.500000000000000000e+01
2.420002247061896696e+02 4.000000000000000000e+00 2.600000000000000000e+01
2.430002247061896128e+02 3.000000000000000000e+00 2.600000000000000000e+01
2.440002247061895559e+02 3.000000000000000000e+00 2.600000000000000000e+01
2.450002247061894991e+02 5.000000000000000000e+00 2.600000000000000000e+01
2.460002247061894423e+02 5.000000000000000000e+00 2.700000000000000000e+01
2.470002247061893854e+02 6.000000000000000000e+00 2.600000000000000000e+01
2.480002247061893286e+02 3.000000000000000000e+00 2.500000000000000000e+01
2.490002247061892717e+02 6.000000000000000000e+00 2.600000000000000000e+01
2.500002247061892149e+02 4.000000000000000000e+00 2.400000000000000000e+01
2.510002247061891580e+02 5.000000000000000000e+00 2.300000000000000000e+01
2.520002247061891012e+02 3.000000000000000000e+00 2.200000000000000000e+01
2.530002247061890444e+02 3.000000000000000000e+00 2.300000000000000000e+01
2.540002247061889875e+02 3.000000000000000000e+00 2.400000000000000000e+01
2.550002247061889307e+02 3.000000000000000000e+00 2.400000000000000000e+01
2.560002247061888738e+02 5.000000000000000000e+00 2.400000000000000000e+01
2.570002247061891012e+02 4.000000000000000000e+00 2.400000000000000000e+01
2.580002247061893286e+02 5.000000000000000000e+00 2.500000000000000000e+01
2.590002247061895559e+02 4.000000000000000000e+00 2.500000000000000000e+01
2.600002247061897833e+02 7.000000000000000000e+00 2.900000000000000000e+01
2.610002247061900107e+02 7.000000000000000000e+00 2.900000000000000000e+01
2.620002247061902381e+02 6.000000000000000000e+00 3.000000000000000000e+01
2.630002247061904654e+02 7.000000000000000000e+00 3.100000000000000000e+01
2.640002247061906928e+02 7.000000000000000000e+00 3.100000000000000000e+01
2.650002247061909202e+02 4.000000000000000000e+00 3.000000000000000000e+01
2.660002247061911476e+02 5.000000000000000000e+00 2.800000000000000000e+01
2.670002247061913749e+02 3.000000000000000000e+00 2.900000000000000000e+01
2.680002247061916023e+02 2.000000000000000000e+00 3.000000000000000000e+01
2.690002247061918297e+02 1.000000000000000000e+00 2.900000000000000000e+01
2.700002247061920571e+02 2.000000000000000000e+00 2.600000000000000000e+01
2.710002247061922844e+02 3.000000000000000000e+00 2.600000000000000000e+01
2.720002247061925118e+02 2.000000000000000000e+00 2.500000000000000000e+01
2.730001671626081929e+02 2.000000000000000000e+00 2.000000000000000000e+01
2.740002247061929666e+02 2.000000000000000000e+00 2.000000000000000000e+01
2.750002247061931939e+02 2.000000000000000000e+00 1.900000000000000000e+01
2.760002247061934213e+02 3.000000000000000000e+00 2.000000000000000000e+01
2.770002247061936487e+02 3.000000000000000000e+00 1.900000000000000000e+01
2.780002247061938760e+02 5.000000000000000000e+00 1.800000000000000000e+01
2.790002247061941034e+02 4.000000000000000000e+00 1.900000000000000000e+01
2.800001467541395641e+02 3.000000000000000000e+00 1.900000000000000000e+01
2.810002247061945582e+02 3.000000000000000000e+00 1.900000000000000000e+01
2.820002247061947855e+02 2.000000000000000000e+00 2.000000000000000000e+01
2.830002247061950129e+02 3.000000000000000000e+00 1.800000000000000000e+01
2.840001054717234297e+02 3.000000000000000000e+00 1.600000000000000000e+01
2.850002247061954677e+02 5.000000000000000000e+00 1.600000000000000000e+01
2.860002247061956950e+02 5.000000000000000000e+00 1.600000000000000000e+01
2.870002247061959224e+02 5.000000000000000000e+00 1.600000000000000000e+01
2.880002247061961498e+02 7.000000000000000000e+00 1.600000000000000000e+01
2.890002247061963772e+02 7.000000000000000000e+00 1.600000000000000000e+01
2.900002247061966045e+02 7.000000000000000000e+00 1.700000000000000000e+01
2.910002247061968319e+02 8.000000000000000000e+00 1.600000000000000000e+01
2.920002247061970593e+02 1.000000000000000000e+01 1.400000000000000000e+01
2.930002247061972867e+02 9.000000000000000000e+00 9.000000000000000000e+00
2.940002247061975140e+02 8.000000000000000000e+00 6.000000000000000000e+00
2.950002247061977414e+02 8.000000000000000000e+00 6.000000000000000000e+00
2.960002247061979688e+02 9.000000000000000000e+00 7.000000000000000000e+00
2.970002247061981961e+02 8.000000000000000000e+00 6.000000000000000000e+00
2.980002247061984235e+02 7.000000000000000000e+00 7.000000000000000000e+00
2.990002247061986509e+02 7.000000000000000000e+00 6.000000000000000000e+00
3.000000901620377363e+02 5.000000000000000000e+00 5.000000000000000000e+00
