0.000000000000000000e+00 0.000000000000000000e+00 0.000000000000000000e+00
1.000309799174575076e+00 0.000000000000000000e+00 0.000000000000000000e+00
2.000309799174575964e+00 1.000000000000000000e+00 1.000000000000000000e+00
3.000309799174576852e+00 1.000000000000000000e+00 1.000000000000000000e+00
4.000309799174577741e+00 1.000000000000000000e+00 1.000000000000000000e+00
5.000309799174574188e+00 2.000000000000000000e+00 2.000000000000000000e+00
6.000075906471124654e+00 3.000000000000000000e+00 3.000000000000000000e+00
7.000309799174567083e+00 2.000000000000000000e+00 2.000000000000000000e+00
8.000309799174564418e+00 5.000000000000000000e+00 5.000000000000000000e+00
9.000309799174560865e+00 5.000000000000000000e+00 5.000000000000000000e+00
1.000030979917455731e+01 4.000000000000000000e+00 4.000000000000000000e+00
1.100030979917455376e+01 4.000000000000000000e+00 4.000000000000000000e+00
1.200030979917455021e+01 3.000000000000000000e+00 3.000000000000000000e+00
1.300030979917454665e+01 0.000000000000000000e+00 0.000000000000000000e+00
1.400030979917454310e+01 0.000000000000000000e+00 0.000000000000000000e+00
1.500030979917453955e+01 0.000000000000000000e+00 0.000000000000000000e+00
1.600030979917453777e+01 0.000000000000000000e+00 0.000000000000000000e+00
1.700030979917455198e+01 0.000000000000000000e+00 0.000000000000000000e+00
1.800030979917456619e+01 2.000000000000000000e+00 2.000000000000000000e+00
1.900030979917458041e+01 1.000000000000000000e+00 1.000000000000000000e+00
2.000030979917459462e+01 3.000000000000000000e+00 3.000000000000000000e+00
2.100030979917460883e+01 3.000000000000000000e+00 3.000000000000000000e+00
2.200020613324956287e+01 2.000000000000000000e+00 3.000000000000000000e+00
2.300030979917463725e+01 3.000000000000000000e+00 3.000000000000000000e+00
2.400030979917465146e+01 3.000000000000000000e+00 2.000000000000000000e+00
2.500030979917466567e+01 3.000000000000000000e+00 4.000000000000000000e+00
2.600030979917467988e+01 5.000000000000000000e+00 5.000000000000000000e+00
2.700030979917469409e+01 2.000000000000000000e+00 6.000000000000000000e+00
2.800030979917470830e+01 1.000000000000000000e+00 5.000000000000000000e+00
2.900030979917472251e+01 1.000000000000000000e+00 3.000000000000000000e+00
3.000030979917473672e+01 3.000000000000000000e+00 3.000000000000000000e+00
3.100030979917475094e+01 1.000000000000000000e+00 3.000000000000000000e+00
3.200030979917476515e+01 0.000000000000000000e+00 3.000000000000000000e+00
3.300007888347334983e+01 0.000000000000000000e+00 2.000000000000000000e+00
3.400030979917479357e+01 1.000000000000000000e+00 1.000000000000000000e+00
3.500030979917480778e+01 0.000000000000000000e+00 0.000000000000000000e+00
3.600030979917482199e+01 1.000000000000000000e+00 1.000000000000000000e+00
3.700030979917483620e+01 0.000000000000000000e+00 0.000000000000000000e+00
3.800030979917485041e+01 0.000000000000000000e+00 0.000000000000000000e+00
3.900030979917486462e+01 4.000000000000000000e+00 4.000000000000000000e+00
4.000030979917487883e+01 3.000000000000000000e+00 2.000000000000000000e+00
4.100025496871970176e+01 1.000000000000000000e+00 1.000000000000000000e+00
4.200030979917490725e+01 1.000000000000000000e+00 2.000000000000000000e+00
4.300030979917492147e+01 1.000000000000000000e+00 2.000000000000000000e+00
4.400030979917493568e+01 2.000000000000000000e+00 2.000000000000000000e+00
4.500030979917494989e+01 2.000000000000000000e+00 2.000000000000000000e+00
4.600030979917496410e+01 5.000000000000000000e+00 3.000000000000000000e+00
4.700030979917497831e+01 5.000000000000000000e+00 3.000000000000000000e+00
4.800030979917499252e+01 5.000000000000000000e+00 3.000000000000000000e+00
4.900030979917500673e+01 6.000000000000000000e+00 4.000000000000000000e+00
5.000030979917502094e+01 6.000000000000000000e+00 5.000000000000000000e+00
5.100030979917503515e+01 6.000000000000000000e+00 5.000000000000000000e+00
5.200030979917504936e+01 6.000000000000000000e+00 5.000000000000000000e+00
5.300030979917506357e+01 6.000000000000000000e+00 4.000000000000000000e+00
5.400030979917507779e+01 7.000000000000000000e+00 5.000000000000000000e+00
5.500030979917509200e+01 8.000000000000000000e+00 6.000000000000000000e+00
5.600030979917510621e+01 9.000000000000000000e+00 6.000000000000000000e+00
5.700030979917512042e+01 9.000000000000000000e+00 6.000000000000000000e+00
5.800030979917513463e+01 1.000000000000000000e+01 5.000000000000000000e+00
5.900030979917514884e+01 1.000000000000000000e+01 7.000000000000000000e+00
6.000002469738927147e+01 1.000000000000000000e+01 7.000000000000000000e+00
6.100030979917517726e+01 1.000000000000000000e+01 8.000000000000000000e+00
6.200030979917519147e+01 8.000000000000000000e+00 9.000000000000000000e+00
6.300030979917520568e+01 8.000000000000000000e+00 1.000000000000000000e+01
6.400030979917521279e+01 5.000000000000000000e+00 1.000000000000000000e+01
6.500030979917515594e+01 2.000000000000000000e+00 8.000000000000000000e+00
6.600030979917509910e+01 2.000000000000000000e+00 8.000000000000000000e+00
6.700030979917504226e+01 2.000000000000000000e+00 7.000000000000000000e+00
6.800030979917498541e+01 2.000000000000000000e+00 5.000000000000000000e+00
6.900030979917492857e+01 2.000000000000000000e+00 3.000000000000000000e+00
7.000030979917487173e+01 3.000000000000000000e+00 3.000000000000000000e+00
7.100030979917481488e+01 3.000000000000000000e+00 2.000000000000000000e+00
7.200030979917475804e+01 4.000000000000000000e+00 3.000000000000000000e+00
7.300030979917470120e+01 5.000000000000000000e+00 2.000000000000000000e+00
7.400030979917464435e+01 6.000000000000000000e+00 2.000000000000000000e+00
7.500030979917458751e+01 9.000000000000000000e+00 1.000000000000000000e+00
7.600030979917453067e+01 9.000000000000000000e+00 1.000000000000000000e+00
7.700030979917447382e+01 9.000000000000000000e+00 2.000000000000000000e+00
7.800030979917441698e+01 9.000000000000000000e+00 2.000000000000000000e+00
7.900030979917436014e+01 1.000000000000000000e+01 2.000000000000000000e+00
8.000016331031581274e+01 1.000000000000000000e+01 2.000000000000000000e+00
8.100030979917424645e+01 1.200000000000000000e+01 4.000000000000000000e+00
8.200030979917418961e+01 1.200000000000000000e+01 4.000000000000000000e+00
8.300030979917413276e+01 1.200000000000000000e+01 4.000000000000000000e+00
8.400030979917407592e+01 1.200000000000000000e+01 4.000000000000000000e+00
8.500030979917401908e+01 1.100000000000000000e+01 5.000000000000000000e+00
8.600030979917396223e+01 1.200000000000000000e+01 5.000000000000000000e+00
8.700030979917390539e+01 1.400000000000000000e+01 7.000000000000000000e+00
8.800030979917384855e+01 9.000000000000000000e+00 8.000000000000000000e+00
8.900030979917379170e+01 1.000000000000000000e+01 1.000000000000000000e+01
9.000030979917373486e+01 9.000000000000000000e+00 1.000000000000000000e+01
9.100030979917367802e+01 1.000000000000000000e+01 9.000000000000000000e+00
9.200030979917362117e+01 1.100000000000000000e+01 7.000000000000000000e+00
9.300030979917356433e+01 1.100000000000000000e+01 7.000000000000000000e+00
9.400030979917350749e+01 1.100000000000000000e+01 9.000000000000000000e+00
9.500030979917345064e+01 1.300000000000000000e+01 1.000000000000000000e+01
9.600030979917339380e+01 1.300000000000000000e+01 9.000000000000000000e+00
9.700030979917333696e+01 1.400000000000000000e+01 1.000000000000000000e+01
9.800030979917328011e+01 1.500000000000000000e+01 9.000000000000000000e+00
9.900030979917322327e+01 1.500000000000000000e+01 9.000000000000000000e+00
1.000003097991731664e+02 1.500000000000000000e+01 1.100000000000000000e+01
1.010002780180701052e+02 1.600000000000000000e+01 1.100000000000000000e+01
1.020003097991730527e+02 1.700000000000000000e+01 1.100000000000000000e+01
1.030003097991729959e+02 1.800000000000000000e+01 1.000000000000000000e+01
1.040003097991729391e+02 1.800000000000000000e+01 8.000000000000000000e+00
1.050003097991728822e+02 1.700000000000000000e+01 6.000000000000000000e+00
1.060003097991728254e+02 1.800000000000000000e+01 7.000000000000000000e+00
1.070003097991727685e+02 1.900000000000000000e+01 6.000000000000000000e+00
1.080003097991727117e+02 2.000000000000000000e+01 6.000000000000000000e+00
1.090003097991726548e+02 2.100000000000000000e+01 6.000000000000000000e+00
1.100003097991725980e+02 2.200000000000000000e+01 8.000000000000000000e+00
1.110003097991725411e+02 2.200000000000000000e+01 6.000000000000000000e+00
1.120003097991724843e+02 2.300000000000000000e+01 8.000000000000000000e+00
1.130003097991724275e+02 2.300000000000000000e+01 8.000000000000000000e+00
1.140003097991723706e+02 2.400000000000000000e+01 9.000000000000000000e+00
1.150003097991723138e+02 2.400000000000000000e+01 9.000000000000000000e+00
1.160003097991722569e+02 2.500000000000000000e+01 1.200000000000000000e+01
1.170003097991722001e+02 2.600000000000000000e+01 1.100000000000000000e+01
1.180003097991721432e+02 2.500000000000000000e+01 1.100000000000000000e+01
1.190003097991720864e+02 2.400000000000000000e+01 1.100000000000000000e+01
1.200003097991720296e+02 2.300000000000000000e+01 1.200000000000000000e+01
1.210003097991719727e+02 2.300000000000000000e+01 1.200000000000000000e+01
1.220003097991719159e+02 2.200000000000000000e+01 1.200000000000000000e+01
1.230001987997597155e+02 2.200000000000000000e+01 1.300000000000000000e+01
1.240003097991718022e+02 2.100000000000000000e+01 1.500000000000000000e+01
1.250003097991717453e+02 1.900000000000000000e+01 1.600000000000000000e+01
1.260003097991716885e+02 1.800000000000000000e+01 1.700000000000000000e+01
1.270003097991716317e+02 1.900000000000000000e+01 1.800000000000000000e+01
1.280003097991715890e+02 1.800000000000000000e+01 1.700000000000000000e+01
1.290003097991715322e+02 1.900000000000000000e+01 1.600000000000000000e+01
1.300003097991714753e+02 1.800000000000000000e+01 1.700000000000000000e+01
1.310003097991714185e+02 1.700000000000000000e+01 1.700000000000000000e+01
1.320001920090218448e+02 1.700000000000000000e+01 1.700000000000000000e+01
1.330003097991713048e+02 1.700000000000000000e+01 1.700000000000000000e+01
1.340003097991712480e+02 1.700000000000000000e+01 1.700000000000000000e+01
1.350003097991711911e+02 1.600000000000000000e+01 1.700000000000000000e+01
1.360003097991711343e+02 1.600000000000000000e+01 1.600000000000000000e+01
1.370003097991710774e+02 1.700000000000000000e+01 1.700000000000000000e+01
1.380003097991710206e+02 1.800000000000000000e+01 1.700000000000000000e+01
1.390003097991709637e+02 1.800000000000000000e+01 1.400000000000000000e+01
1.400003097991709069e+02 1.800000000000000000e+01 1.000000000000000000e+01
1.410003097991708501e+02 1.900000000000000000e+01 1.000000000000000000e+01
1.420003097991707932e+02 1.900000000000000000e+01 1.200000000000000000e+01
1.430003097991707364e+02 1.500000000000000000e+01 1.200000000000000000e+01
1.440002195743889502e+02 1.600000000000000000e+01 1.400000000000000000e+01
1.450003097991706227e+02 1.300000000000000000e+01 1.400000000000000000e+01
1.460002234505638512e+02 1.400000000000000000e+01 1.300000000000000000e+01
1.470003097991705090e+02 1.700000000000000000e+01 1.400000000000000000e+01
1.480003097991704522e+02 1.500000000000000000e+01 1.200000000000000000e+01
1.490003097991703953e+02 1.400000000000000000e+01 1.300000000000000000e+01
1.500003097991703385e+02 1.500000000000000000e+01 1.100000000000000000e+01
1.510003097991702816e+02 1.500000000000000000e+01 1.000000000000000000e+01
1.520003097991702248e+02 1.700000000000000000e+01 8.000000000000000000e+00
1.530003097991701679e+02 1.600000000000000000e+01 8.000000000000000000e+00
1.540003097991701111e+02 1.600000000000000000e+01 8.000000000000000000e+00
1.550003097991700542e+02 1.600000000000000000e+01 7.000000000000000000e+00
1.560003097991699974e+02 1.700000000000000000e+01 9.000000000000000000e+00
1.570003097991699406e+02 1.700000000000000000e+01 9.000000000000000000e+00
1.580003097991698837e+02 1.700000000000000000e+01 1.000000000000000000e+01
1.590003097991698269e+02 1.700000000000000000e+01 1.000000000000000000e+01
1.600003097991697700e+02 1.600000000000000000e+01 8.000000000000000000e+00
1.610003097991697132e+02 1.700000000000000000e+01 8.000000000000000000e+00
1.620003097991696563e+02 1.800000000000000000e+01 9.000000000000000000e+00
1.630003097991695995e+02 1.800000000000000000e+01 9.000000000000000000e+00
1.640003097991695427e+02 1.800000000000000000e+01 1.000000000000000000e+01
1.650003097991694858e+02 1.700000000000000000e+01 1.200000000000000000e+01
1.660003097991694290e+02 1.600000000000000000e+01 1.300000000000000000e+01
1.670002471795692429e+02 1.600000000000000000e+01 1.400000000000000000e+01
1.680003097991693153e+02 1.600000000000000000e+01 1.100000000000000000e+01
1.690003097991692584e+02 1.700000000000000000e+01 1.000000000000000000e+01
1.700003097991692016e+02 1.600000000000000000e+01 1.000000000000000000e+01
1.710003097991691448e+02 1.900000000000000000e+01 1.000000000000000000e+01
1.720003097991690879e+02 1.800000000000000000e+01 9.000000000000000000e+00
1.730003097991690311e+02 1.900000000000000000e+01 9.000000000000000000e+00
1.740003097991689742e+02 1.900000000000000000e+01 1.100000000000000000e+01
1.750003097991689174e+02 1.900000000000000000e+01 9.000000000000000000e+00
1.760003097991688605e+02 2.200000000000000000e+01 1.000000000000000000e+01
1.770003097991688037e+02 2.100000000000000000e+01 1.100000000000000000e+01
1.780003097991687468e+02 2.000000000000000000e+01 9.000000000000000000e+00
1.790003097991686900e+02 2.000000000000000000e+01 8.000000000000000000e+00
1.800003097991686332e+02 1.900000000000000000e+01 9.000000000000000000e+00
1.810003097991685763e+02 1.800000000000000000e+01 9.000000000000000000e+00
1.820001134604602839e+02 1.600000000000000000e+01 7.000000000000000000e+00
1.830003097991684626e+02 1.500000000000000000e+01 9.000000000000000000e+00
1.840003097991684058e+02 1.500000000000000000e+01 8.000000000000000000e+00
1.850003097991683489e+02 1.600000000000000000e+01 6.000000000000000000e+00
1.860003097991682921e+02 1.400000000000000000e+01 7.000000000000000000e+00
1.870003097991682353e+02 1.300000000000000000e+01 7.000000000000000000e+00
1.880003097991681784e+02 1.600000000000000000e+01 7.000000000000000000e+00
1.890003097991681216e+02 1.600000000000000000e+01 7.000000000000000000e+00
1.900003097991680647e+02 1.600000000000000000e+01 7.000000000000000000e+00
1.910003097991680079e+02 1.600000000000000000e+01 7.000000000000000000e+00
1.920003097991679510e+02 1.800000000000000000e+01 7.000000000000000000e+00
1.930003097991678942e+02 1.800000000000000000e+01 7.000000000000000000e+00
1.940003097991678374e+02 1.800000000000000000e+01 7.000000000000000000e+00
1.950003097991677805e+02 1.900000000000000000e+01 8.000000000000000000e+00
1.960003097991677237e+02 2.000000000000000000e+01 6.000000000000000000e+00
1.970003097991676668e+02 1.300000000000000000e+01 6.000000000000000000e+00
1.980003097991676100e+02 9.000000000000000000e+00 6.000000000000000000e+00
1.990003097991675531e+02 9.000000000000000000e+00 6.000000000000000000e+00
2.000001720724286542e+02 1.100000000000000000e+01 5.000000000000000000e+00
2.010003097991674395e+02 1.300000000000000000e+01 5.000000000000000000e+00
2.020003097991673826e+02 1.300000000000000000e+01 7.000000000000000000e+00
2.030003097991673258e+02 1.400000000000000000e+01 7.000000000000000000e+00
2.040003097991672689e+02 1.700000000000000000e+01 6.000000000000000000e+00
2.050003097991672121e+02 1.800000000000000000e+01 7.000000000000000000e+00
2.060003097991671552e+02 1.900000000000000000e+01 6.000000000000000000e+00
2.070002773237476106e+02 2.200000000000000000e+01 9.000000000000000000e+00
2.080003097991670415e+02 2.200000000000000000e+01 1.000000000000000000e+01
2.090003097991669847e+02 2.400000000000000000e+01 1.000000000000000000e+01
2.100003097991669279e+02 2.400000000000000000e+01 1.000000000000000000e+01
2.110003097991668710e+02 2.300000000000000000e+01 1.000000000000000000e+01
2.120003097991668142e+02 2.200000000000000000e+01 1.000000000000000000e+01
2.130003097991667573e+02 2.100000000000000000e+01 7.000000000000000000e+00
2.140003097991667005e+02 2.000000000000000000e+01 8.000000000000000000e+00
2.150003097991666436e+02 1.900000000000000000e+01 1.000000000000000000e+01
2.160003097991665868e+02 1.800000000000000000e+01 1.100000000000000000e+01
2.170003097991665300e+02 1.900000000000000000e+01 1.100000000000000000e+01
2.180003097991664731e+02 1.900000000000000000e+01 1.100000000000000000e+01
2.190003097991664163e+02 2.100000000000000000e+01 1.300000000000000000e+01
2.200003097991663594e+02 2.200000000000000000e+01 1.300000000000000000e+01
2.210003097991663026e+02 2.200000000000000000e+01 1.400000000000000000e+01
2.220003097991662457e+02 2.200000000000000000e+01 1.400000000000000000e+01
2.230003097991661889e+02 2.200000000000000000e+01 1.500000000000000000e+01
2.240003097991661321e+02 2.200000000000000000e+01 1.500000000000000000e+01
2.250003097991660752e+02 2.300000000000000000e+01 1.500000000000000000e+01
2.260003097991660184e+02 2.300000000000000000e+01 1.500000000000000000e+01
2.270003097991659615e+02 2.400000000000000000e+01 1.500000000000000000e+01
2.280003097991659047e+02 2.500000000000000000e+01 1.700000000000000000e+01
2.290003097991658478e+02 2.500000000000000000e+01 1.700000000000000000e+01
2.300003097991657910e+02 2.600000000000000000e+01 1.700000000000000000e+01
2.310000498604375707e+02 2.700000000000000000e+01 1.700000000000000000e+01
2.320003097991656773e+02 2.800000000000000000e+01 1.700000000000000000e+01
2.330003097991656205e+02 2.500000000000000000e+01 1.700000000000000000e+01
2.340003097991655636e+02 2.500000000000000000e+01 1.600000000000000000e+01
2.350003097991655068e+02 2.500000000000000000e+01 1.600000000000000000e+01
2.360003097991654499e+02 2.400000000000000000e+01 1.700000000000000000e+01
2.370003097991653931e+02 2.200000000000000000e+01 1.700000000000000000e+01
2.380003097991653362e+02 2.000000000000000000e+01 1.700000000000000000e+01
2.390003097991652794e+02 2.000000000000000000e+01 1.700000000000000000e+01
2.400003097991652226e+02 2.000000000000000000e+01 1.700000000000000000e+01
2.410003097991651657e+02 2.200000000000000000e+01 1.500000000000000000e+01
2.420003097991651089e+02 2.100000000000000000e+01 1.600000000000000000e+01
2.430003097991650520e+02 2.100000000000000000e+01 1.500000000000000000e+01
2.440003097991649952e+02 2.100000000000000000e+01 1.400000000000000000e+01
2.450003097991649383e+02 2.100000000000000000e+01 1.400000000000000000e+01
2.460003097991648815e+02 2.200000000000000000e+01 1.500000000000000000e+01
2.470003097991648247e+02 2.100000000000000000e+01 1.600000000000000000e+01
2.480003097991647678e+02 2.400000000000000000e+01 1.700000000000000000e+01
2.490003097991647110e+02 2.300000000000000000e+01 1.700000000000000000e+01
2.500003097991646541e+02 2.300000000000000000e+01 1.700000000000000000e+01
2.510003097991645973e+02 2.300000000000000000e+01 1.700000000000000000e+01
2.520003097991645404e+02 2.500000000000000000e+01 1.700000000000000000e+01
2.530003097991644836e+02 2.600000000000000000e+01 1.700000000000000000e+01
2.540001697990456080e+02 2.400000000000000000e+01 1.600000000000000000e+01
2.550003097991643699e+02 2.000000000000000000e+01 1.600000000000000000e+01
2.560003097991643131e+02 1.800000000000000000e+01 1.400000000000000000e+01
2.570003097991645404e+02 2.000000000000000000e+01 1.200000000000000000e+01
2.580003097991647678e+02 2.100000000000000000e+01 1.400000000000000000e+01
2.590000832239674082e+02 2.300000000000000000e+01 1.200000000000000000e+01
2.600003097991652226e+02 2.200000000000000000e+01 1.200000000000000000e+01
2.610003097991654499e+02 2.100000000000000000e+01 8.000000000000000000e+00
2.620001667227995199e+02 2.000000000000000000e+01 5.000000000000000000e+00
2.630003097991659047e+02 1.900000000000000000e+01 4.000000000000000000e+00
2.640003097991661321e+02 1.900000000000000000e+01 3.000000000000000000e+00
2.650003097991663594e+02 2.100000000000000000e+01 5.000000000000000000e+00
2.660003097991665868e+02 1.600000000000000000e+01 7.000000000000000000e+00
2.670003097991668142e+02 6.000000000000000000e+00 7.000000000000000000e+00
2.680003097991670415e+02 4.000000000000000000e+00 5.000000000000000000e+00
2.690003097991672689e+02 5.000000000000000000e+00 4.000000000000000000e+00
2.700003097991674963e+02 7.000000000000000000e+00 4.000000000000000000e+00
2.710003097991677237e+02 6.000000000000000000e+00 4.000000000000000000e+00
2.720003097991679510e+02 7.000000000000000000e+00 4.000000000000000000e+00
2.730003097991681784e+02 8.000000000000000000e+00 6.000000000000000000e+00
2.740003097991684058e+02 8.000000000000000000e+00 6.000000000000000000e+00
2.750003097991686332e+02 8.000000000000000000e+00 7.000000000000000000e+00
2.760003097991688605e+02 9.000000000000000000e+00 6.000000000000000000e+00
2.770003097991690879e+02 1.000000000000000000e+01 6.000000000000000000e+00
2.780003097991693153e+02 1.000000000000000000e+01 4.000000000000000000e+00
2.790000100449569800e+02 1.000000000000000000e+01 6.000000000000000000e+00
2.800003097991697700e+02 1.100000000000000000e+01 9.000000000000000000e+00
2.810003097991699974e+02 1.100000000000000000e+01 7.000000000000000000e+00
2.820003097991702248e+02 1.100000000000000000e+01 7.000000000000000000e+00
2.830003097991704522e+02 8.000000000000000000e+00 8.000000000000000000e+00
2.840003097991706795e+02 8.000000000000000000e+00 1.000000000000000000e+01
2.850003097991709069e+02 7.000000000000000000e+00 1.100000000000000000e+01
2.860003097991711343e+02 5.000000000000000000e+00 1.000000000000000000e+01
2.870003097991713616e+02 6.000000000000000000e+00 1.000000000000000000e+01
2.880003097991715890e+02 7.000000000000000000e+00 1.000000000000000000e+01
2.890003097991718164e+02 5.000000000000000000e+00 1.100000000000000000e+01
2.900003097991720438e+02 5.000000000000000000e+00 1.000000000000000000e+01
2.910003097991722711e+02 5.000000000000000000e+00 1.100000000000000000e+01
2.920003097991724985e+02 4.000000000000000000e+00 1.100000000000000000e+01
2.930003097991727259e+02 4.000000000000000000e+00 1.000000000000000000e+01
2.940003097991729533e+02 4.000000000000000000e+00 1.000000000000000000e+01
2.950003097991731806e+02 5.000000000000000000e+00 1.000000000000000000e+01
2.960003097991734080e+02 6.000000000000000000e+00 1.000000000000000000e+01
2.970003097991736354e+02 5.000000000000000000e+00 1.000000000000000000e+01
2.980003097991738628e+02 6.000000000000000000e+00 1.000000000000000000e+01
2.990003097991740901e+02 6.000000000000000000e+00 1.000000000000000000e+01
3.000003097991743175e+02 5.000000000000000000e+00 1.300000000000000000e+01
