0.000000000000000000e+00 0.000000000000000000e+00 0.000000000000000000e+00
1.000539573945160576e+00 0.000000000000000000e+00 0.000000000000000000e+00
2.000539573945161465e+00 0.000000000000000000e+00 0.000000000000000000e+00
3.000539573945162353e+00 0.000000000000000000e+00 0.000000000000000000e+00
4.000539573945163241e+00 0.000000000000000000e+00 0.000000000000000000e+00
5.000539573945159688e+00 1.000000000000000000e+00 1.000000000000000000e+00
6.000539573945156135e+00 2.000000000000000000e+00 2.000000000000000000e+00
7.000539573945152583e+00 2.000000000000000000e+00 2.000000000000000000e+00
8.000145089474560933e+00 3.000000000000000000e+00 3.000000000000000000e+00
9.000411526793843819e+00 3.000000000000000000e+00 3.000000000000000000e+00
1.000053957394514192e+01 3.000000000000000000e+00 3.000000000000000000e+00
1.100053957394513837e+01 3.000000000000000000e+00 3.000000000000000000e+00
1.200053957394513482e+01 3.000000000000000000e+00 3.000000000000000000e+00
1.300053957394513127e+01 5.000000000000000000e+00 5.000000000000000000e+00
1.400053957394512771e+01 7.000000000000000000e+00 7.000000000000000000e+00
1.500053957394512416e+01 8.000000000000000000e+00 8.000000000000000000e+00
1.600053957394512238e+01 7.000000000000000000e+00 7.000000000000000000e+00
1.700053957394513660e+01 9.000000000000000000e+00 9.000000000000000000e+00
1.800053957394515081e+01 9.000000000000000000e+00 8.000000000000000000e+00
1.900053957394516502e+01 9.000000000000000000e+00 8.000000000000000000e+00
2.000028366539060443e+01 9.000000000000000000e+00 8.000000000000000000e+00
2.100053957394519344e+01 1.000000000000000000e+01 9.000000000000000000e+00
2.200053957394520765e+01 1.000000000000000000e+01 9.000000000000000000e+00
2.300053957394522186e+01 1.100000000000000000e+01 1.000000000000000000e+01
2.400053957394523607e+01 1.000000000000000000e+01 9.000000000000000000e+00
2.500053957394525028e+01 9.000000000000000000e+00 8.000000000000000000e+00
2.600053957394526449e+01 8.000000000000000000e+00 6.000000000000000000e+00
2.700053957394527870e+01 6.000000000000000000e+00 4.000000000000000000e+00
2.800053957394529291e+01 7.000000000000000000e+00 5.000000000000000000e+00
2.900053957394530713e+01 8.000000000000000000e+00 6.000000000000000000e+00
3.000053957394532134e+01 8.000000000000000000e+00 5.000000000000000000e+00
3.100053957394533555e+01 8.000000000000000000e+00 5.000000000000000000e+00
3.200053957394534621e+01 1.000000000000000000e+01 7.000000000000000000e+00
3.300053957394536042e+01 1.000000000000000000e+01 7.000000000000000000e+00
3.400053957394537463e+01 1.000000000000000000e+01 8.000000000000000000e+00
3.500053957394538884e+01 1.000000000000000000e+01 7.000000000000000000e+00
3.600053957394540305e+01 1.000000000000000000e+01 7.000000000000000000e+00
3.700053957394541726e+01 1.400000000000000000e+01 1.000000000000000000e+01
3.800053957394543147e+01 1.500000000000000000e+01 9.000000000000000000e+00
3.900053957394544568e+01 1.700000000000000000e+01 1.000000000000000000e+01
4.000053957394545989e+01 1.700000000000000000e+01 9.000000000000000000e+00
4.100053957394547410e+01 1.900000000000000000e+01 9.000000000000000000e+00
4.200053957394548831e+01 2.100000000000000000e+01 9.000000000000000000e+00
4.300053957394550253e+01 2.100000000000000000e+01 8.000000000000000000e+00
4.400053957394551674e+01 1.900000000000000000e+01 8.000000000000000000e+00
4.500053957394553095e+01 1.800000000000000000e+01 8.000000000000000000e+00
4.600035005347161388e+01 1.600000000000000000e+01 7.000000000000000000e+00
4.700053957394555937e+01 1.400000000000000000e+01 9.000000000000000000e+00
4.800042554877192913e+01 1.300000000000000000e+01 6.000000000000000000e+00
4.900053957394558779e+01 1.200000000000000000e+01 6.000000000000000000e+00
5.000053957394560200e+01 1.100000000000000000e+01 6.000000000000000000e+00
5.100053957394561621e+01 1.100000000000000000e+01 7.000000000000000000e+00
5.200053957394563042e+01 1.200000000000000000e+01 7.000000000000000000e+00
5.300053957394564463e+01 1.200000000000000000e+01 7.000000000000000000e+00
5.400053957394565884e+01 1.300000000000000000e+01 8.000000000000000000e+00
5.500053957394567306e+01 1.300000000000000000e+01 7.000000000000000000e+00
5.600053957394568727e+01 1.500000000000000000e+01 7.000000000000000000e+00
5.700031216543903412e+01 1.400000000000000000e+01 6.000000000000000000e+00
5.800020046465576229e+01 1.300000000000000000e+01 6.000000000000000000e+00
5.900036841703632007e+01 1.200000000000000000e+01 6.000000000000000000e+00
6.000027708707321494e+01 1.300000000000000000e+01 9.000000000000000000e+00
6.100053957394575832e+01 1.300000000000000000e+01 1.000000000000000000e+01
6.200053957394577253e+01 1.500000000000000000e+01 1.200000000000000000e+01
6.300007415402954791e+01 1.400000000000000000e+01 1.100000000000000000e+01
6.400053957394580095e+01 1.300000000000000000e+01 1.100000000000000000e+01
6.500006573629417517e+01 1.300000000000000000e+01 1.100000000000000000e+01
6.600053957394568727e+01 1.500000000000000000e+01 1.100000000000000000e+01
6.700053957394563042e+01 1.500000000000000000e+01 1.200000000000000000e+01
6.800026020603505117e+01 1.500000000000000000e+01 1.200000000000000000e+01
6.900006939273453099e+01 1.400000000000000000e+01 1.200000000000000000e+01
7.000023550666502103e+01 1.400000000000000000e+01 1.400000000000000000e+01
7.100053957394540305e+01 1.500000000000000000e+01 1.300000000000000000e+01
7.200053957394534621e+01 1.500000000000000000e+01 1.400000000000000000e+01
7.300053957394528936e+01 1.600000000000000000e+01 1.400000000000000000e+01
7.400053957394523252e+01 1.400000000000000000e+01 1.400000000000000000e+01
7.500053957394517568e+01 1.100000000000000000e+01 1.400000000000000000e+01
7.600053957394511883e+01 9.000000000000000000e+00 1.400000000000000000e+01
7.700053957394506199e+01 1.100000000000000000e+01 1.600000000000000000e+01
7.800034897414147395e+01 9.000000000000000000e+00 1.500000000000000000e+01
7.900053957394494830e+01 1.000000000000000000e+01 1.600000000000000000e+01
8.000053957394489146e+01 1.200000000000000000e+01 1.800000000000000000e+01
8.100053957394483461e+01 1.100000000000000000e+01 1.700000000000000000e+01
8.200053957394477777e+01 1.400000000000000000e+01 2.000000000000000000e+01
8.300053957394472093e+01 1.400000000000000000e+01 2.100000000000000000e+01
8.400053957394466408e+01 1.200000000000000000e+01 2.100000000000000000e+01
8.500053957394460724e+01 1.200000000000000000e+01 1.600000000000000000e+01
8.600053957394455040e+01 1.300000000000000000e+01 1.700000000000000000e+01
8.700053957394449355e+01 1.300000000000000000e+01 1.600000000000000000e+01
8.800037980323382669e+01 1.500000000000000000e+01 1.700000000000000000e+01
8.900053957394437987e+01 1.500000000000000000e+01 1.700000000000000000e+01
9.000053957394432302e+01 1.600000000000000000e+01 1.800000000000000000e+01
9.100053957394426618e+01 1.500000000000000000e+01 1.800000000000000000e+01
9.200053957394420934e+01 1.200000000000000000e+01 1.800000000000000000e+01
9.300053957394415249e+01 7.000000000000000000e+00 1.800000000000000000e+01
9.400053957394409565e+01 5.000000000000000000e+00 1.800000000000000000e+01
9.500053957394403881e+01 4.000000000000000000e+00 1.700000000000000000e+01
9.600053957394398196e+01 5.000000000000000000e+00 1.600000000000000000e+01
9.700035069068898963e+01 5.000000000000000000e+00 1.700000000000000000e+01
9.800053957394386828e+01 7.000000000000000000e+00 1.200000000000000000e+01
9.900053957394381143e+01 5.000000000000000000e+00 7.000000000000000000e+00
1.000005395739437546e+02 5.000000000000000000e+00 5.000000000000000000e+00
1.010005395739436977e+02 5.000000000000000000e+00 5.000000000000000000e+00
1.020005395739436409e+02 7.000000000000000000e+00 9.000000000000000000e+00
1.030005395739435841e+02 8.000000000000000000e+00 1.100000000000000000e+01
1.040002171088275986e+02 6.000000000000000000e+00 9.000000000000000000e+00
1.050005395739434704e+02 6.000000000000000000e+00 9.000000000000000000e+00
1.060005395739434135e+02 7.000000000000000000e+00 9.000000000000000000e+00
1.070005395739433567e+02 7.000000000000000000e+00 9.000000000000000000e+00
1.080004736331104596e+02 8.000000000000000000e+00 1.000000000000000000e+01
1.090005395739432430e+02 1.100000000000000000e+01 1.100000000000000000e+01
1.100005395739431862e+02 1.300000000000000000e+01 1.300000000000000000e+01
1.110005395739431293e+02 1.300000000000000000e+01 1.300000000000000000e+01
1.120005395739430725e+02 1.500000000000000000e+01 1.300000000000000000e+01
1.130005395739430156e+02 1.500000000000000000e+01 1.100000000000000000e+01
1.140005395739429588e+02 1.400000000000000000e+01 1.000000000000000000e+01
1.150005395739429019e+02 1.400000000000000000e+01 1.000000000000000000e+01
1.160005395739428451e+02 1.400000000000000000e+01 7.000000000000000000e+00
1.170005395739427883e+02 1.400000000000000000e+01 7.000000000000000000e+00
1.180005395739427314e+02 1.300000000000000000e+01 7.000000000000000000e+00
1.190005395739426746e+02 1.200000000000000000e+01 8.000000000000000000e+00
1.200005395739426177e+02 1.000000000000000000e+01 8.000000000000000000e+00
1.210005395739425609e+02 1.100000000000000000e+01 8.000000000000000000e+00
1.220005395739425040e+02 1.200000000000000000e+01 9.000000000000000000e+00
1.230005395739424472e+02 1.200000000000000000e+01 8.000000000000000000e+00
1.240005395739423903e+02 9.000000000000000000e+00 8.000000000000000000e+00
1.250005395739423335e+02 8.000000000000000000e+00 1.000000000000000000e+01
1.260005395739422767e+02 6.000000000000000000e+00 9.000000000000000000e+00
1.270005395739422198e+02 5.000000000000000000e+00 1.100000000000000000e+01
1.280005395739421772e+02 6.000000000000000000e+00 1.000000000000000000e+01
1.290005395739421203e+02 6.000000000000000000e+00 1.100000000000000000e+01
1.300005395739420635e+02 4.000000000000000000e+00 1.100000000000000000e+01
1.310005395739420067e+02 5.000000000000000000e+00 1.200000000000000000e+01
1.320000194428460247e+02 5.000000000000000000e+00 1.200000000000000000e+01
1.330005395739418930e+02 5.000000000000000000e+00 1.300000000000000000e+01
1.340005395739418361e+02 7.000000000000000000e+00 1.500000000000000000e+01
1.350005395739417793e+02 8.000000000000000000e+00 1.500000000000000000e+01
1.360005395739417224e+02 7.000000000000000000e+00 1.600000000000000000e+01
1.370003231477007830e+02 7.000000000000000000e+00 1.600000000000000000e+01
1.380005395739416088e+02 7.000000000000000000e+00 1.500000000000000000e+01
1.390005395739415519e+02 1.000000000000000000e+01 1.600000000000000000e+01
1.400005395739414951e+02 1.000000000000000000e+01 1.600000000000000000e+01
1.410005395739414382e+02 1.000000000000000000e+01 1.800000000000000000e+01
1.420005395739413814e+02 1.300000000000000000e+01 1.900000000000000000e+01
1.430005395739413245e+02 1.200000000000000000e+01 1.800000000000000000e+01
1.440005395739412677e+02 1.300000000000000000e+01 1.400000000000000000e+01
1.450005395739412108e+02 1.300000000000000000e+01 1.200000000000000000e+01
1.460005395739411540e+02 1.300000000000000000e+01 9.000000000000000000e+00
1.470005395739410972e+02 1.500000000000000000e+01 1.000000000000000000e+01
1.480005395739410403e+02 1.600000000000000000e+01 1.000000000000000000e+01
1.490002234196776385e+02 1.600000000000000000e+01 1.000000000000000000e+01
1.500005201731011084e+02 1.900000000000000000e+01 1.000000000000000000e+01
1.510005395739408698e+02 1.800000000000000000e+01 1.100000000000000000e+01
1.520005395739408129e+02 1.800000000000000000e+01 1.000000000000000000e+01
1.530005395739407561e+02 1.800000000000000000e+01 1.100000000000000000e+01
1.540005395739406993e+02 1.600000000000000000e+01 1.200000000000000000e+01
1.550005395739406424e+02 1.600000000000000000e+01 1.300000000000000000e+01
1.560005395739405856e+02 1.200000000000000000e+01 1.300000000000000000e+01
1.570005395739405287e+02 1.500000000000000000e+01 1.400000000000000000e+01
1.580005395739404719e+02 1.000000000000000000e+01 1.200000000000000000e+01
1.590005395739404150e+02 1.000000000000000000e+01 1.000000000000000000e+01
1.600005395739403582e+02 1.000000000000000000e+01 1.100000000000000000e+01
1.610005395739403014e+02 1.100000000000000000e+01 1.200000000000000000e+01
1.620005395739402445e+02 1.200000000000000000e+01 1.300000000000000000e+01
1.630005395739401877e+02 1.200000000000000000e+01 1.300000000000000000e+01
1.640005395739401308e+02 1.200000000000000000e+01 1.200000000000000000e+01
1.650005395739400740e+02 1.500000000000000000e+01 1.300000000000000000e+01
1.660005395739400171e+02 1.400000000000000000e+01 1.300000000000000000e+01
1.670005395739399603e+02 1.400000000000000000e+01 1.300000000000000000e+01
1.680005395739399034e+02 1.200000000000000000e+01 1.300000000000000000e+01
1.690005395739398466e+02 1.200000000000000000e+01 1.000000000000000000e+01
1.700005395739397898e+02 1.100000000000000000e+01 1.200000000000000000e+01
1.710005395739397329e+02 1.300000000000000000e+01 1.300000000000000000e+01
1.720001515967735770e+02 1.100000000000000000e+01 1.000000000000000000e+01
1.730005395739396192e+02 1.200000000000000000e+01 7.000000000000000000e+00
1.740005395739395624e+02 1.200000000000000000e+01 7.000000000000000000e+00
1.750005395739395055e+02 1.500000000000000000e+01 6.000000000000000000e+00
1.760005395739394487e+02 1.300000000000000000e+01 3.000000000000000000e+00
1.770005395739393919e+02 1.200000000000000000e+01 3.000000000000000000e+00
1.780005395739393350e+02 1.200000000000000000e+01 2.000000000000000000e+00
1.790001267624594163e+02 1.300000000000000000e+01 1.000000000000000000e+00
1.800005395739392213e+02 1.300000000000000000e+01 1.000000000000000000e+00
1.810005395739391645e+02 1.500000000000000000e+01 1.000000000000000000e+00
1.820005395739391076e+02 1.600000000000000000e+01 1.000000000000000000e+00
1.830005395739390508e+02 1.600000000000000000e+01 2.000000000000000000e+00
1.840005395739389940e+02 1.600000000000000000e+01 2.000000000000000000e+00
1.850005395739389371e+02 1.800000000000000000e+01 3.000000000000000000e+00
1.860005395739388803e+02 1.700000000000000000e+01 2.000000000000000000e+00
1.870005395739388234e+02 1.700000000000000000e+01 3.000000000000000000e+00
1.880005395739387666e+02 1.500000000000000000e+01 3.000000000000000000e+00
1.890005395739387097e+02 1.300000000000000000e+01 3.000000000000000000e+00
1.900005395739386529e+02 1.300000000000000000e+01 4.000000000000000000e+00
1.910005395739385960e+02 1.200000000000000000e+01 4.000000000000000000e+00
1.920005395739385392e+02 1.200000000000000000e+01 5.000000000000000000e+00
1.930005395739384824e+02 1.000000000000000000e+01 5.000000000000000000e+00
1.940005395739384255e+02 1.000000000000000000e+01 5.000000000000000000e+00
1.950005395739383687e+02 1.000000000000000000e+01 6.000000000000000000e+00
1.960005395739383118e+02 1.100000000000000000e+01 7.000000000000000000e+00
1.970005395739382550e+02 1.100000000000000000e+01 7.000000000000000000e+00
1.980005395739381981e+02 1.100000000000000000e+01 8.000000000000000000e+00
1.990005395739381413e+02 1.200000000000000000e+01 9.000000000000000000e+00
2.000005395739380845e+02 1.300000000000000000e+01 5.000000000000000000e+00
2.010005395739380276e+02 1.400000000000000000e+01 1.000000000000000000e+00
2.020005395739379708e+02 1.400000000000000000e+01 1.000000000000000000e+00
2.030005395739379139e+02 1.600000000000000000e+01 1.000000000000000000e+00
2.040005395739378571e+02 1.700000000000000000e+01 2.000000000000000000e+00
2.050005395739378002e+02 1.700000000000000000e+01 3.000000000000000000e+00
2.060005395739377434e+02 1.600000000000000000e+01 2.000000000000000000e+00
2.070002227490507209e+02 1.500000000000000000e+01 1.000000000000000000e+00
2.080005395739376297e+02 1.500000000000000000e+01 3.000000000000000000e+00
2.090005395739375729e+02 1.600000000000000000e+01 3.000000000000000000e+00
2.100005395739375160e+02 1.600000000000000000e+01 4.000000000000000000e+00
2.110005395739374592e+02 1.700000000000000000e+01 6.000000000000000000e+00
2.120002727259442281e+02 1.700000000000000000e+01 6.000000000000000000e+00
2.130005395739373455e+02 1.900000000000000000e+01 4.000000000000000000e+00
2.140005395739372887e+02 2.100000000000000000e+01 4.000000000000000000e+00
2.150005395739372318e+02 2.100000000000000000e+01 5.000000000000000000e+00
2.160005395739371750e+02 2.100000000000000000e+01 5.000000000000000000e+00
2.170001034566522833e+02 2.100000000000000000e+01 6.000000000000000000e+00
2.180005395739370613e+02 2.100000000000000000e+01 7.000000000000000000e+00
2.190005395739370044e+02 2.200000000000000000e+01 7.000000000000000000e+00
2.200004394179133556e+02 2.200000000000000000e+01 6.000000000000000000e+00
2.210005395739368907e+02 2.200000000000000000e+01 7.000000000000000000e+00
2.220005395739368339e+02 2.200000000000000000e+01 8.000000000000000000e+00
2.230005395739367771e+02 2.200000000000000000e+01 8.000000000000000000e+00
2.240003211317251726e+02 2.200000000000000000e+01 8.000000000000000000e+00
2.250004283012565338e+02 2.100000000000000000e+01 7.000000000000000000e+00
2.260005395739366065e+02 1.700000000000000000e+01 7.000000000000000000e+00
2.270005395739365497e+02 1.800000000000000000e+01 7.000000000000000000e+00
2.280005021970521000e+02 1.700000000000000000e+01 6.000000000000000000e+00
2.290005395739364360e+02 1.600000000000000000e+01 7.000000000000000000e+00
2.300005395739363792e+02 1.500000000000000000e+01 3.000000000000000000e+00
2.310005027869162006e+02 1.400000000000000000e+01 2.000000000000000000e+00
2.320005395739362655e+02 1.500000000000000000e+01 3.000000000000000000e+00
2.330005395739362086e+02 1.500000000000000000e+01 3.000000000000000000e+00
2.340005395739361518e+02 1.700000000000000000e+01 4.000000000000000000e+00
2.350001121097526777e+02 1.700000000000000000e+01 5.000000000000000000e+00
2.360003487193965270e+02 1.700000000000000000e+01 6.000000000000000000e+00
2.370005395739359813e+02 1.800000000000000000e+01 6.000000000000000000e+00
2.380005395739359244e+02 1.600000000000000000e+01 6.000000000000000000e+00
2.390005395739358676e+02 1.100000000000000000e+01 5.000000000000000000e+00
2.400005395739358107e+02 1.100000000000000000e+01 5.000000000000000000e+00
2.410005395739357539e+02 1.100000000000000000e+01 5.000000000000000000e+00
2.420005395739356970e+02 1.100000000000000000e+01 6.000000000000000000e+00
2.430005160381915346e+02 1.200000000000000000e+01 6.000000000000000000e+00
2.440005395739355833e+02 1.200000000000000000e+01 6.000000000000000000e+00
2.450005395739355265e+02 1.100000000000000000e+01 8.000000000000000000e+00
2.460005395739354697e+02 1.200000000000000000e+01 9.000000000000000000e+00
2.470005395739354128e+02 1.400000000000000000e+01 9.000000000000000000e+00
2.480002642829908552e+02 1.600000000000000000e+01 1.000000000000000000e+01
2.490005395739352991e+02 1.500000000000000000e+01 1.300000000000000000e+01
2.500002237847618005e+02 1.400000000000000000e+01 9.000000000000000000e+00
2.510005395739351854e+02 1.500000000000000000e+01 9.000000000000000000e+00
2.520005395739351286e+02 1.200000000000000000e+01 8.000000000000000000e+00
2.530005395739350718e+02 1.300000000000000000e+01 9.000000000000000000e+00
2.540005395739350149e+02 1.300000000000000000e+01 9.000000000000000000e+00
2.550005395739349581e+02 1.200000000000000000e+01 1.100000000000000000e+01
2.560005395739349296e+02 1.200000000000000000e+01 1.100000000000000000e+01
2.570005395739351570e+02 1.300000000000000000e+01 1.000000000000000000e+01
2.580005395739353844e+02 1.300000000000000000e+01 1.000000000000000000e+01
2.590005395739356118e+02 1.300000000000000000e+01 1.100000000000000000e+01
2.600005395739358391e+02 1.300000000000000000e+01 1.100000000000000000e+01
2.610005395739360665e+02 1.600000000000000000e+01 1.200000000000000000e+01
2.620005395739362939e+02 1.600000000000000000e+01 1.200000000000000000e+01
2.630005395739365213e+02 1.600000000000000000e+01 1.000000000000000000e+01
2.640005395739367486e+02 1.500000000000000000e+01 9.000000000000000000e+00
2.650005395739369760e+02 1.500000000000000000e+01 7.000000000000000000e+00
2.660005395739372034e+02 1.500000000000000000e+01 8.000000000000000000e+00
2.670005395739374308e+02 1.500000000000000000e+01 1.000000000000000000e+01
2.680005395739376581e+02 1.400000000000000000e+01 1.100000000000000000e+01
2.690005395739378855e+02 1.500000000000000000e+01 1.100000000000000000e+01
2.700003583918072536e+02 1.400000000000000000e+01 1.100000000000000000e+01
2.710005395739383403e+02 1.600000000000000000e+01 1.200000000000000000e+01
2.720005117578868976e+02 1.700000000000000000e+01 1.200000000000000000e+01
2.730005395739387950e+02 1.900000000000000000e+01 1.200000000000000000e+01
2.740002954200367640e+02 2.100000000000000000e+01 1.200000000000000000e+01
2.750005395739392497e+02 2.100000000000000000e+01 1.200000000000000000e+01
2.760005395739394771e+02 1.800000000000000000e+01 1.200000000000000000e+01
2.770005395739397045e+02 1.600000000000000000e+01 1.200000000000000000e+01
2.780005395739399319e+02 1.800000000000000000e+01 1.300000000000000000e+01
2.790005395739401592e+02 1.900000000000000000e+01 1.300000000000000000e+01
2.800005395739403866e+02 2.000000000000000000e+01 1.300000000000000000e+01
2.810005395739406140e+02 2.100000000000000000e+01 1.500000000000000000e+01
2.820005395739408414e+02 2.100000000000000000e+01 1.100000000000000000e+01
2.830005395739410687e+02 2.100000000000000000e+01 1.000000000000000000e+01
2.840005395739412961e+02 2.100000000000000000e+01 1.200000000000000000e+01
2.850005395739415235e+02 2.100000000000000000e+01 1.300000000000000000e+01
2.860005395739417509e+02 1.600000000000000000e+01 1.300000000000000000e+01
2.870005395739419782e+02 1.500000000000000000e+01 1.400000000000000000e+01
2.880005395739422056e+02 1.300000000000000000e+01 1.400000000000000000e+01
2.890005395739424330e+02 1.000000000000000000e+01 1.000000000000000000e+01
2.900005395739426604e+02 9.000000000000000000e+00 1.000000000000000000e+01
2.910005395739428877e+02 1.000000000000000000e+01 7.000000000000000000e+00
2.920005395739431151e+02 1.000000000000000000e+01 7.000000000000000000e+00
2.930005395739433425e+02 1.000000000000000000e+01 8.000000000000000000e+00
2.940005395739435698e+02 1.000000000000000000e+01 5.000000000000000000e+00
2.950005395739437972e+02 1.100000000000000000e+01 4.000000000000000000e+00
2.960005395739440246e+02 9.000000000000000000e+00 2.000000000000000000e+00
2.970005395739442520e+02 6.000000000000000000e+00 3.000000000000000000e+00
2.980005395739444793e+02 6.000000000000000000e+00 2.000000000000000000e+00
2.990005395739447067e+02 6.000000000000000000e+00 1.000000000000000000e+00
3.000005395739449341e+02 6.000000000000000000e+00 2.000000000000000000e+00
