0.000000000000000000e+00 0.000000000000000000e+00 0.000000000000000000e+00
1.000121267424482596e+00 0.000000000000000000e+00 0.000000000000000000e+00
2.000121267424483484e+00 0.000000000000000000e+00 0.000000000000000000e+00
3.000121267424484373e+00 0.000000000000000000e+00 0.000000000000000000e+00
4.000121267424485261e+00 0.000000000000000000e+00 0.000000000000000000e+00
5.000121267424481708e+00 0.000000000000000000e+00 0.000000000000000000e+00
6.000121267424478155e+00 0.000000000000000000e+00 0.000000000000000000e+00
7.000121267424474603e+00 1.000000000000000000e+00 1.000000000000000000e+00
8.000121267424471938e+00 1.000000000000000000e+00 1.000000000000000000e+00
9.000121267424468385e+00 3.000000000000000000e+00 3.000000000000000000e+00
1.000012126742446483e+01 5.000000000000000000e+00 5.000000000000000000e+00
1.100012126742446128e+01 6.000000000000000000e+00 6.000000000000000000e+00
1.200012126742445773e+01 5.000000000000000000e+00 5.000000000000000000e+00
1.300012126742445417e+01 7.000000000000000000e+00 7.000000000000000000e+00
1.400012126742445062e+01 6.000000000000000000e+00 6.000000000000000000e+00
1.500012126742444707e+01 6.000000000000000000e+00 6.000000000000000000e+00
1.600012126742444352e+01 6.000000000000000000e+00 6.000000000000000000e+00
1.700012126742445773e+01 6.000000000000000000e+00 6.000000000000000000e+00
1.800012126742447194e+01 3.000000000000000000e+00 3.000000000000000000e+00
1.900012126742448615e+01 3.000000000000000000e+00 3.000000000000000000e+00
2.000012126742450036e+01 3.000000000000000000e+00 3.000000000000000000e+00
2.100012126742451457e+01 1.000000000000000000e+00 1.000000000000000000e+00
2.200012126742452878e+01 0.000000000000000000e+00 0.000000000000000000e+00
2.300012126742454299e+01 0.000000000000000000e+00 0.000000000000000000e+00
2.400012126742455720e+01 0.000000000000000000e+00 0.000000000000000000e+00
2.500012126742457141e+01 0.000000000000000000e+00 0.000000000000000000e+00
2.600012126742458562e+01 0.000000000000000000e+00 0.000000000000000000e+00
2.700012126742459984e+01 1.000000000000000000e+00 1.000000000000000000e+00
2.800012126742461405e+01 2.000000000000000000e+00 2.000000000000000000e+00
2.900012126742462826e+01 2.000000000000000000e+00 3.000000000000000000e+00
3.000012126742464247e+01 2.000000000000000000e+00 3.000000000000000000e+00
3.100012126742465668e+01 2.000000000000000000e+00 3.000000000000000000e+00
3.200012126742466734e+01 1.000000000000000000e+00 4.000000000000000000e+00
3.300012126742468155e+01 0.000000000000000000e+00 3.000000000000000000e+00
3.400012126742469576e+01 1.000000000000000000e+00 3.000000000000000000e+00
3.500012126742470997e+01 2.000000000000000000e+00 5.000000000000000000e+00
3.600012126742472418e+01 2.000000000000000000e+00 5.000000000000000000e+00
3.700012126742473839e+01 1.000000000000000000e+00 3.000000000000000000e+00
3.800012126742475260e+01 2.000000000000000000e+00 4.000000000000000000e+00
3.900012126742476681e+01 1.000000000000000000e+00 3.000000000000000000e+00
4.000012126742478102e+01 1.000000000000000000e+00 2.000000000000000000e+00
4.100012126742479524e+01 1.000000000000000000e+00 1.000000000000000000e+00
4.200012126742480945e+01 2.000000000000000000e+00 2.000000000000000000e+00
4.300012126742482366e+01 2.000000000000000000e+00 2.000000000000000000e+00
4.400012126742483787e+01 4.000000000000000000e+00 4.000000000000000000e+00
4.500012126742485208e+01 5.000000000000000000e+00 4.000000000000000000e+00
4.600012126742486629e+01 6.000000000000000000e+00 6.000000000000000000e+00
4.700012126742488050e+01 6.000000000000000000e+00 6.000000000000000000e+00
4.800012126742489471e+01 7.000000000000000000e+00 7.000000000000000000e+00
4.900012126742490892e+01 7.000000000000000000e+00 7.000000000000000000e+00
5.000012126742492313e+01 6.000000000000000000e+00 6.000000000000000000e+00
5.100012126742493734e+01 8.000000000000000000e+00 7.000000000000000000e+00
5.200012126742495155e+01 1.000000000000000000e+01 7.000000000000000000e+00
5.300012126742496577e+01 9.000000000000000000e+00 7.000000000000000000e+00
5.400012126742497998e+01 1.000000000000000000e+01 9.000000000000000000e+00
5.500012126742499419e+01 1.200000000000000000e+01 1.000000000000000000e+01
5.600012126742500840e+01 1.300000000000000000e+01 1.000000000000000000e+01
5.700012126742502261e+01 1.400000000000000000e+01 1.100000000000000000e+01
5.800012126742503682e+01 1.300000000000000000e+01 1.100000000000000000e+01
5.900012126742505103e+01 1.200000000000000000e+01 1.100000000000000000e+01
6.000012126742506524e+01 1.400000000000000000e+01 1.400000000000000000e+01
6.100012126742507945e+01 1.600000000000000000e+01 1.600000000000000000e+01
6.200012126742509366e+01 1.700000000000000000e+01 1.500000000000000000e+01
6.300012126742510787e+01 1.900000000000000000e+01 1.400000000000000000e+01
6.400012126742511498e+01 2.000000000000000000e+01 1.400000000000000000e+01
6.500012126742505814e+01 2.100000000000000000e+01 1.500000000000000000e+01
6.600012126742500129e+01 2.000000000000000000e+01 1.500000000000000000e+01
6.700012126742494445e+01 2.000000000000000000e+01 1.500000000000000000e+01
6.800012126742488761e+01 2.000000000000000000e+01 1.500000000000000000e+01
6.900012126742483076e+01 2.000000000000000000e+01 1.500000000000000000e+01
7.000012126742477392e+01 2.000000000000000000e+01 1.500000000000000000e+01
7.100012126742471708e+01 2.300000000000000000e+01 1.300000000000000000e+01
7.200012126742466023e+01 2.400000000000000000e+01 1.000000000000000000e+01
7.300007586998009401e+01 2.400000000000000000e+01 1.000000000000000000e+01
7.400012126742454655e+01 2.600000000000000000e+01 1.100000000000000000e+01
7.500012126742448970e+01 2.700000000000000000e+01 1.200000000000000000e+01
7.600012126742443286e+01 2.700000000000000000e+01 1.300000000000000000e+01
7.700012126742437601e+01 2.600000000000000000e+01 1.200000000000000000e+01
7.800012126742431917e+01 2.900000000000000000e+01 1.400000000000000000e+01
7.900012126742426233e+01 3.100000000000000000e+01 1.400000000000000000e+01
8.000012126742420548e+01 3.200000000000000000e+01 1.500000000000000000e+01
8.100012126742414864e+01 3.200000000000000000e+01 1.500000000000000000e+01
8.200012126742409180e+01 3.300000000000000000e+01 1.700000000000000000e+01
8.300012126742403495e+01 3.300000000000000000e+01 1.600000000000000000e+01
8.400012126742397811e+01 3.300000000000000000e+01 1.700000000000000000e+01
8.500012126742392127e+01 3.300000000000000000e+01 1.600000000000000000e+01
8.600012126742386442e+01 3.500000000000000000e+01 1.800000000000000000e+01
8.700012126742380758e+01 3.500000000000000000e+01 1.900000000000000000e+01
8.800012126742375074e+01 3.500000000000000000e+01 1.900000000000000000e+01
8.900012126742369389e+01 3.600000000000000000e+01 1.900000000000000000e+01
9.000012126742363705e+01 3.700000000000000000e+01 1.900000000000000000e+01
9.100012126742358021e+01 3.600000000000000000e+01 1.900000000000000000e+01
9.200012126742352336e+01 3.400000000000000000e+01 1.900000000000000000e+01
9.300012126742346652e+01 3.200000000000000000e+01 1.900000000000000000e+01
9.400012126742340968e+01 3.200000000000000000e+01 1.900000000000000000e+01
9.500012126742335283e+01 3.300000000000000000e+01 2.000000000000000000e+01
9.600012126742329599e+01 3.000000000000000000e+01 2.100000000000000000e+01
9.700012126742323915e+01 2.600000000000000000e+01 2.100000000000000000e+01
9.800012126742318230e+01 2.700000000000000000e+01 2.100000000000000000e+01
9.900012126742312546e+01 2.600000000000000000e+01 2.000000000000000000e+01
1.000001212674230686e+02 2.500000000000000000e+01 2.100000000000000000e+01
1.010001212674230118e+02 2.400000000000000000e+01 2.100000000000000000e+01
1.020001212674229549e+02 2.300000000000000000e+01 2.200000000000000000e+01
1.030001212674228981e+02 2.200000000000000000e+01 2.300000000000000000e+01
1.040001212674228412e+02 2.300000000000000000e+01 2.300000000000000000e+01
1.050001212674227844e+02 2.400000000000000000e+01 2.200000000000000000e+01
1.060000228326426850e+02 2.300000000000000000e+01 2.100000000000000000e+01
1.070001212674226707e+02 2.300000000000000000e+01 2.100000000000000000e+01
1.080001212674226139e+02 2.500000000000000000e+01 2.200000000000000000e+01
1.090000413189564625e+02 2.300000000000000000e+01 2.200000000000000000e+01
1.100001212674225002e+02 1.900000000000000000e+01 2.200000000000000000e+01
1.110001212674224433e+02 1.500000000000000000e+01 2.200000000000000000e+01
1.120001212674223865e+02 1.200000000000000000e+01 2.300000000000000000e+01
1.130001212674223297e+02 1.000000000000000000e+01 2.400000000000000000e+01
1.140001212674222728e+02 1.000000000000000000e+01 2.300000000000000000e+01
1.150001212674222160e+02 9.000000000000000000e+00 2.400000000000000000e+01
1.160001212674221591e+02 8.000000000000000000e+00 2.300000000000000000e+01
1.170001212674221023e+02 1.000000000000000000e+01 2.600000000000000000e+01
1.180001212674220454e+02 6.000000000000000000e+00 1.700000000000000000e+01
1.190001212674219886e+02 5.000000000000000000e+00 7.000000000000000000e+00
1.200001212674219317e+02 2.000000000000000000e+00 4.000000000000000000e+00
1.210001212674218749e+02 0.000000000000000000e+00 2.000000000000000000e+00
1.220001212674218181e+02 0.000000000000000000e+00 0.000000000000000000e+00
1.230001212674217612e+02 1.000000000000000000e+00 0.000000000000000000e+00
1.240001212674217044e+02 2.000000000000000000e+00 0.000000000000000000e+00
1.250001212674216475e+02 2.000000000000000000e+00 0.000000000000000000e+00
1.260001212674215907e+02 1.000000000000000000e+00 1.000000000000000000e+00
1.270001212674215338e+02 1.000000000000000000e+00 2.000000000000000000e+00
1.280001212674214912e+02 6.000000000000000000e+00 1.000000000000000000e+00
1.290001212674214344e+02 4.000000000000000000e+00 2.000000000000000000e+00
1.300001212674213775e+02 5.000000000000000000e+00 4.000000000000000000e+00
1.310001212674213207e+02 7.000000000000000000e+00 2.000000000000000000e+00
1.320001212674212638e+02 5.000000000000000000e+00 3.000000000000000000e+00
1.330001212674212070e+02 6.000000000000000000e+00 1.000000000000000000e+00
1.340001212674211502e+02 6.000000000000000000e+00 2.000000000000000000e+00
1.350001212674210933e+02 8.000000000000000000e+00 3.000000000000000000e+00
1.360001212674210365e+02 8.000000000000000000e+00 3.000000000000000000e+00
1.370001212674209796e+02 9.000000000000000000e+00 3.000000000000000000e+00
1.380001212674209228e+02 8.000000000000000000e+00 3.000000000000000000e+00
1.390001212674208659e+02 8.000000000000000000e+00 7.000000000000000000e+00
1.400001212674208091e+02 6.000000000000000000e+00 9.000000000000000000e+00
1.410001212674207522e+02 2.000000000000000000e+00 1.100000000000000000e+01
1.420001212674206954e+02 6.000000000000000000e+00 1.300000000000000000e+01
1.430001212674206386e+02 2.000000000000000000e+00 1.500000000000000000e+01
1.440001212674205817e+02 0.000000000000000000e+00 1.400000000000000000e+01
1.450001212674205249e+02 1.000000000000000000e+00 1.200000000000000000e+01
1.460001212674204680e+02 3.000000000000000000e+00 1.100000000000000000e+01
1.470001212674204112e+02 2.000000000000000000e+00 9.000000000000000000e+00
1.480001212674203543e+02 2.000000000000000000e+00 7.000000000000000000e+00
1.490001212674202975e+02 1.000000000000000000e+00 3.000000000000000000e+00
1.500001212674202407e+02 3.000000000000000000e+00 3.000000000000000000e+00
1.510001212674201838e+02 3.000000000000000000e+00 4.000000000000000000e+00
1.520001212674201270e+02 2.000000000000000000e+00 3.000000000000000000e+00
1.530001212674200701e+02 3.000000000000000000e+00 4.000000000000000000e+00
1.540001212674200133e+02 4.000000000000000000e+00 5.000000000000000000e+00
1.550001212674199564e+02 5.000000000000000000e+00 5.000000000000000000e+00
1.560001212674198996e+02 4.000000000000000000e+00 3.000000000000000000e+00
1.570001212674198428e+02 3.000000000000000000e+00 3.000000000000000000e+00
1.580001212674197859e+02 4.000000000000000000e+00 3.000000000000000000e+00
1.590001212674197291e+02 4.000000000000000000e+00 3.000000000000000000e+00
1.600001212674196722e+02 2.000000000000000000e+00 3.000000000000000000e+00
1.610001212674196154e+02 3.000000000000000000e+00 5.000000000000000000e+00
1.620001212674195585e+02 2.000000000000000000e+00 5.000000000000000000e+00
1.630001212674195017e+02 1.000000000000000000e+00 6.000000000000000000e+00
1.640001212674194448e+02 2.000000000000000000e+00 5.000000000000000000e+00
1.650001212674193880e+02 2.000000000000000000e+00 6.000000000000000000e+00
1.660001212674193312e+02 1.000000000000000000e+00 5.000000000000000000e+00
1.670000035321692451e+02 5.000000000000000000e+00 7.000000000000000000e+00
1.680001212674192175e+02 4.000000000000000000e+00 5.000000000000000000e+00
1.690001212674191606e+02 5.000000000000000000e+00 6.000000000000000000e+00
1.700001212674191038e+02 4.000000000000000000e+00 5.000000000000000000e+00
1.710001212674190469e+02 4.000000000000000000e+00 5.000000000000000000e+00
1.720001212674189901e+02 5.000000000000000000e+00 6.000000000000000000e+00
1.730001212674189333e+02 9.000000000000000000e+00 7.000000000000000000e+00
1.740001212674188764e+02 7.000000000000000000e+00 7.000000000000000000e+00
1.750001212674188196e+02 8.000000000000000000e+00 9.000000000000000000e+00
1.760001212674187627e+02 8.000000000000000000e+00 1.000000000000000000e+01
1.770001212674187059e+02 7.000000000000000000e+00 1.100000000000000000e+01
1.780001212674186490e+02 9.000000000000000000e+00 1.200000000000000000e+01
1.790001212674185922e+02 1.000000000000000000e+01 1.200000000000000000e+01
1.800001212674185354e+02 1.100000000000000000e+01 1.300000000000000000e+01
1.810001212674184785e+02 1.200000000000000000e+01 7.000000000000000000e+00
1.820001212674184217e+02 1.400000000000000000e+01 1.100000000000000000e+01
1.830001212674183648e+02 1.500000000000000000e+01 1.000000000000000000e+01
1.840001212674183080e+02 1.600000000000000000e+01 1.100000000000000000e+01
1.850001212674182511e+02 1.600000000000000000e+01 1.000000000000000000e+01
1.860001212674181943e+02 1.600000000000000000e+01 1.300000000000000000e+01
1.870001212674181374e+02 1.600000000000000000e+01 1.000000000000000000e+01
1.880001212674180806e+02 1.500000000000000000e+01 1.000000000000000000e+01
1.890001212674180238e+02 1.500000000000000000e+01 1.000000000000000000e+01
1.900001212674179669e+02 1.400000000000000000e+01 1.100000000000000000e+01
1.910001212674179101e+02 1.500000000000000000e+01 1.400000000000000000e+01
1.920001212674178532e+02 1.400000000000000000e+01 1.400000000000000000e+01
1.930001212674177964e+02 1.300000000000000000e+01 1.500000000000000000e+01
1.940001212674177395e+02 1.200000000000000000e+01 1.700000000000000000e+01
1.950001212674176827e+02 1.300000000000000000e+01 1.800000000000000000e+01
1.960001212674176259e+02 1.300000000000000000e+01 2.200000000000000000e+01
1.970001212674175690e+02 1.300000000000000000e+01 2.300000000000000000e+01
1.980001212674175122e+02 1.300000000000000000e+01 2.100000000000000000e+01
1.990001212674174553e+02 1.400000000000000000e+01 1.900000000000000000e+01
2.000001212674173985e+02 1.600000000000000000e+01 2.000000000000000000e+01
2.010001212674173416e+02 1.700000000000000000e+01 1.700000000000000000e+01
2.020001212674172848e+02 1.600000000000000000e+01 1.700000000000000000e+01
2.030001212674172280e+02 1.600000000000000000e+01 1.800000000000000000e+01
2.040001212674171711e+02 1.500000000000000000e+01 1.700000000000000000e+01
2.050001212674171143e+02 1.600000000000000000e+01 1.600000000000000000e+01
2.060001212674170574e+02 1.300000000000000000e+01 1.800000000000000000e+01
2.070001212674170006e+02 1.300000000000000000e+01 1.800000000000000000e+01
2.080001212674169437e+02 1.100000000000000000e+01 2.100000000000000000e+01
2.090001212674168869e+02 9.000000000000000000e+00 2.300000000000000000e+01
2.100001212674168301e+02 9.000000000000000000e+00 2.400000000000000000e+01
2.110001212674167732e+02 1.200000000000000000e+01 2.500000000000000000e+01
2.120001212674167164e+02 1.100000000000000000e+01 2.500000000000000000e+01
2.130001212674166595e+02 1.000000000000000000e+01 2.700000000000000000e+01
2.140001212674166027e+02 8.000000000000000000e+00 2.700000000000000000e+01
2.150001212674165458e+02 8.000000000000000000e+00 2.700000000000000000e+01
2.160001212674164890e+02 8.000000000000000000e+00 2.700000000000000000e+01
2.170001212674164321e+02 1.000000000000000000e+01 2.700000000000000000e+01
2.180001212674163753e+02 1.000000000000000000e+01 2.800000000000000000e+01
2.190001212674163185e+02 1.000000000000000000e+01 2.900000000000000000e+01
2.200000032806334502e+02 1.000000000000000000e+01 3.000000000000000000e+01
2.210001212674162048e+02 1.000000000000000000e+01 3.100000000000000000e+01
2.220001212674161479e+02 1.000000000000000000e+01 3.100000000000000000e+01
2.230001212674160911e+02 1.000000000000000000e+01 3.100000000000000000e+01
2.240001212674160342e+02 1.100000000000000000e+01 3.100000000000000000e+01
2.250001212674159774e+02 1.200000000000000000e+01 3.200000000000000000e+01
2.260001212674159206e+02 1.300000000000000000e+01 3.300000000000000000e+01
2.270001212674158637e+02 1.400000000000000000e+01 3.400000000000000000e+01
2.280001212674158069e+02 1.400000000000000000e+01 3.400000000000000000e+01
2.290001212674157500e+02 1.300000000000000000e+01 3.600000000000000000e+01
2.300001212674156932e+02 1.300000000000000000e+01 3.700000000000000000e+01
2.310001212674156363e+02 1.400000000000000000e+01 3.700000000000000000e+01
2.320001212674155795e+02 1.600000000000000000e+01 3.700000000000000000e+01
2.330001212674155227e+02 1.700000000000000000e+01 3.700000000000000000e+01
2.340001212674154658e+02 1.600000000000000000e+01 3.800000000000000000e+01
2.350001212674154090e+02 1.500000000000000000e+01 3.800000000000000000e+01
2.360001212674153521e+02 1.600000000000000000e+01 3.600000000000000000e+01
2.370001212674152953e+02 1.600000000000000000e+01 3.300000000000000000e+01
2.380001212674152384e+02 1.700000000000000000e+01 3.400000000000000000e+01
2.390001212674151816e+02 1.800000000000000000e+01 3.300000000000000000e+01
2.400001212674151247e+02 1.800000000000000000e+01 3.300000000000000000e+01
2.410001212674150679e+02 1.800000000000000000e+01 3.400000000000000000e+01
2.420001212674150111e+02 2.000000000000000000e+01 3.400000000000000000e+01
2.430001212674149542e+02 2.100000000000000000e+01 3.500000000000000000e+01
2.440001212674148974e+02 2.200000000000000000e+01 3.700000000000000000e+01
2.450001212674148405e+02 2.300000000000000000e+01 3.500000000000000000e+01
2.460001212674147837e+02 2.300000000000000000e+01 3.200000000000000000e+01
2.470001191095351203e+02 2.300000000000000000e+01 2.900000000000000000e+01
2.480001212674146700e+02 2.400000000000000000e+01 2.900000000000000000e+01
2.490001212674146132e+02 2.300000000000000000e+01 2.700000000000000000e+01
2.500001212674145563e+02 2.300000000000000000e+01 2.800000000000000000e+01
2.510001212674144995e+02 2.100000000000000000e+01 2.800000000000000000e+01
2.520001212674144426e+02 2.300000000000000000e+01 2.800000000000000000e+01
2.530001212674143858e+02 1.900000000000000000e+01 3.100000000000000000e+01
2.540001212674143289e+02 1.500000000000000000e+01 3.000000000000000000e+01
2.550001212674142721e+02 1.400000000000000000e+01 2.900000000000000000e+01
2.560001212674142153e+02 1.600000000000000000e+01 2.300000000000000000e+01
2.570001212674144426e+02 1.700000000000000000e+01 2.100000000000000000e+01
2.580001212674146700e+02 1.900000000000000000e+01 1.900000000000000000e+01
2.590001212674148974e+02 1.700000000000000000e+01 1.700000000000000000e+01
2.600001212674151247e+02 1.800000000000000000e+01 1.700000000000000000e+01
2.610001212674153521e+02 1.900000000000000000e+01 1.900000000000000000e+01
2.620001212674155795e+02 1.600000000000000000e+01 1.500000000000000000e+01
2.630001212674158069e+02 1.500000000000000000e+01 1.500000000000000000e+01
2.640001212674160342e+02 1.500000000000000000e+01 1.500000000000000000e+01
2.650001212674162616e+02 1.500000000000000000e+01 1.800000000000000000e+01
2.660001212674164890e+02 1.300000000000000000e+01 1.800000000000000000e+01
2.670000172926677351e+02 1.500000000000000000e+01 1.900000000000000000e+01
2.680001212674169437e+02 1.500000000000000000e+01 1.900000000000000000e+01
2.690001212674171711e+02 1.400000000000000000e+01 1.600000000000000000e+01
2.700001212674173985e+02 1.400000000000000000e+01 1.400000000000000000e+01
2.710001212674176259e+02 1.100000000000000000e+01 1.400000000000000000e+01
2.720001212674178532e+02 9.000000000000000000e+00 1.200000000000000000e+01
2.730001212674180806e+02 1.000000000000000000e+01 1.000000000000000000e+01
2.740001212674183080e+02 1.100000000000000000e+01 1.000000000000000000e+01
2.750001212674185354e+02 1.100000000000000000e+01 1.200000000000000000e+01
2.760001212674187627e+02 1.200000000000000000e+01 1.200000000000000000e+01
2.770001212674189901e+02 1.100000000000000000e+01 1.200000000000000000e+01
2.780001212674192175e+02 1.100000000000000000e+01 1.200000000000000000e+01
2.790001212674194448e+02 1.400000000000000000e+01 1.300000000000000000e+01
2.800001212674196722e+02 1.700000000000000000e+01 1.300000000000000000e+01
2.810001212674198996e+02 1.800000000000000000e+01 1.200000000000000000e+01
2.820001212674201270e+02 1.800000000000000000e+01 1.100000000000000000e+01
2.830001212674203543e+02 1.900000000000000000e+01 1.200000000000000000e+01
2.840001212674205817e+02 2.000000000000000000e+01 1.200000000000000000e+01
2.850001212674208091e+02 1.900000000000000000e+01 1.000000000000000000e+01
2.860001212674210365e+02 1.800000000000000000e+01 1.000000000000000000e+01
2.870001212674212638e+02 1.300000000000000000e+01 6.000000000000000000e+00
2.880001212674214912e+02 1.200000000000000000e+01 5.000000000000000000e+00
2.890001212674217186e+02 1.300000000000000000e+01 5.000000000000000000e+00
2.900001212674219460e+02 1.600000000000000000e+01 4.000000000000000000e+00
2.910001212674221733e+02 1.700000000000000000e+01 5.000000000000000000e+00
2.920001212674224007e+02 1.600000000000000000e+01 5.000000000000000000e+00
2.930001212674226281e+02 1.600000000000000000e+01 8.000000000000000000e+00
2.940001212674228555e+02 1.600000000000000000e+01 8.000000000000000000e+00
2.950001212674230828e+02 1.700000000000000000e+01 8.000000000000000000e+00
2.960001212674233102e+02 1.700000000000000000e+01 8.000000000000000000e+00
2.970001212674235376e+02 1.800000000000000000e+01 8.000000000000000000e+00
2.980001212674237649e+02 1.700000000000000000e+01 9.000000000000000000e+00
2.990001212674239923e+02 1.800000000000000000e+01 9.000000000000000000e+00
3.000001212674242197e+02 1.900000000000000000e+01 8.000000000000000000e+00
