0.000000000000000000e+00 0.000000000000000000e+00 0.000000000000000000e+00
1.000577723001291774e+00 0.000000000000000000e+00 0.000000000000000000e+00
2.000577723001292441e+00 1.000000000000000000e+00 1.000000000000000000e+00
3.000120874941645255e+00 2.000000000000000000e+00 2.000000000000000000e+00
4.000577723001294217e+00 4.000000000000000000e+00 4.000000000000000000e+00
5.000577723001290664e+00 2.000000000000000000e+00 2.000000000000000000e+00
6.000577723001287112e+00 2.000000000000000000e+00 2.000000000000000000e+00
7.000240740306511000e+00 2.000000000000000000e+00 2.000000000000000000e+00
8.000577723001280006e+00 3.000000000000000000e+00 3.000000000000000000e+00
9.000577723001276453e+00 3.000000000000000000e+00 3.000000000000000000e+00
1.000035807462217541e+01 3.000000000000000000e+00 3.000000000000000000e+00
1.100057772300126935e+01 4.000000000000000000e+00 4.000000000000000000e+00
1.200057772300126580e+01 4.000000000000000000e+00 4.000000000000000000e+00
1.300057772300126224e+01 4.000000000000000000e+00 4.000000000000000000e+00
1.400057772300125869e+01 4.000000000000000000e+00 4.000000000000000000e+00
1.500021842609396749e+01 6.000000000000000000e+00 6.000000000000000000e+00
1.600000266802036819e+01 7.000000000000000000e+00 7.000000000000000000e+00
1.700057772300126757e+01 5.000000000000000000e+00 5.000000000000000000e+00
1.800057772300128178e+01 5.000000000000000000e+00 4.000000000000000000e+00
1.900027151252848867e+01 6.000000000000000000e+00 6.000000000000000000e+00
2.000057772300131020e+01 7.000000000000000000e+00 6.000000000000000000e+00
2.100057772300132442e+01 5.000000000000000000e+00 6.000000000000000000e+00
2.200057772300133863e+01 5.000000000000000000e+00 6.000000000000000000e+00
2.300057772300135284e+01 7.000000000000000000e+00 7.000000000000000000e+00
2.400057772300136705e+01 1.000000000000000000e+01 9.000000000000000000e+00
2.500057772300138126e+01 8.000000000000000000e+00 6.000000000000000000e+00
2.600008516202940712e+01 9.000000000000000000e+00 7.000000000000000000e+00
2.700057772300140968e+01 8.000000000000000000e+00 7.000000000000000000e+00
2.800057772300142389e+01 1.200000000000000000e+01 8.000000000000000000e+00
2.900024193999492184e+01 1.200000000000000000e+01 9.000000000000000000e+00
3.000057772300145231e+01 1.200000000000000000e+01 1.000000000000000000e+01
3.100057772300146652e+01 1.100000000000000000e+01 8.000000000000000000e+00
3.200057772300147718e+01 1.300000000000000000e+01 1.000000000000000000e+01
3.300057772300149139e+01 1.300000000000000000e+01 1.000000000000000000e+01
3.400030438645551811e+01 1.400000000000000000e+01 1.100000000000000000e+01
3.500057772300151981e+01 1.400000000000000000e+01 1.100000000000000000e+01
3.600057772300153403e+01 1.400000000000000000e+01 1.100000000000000000e+01
3.700057772300154824e+01 1.500000000000000000e+01 1.300000000000000000e+01
3.800057772300156245e+01 1.100000000000000000e+01 1.100000000000000000e+01
3.900057772300157666e+01 1.000000000000000000e+01 1.000000000000000000e+01
4.000057772300159087e+01 1.100000000000000000e+01 1.000000000000000000e+01
4.100057772300160508e+01 1.000000000000000000e+01 1.000000000000000000e+01
4.200057772300161929e+01 1.100000000000000000e+01 8.000000000000000000e+00
4.300057772300163350e+01 1.100000000000000000e+01 8.000000000000000000e+00
4.400057772300164771e+01 1.100000000000000000e+01 8.000000000000000000e+00
4.500031092139055033e+01 1.100000000000000000e+01 9.000000000000000000e+00
4.600057772300167613e+01 1.100000000000000000e+01 7.000000000000000000e+00
4.700057772300169034e+01 1.100000000000000000e+01 6.000000000000000000e+00
4.800057772300170456e+01 8.000000000000000000e+00 7.000000000000000000e+00
4.900057772300171877e+01 6.000000000000000000e+00 5.000000000000000000e+00
5.000057772300173298e+01 6.000000000000000000e+00 6.000000000000000000e+00
5.100044362787649277e+01 7.000000000000000000e+00 6.000000000000000000e+00
5.200057772300176140e+01 7.000000000000000000e+00 6.000000000000000000e+00
5.300057772300177561e+01 6.000000000000000000e+00 6.000000000000000000e+00
5.400057772300178982e+01 7.000000000000000000e+00 8.000000000000000000e+00
5.500057772300180403e+01 8.000000000000000000e+00 1.000000000000000000e+01
5.600057772300181824e+01 7.000000000000000000e+00 1.000000000000000000e+01
5.700057772300183245e+01 8.000000000000000000e+00 9.000000000000000000e+00
5.800057772300184666e+01 1.000000000000000000e+01 1.100000000000000000e+01
5.900057772300186087e+01 8.000000000000000000e+00 1.200000000000000000e+01
6.000057772300187509e+01 8.000000000000000000e+00 1.200000000000000000e+01
6.100057772300188930e+01 8.000000000000000000e+00 1.200000000000000000e+01
6.200057772300190351e+01 8.000000000000000000e+00 1.300000000000000000e+01
6.300057772300191772e+01 8.000000000000000000e+00 1.300000000000000000e+01
6.400057772300192482e+01 8.000000000000000000e+00 1.300000000000000000e+01
6.500057772300186798e+01 8.000000000000000000e+00 1.300000000000000000e+01
6.600057772300181114e+01 9.000000000000000000e+00 1.300000000000000000e+01
6.700057772300175429e+01 9.000000000000000000e+00 1.300000000000000000e+01
6.800057772300169745e+01 1.000000000000000000e+01 1.500000000000000000e+01
6.900057772300164061e+01 9.000000000000000000e+00 1.400000000000000000e+01
7.000057772300158376e+01 9.000000000000000000e+00 1.200000000000000000e+01
7.100057772300152692e+01 9.000000000000000000e+00 1.100000000000000000e+01
7.200057772300147008e+01 9.000000000000000000e+00 1.100000000000000000e+01
7.300057772300141323e+01 8.000000000000000000e+00 1.100000000000000000e+01
7.400057772300135639e+01 8.000000000000000000e+00 1.000000000000000000e+01
7.500057772300129955e+01 9.000000000000000000e+00 9.000000000000000000e+00
7.600057772300124270e+01 8.000000000000000000e+00 9.000000000000000000e+00
7.700057772300118586e+01 6.000000000000000000e+00 8.000000000000000000e+00
7.800051999206903020e+01 7.000000000000000000e+00 9.000000000000000000e+00
7.900057772300107217e+01 6.000000000000000000e+00 9.000000000000000000e+00
8.000057772300101533e+01 3.000000000000000000e+00 9.000000000000000000e+00
8.100057772300095849e+01 1.000000000000000000e+00 1.000000000000000000e+01
8.200057772300090164e+01 2.000000000000000000e+00 1.000000000000000000e+01
8.300023652229779714e+01 2.000000000000000000e+00 9.000000000000000000e+00
8.400057772300078796e+01 5.000000000000000000e+00 1.200000000000000000e+01
8.500057772300073111e+01 4.000000000000000000e+00 1.200000000000000000e+01
8.600057772300067427e+01 3.000000000000000000e+00 1.100000000000000000e+01
8.700057772300061742e+01 5.000000000000000000e+00 1.200000000000000000e+01
8.800057772300056058e+01 5.000000000000000000e+00 1.200000000000000000e+01
8.900057772300050374e+01 5.000000000000000000e+00 1.200000000000000000e+01
9.000057772300044689e+01 5.000000000000000000e+00 1.300000000000000000e+01
9.100057772300039005e+01 5.000000000000000000e+00 1.400000000000000000e+01
9.200057772300033321e+01 4.000000000000000000e+00 1.300000000000000000e+01
9.300057772300027636e+01 4.000000000000000000e+00 1.300000000000000000e+01
9.400057772300021952e+01 3.000000000000000000e+00 1.400000000000000000e+01
9.500057772300016268e+01 4.000000000000000000e+00 1.400000000000000000e+01
9.600057772300010583e+01 3.000000000000000000e+00 1.400000000000000000e+01
9.700057772300004899e+01 1.000000000000000000e+00 1.200000000000000000e+01
9.800013596328487608e+01 1.000000000000000000e+00 1.200000000000000000e+01
9.900057772299993530e+01 1.000000000000000000e+00 1.100000000000000000e+01
1.000005455970981956e+02 3.000000000000000000e+00 9.000000000000000000e+00
1.010005777229998216e+02 4.000000000000000000e+00 9.000000000000000000e+00
1.020005777229997648e+02 5.000000000000000000e+00 1.000000000000000000e+01
1.030005777229997079e+02 5.000000000000000000e+00 1.000000000000000000e+01
1.040005777229996511e+02 7.000000000000000000e+00 1.000000000000000000e+01
1.050005777229995942e+02 7.000000000000000000e+00 1.100000000000000000e+01
1.060005777229995374e+02 8.000000000000000000e+00 1.100000000000000000e+01
1.070005777229994806e+02 9.000000000000000000e+00 1.300000000000000000e+01
1.080005777229994237e+02 9.000000000000000000e+00 1.300000000000000000e+01
1.090005777229993669e+02 9.000000000000000000e+00 1.300000000000000000e+01
1.100005777229993100e+02 1.200000000000000000e+01 1.600000000000000000e+01
1.110005777229992532e+02 1.200000000000000000e+01 1.900000000000000000e+01
1.120005777229991963e+02 1.000000000000000000e+01 1.900000000000000000e+01
1.130005777229991395e+02 1.000000000000000000e+01 1.800000000000000000e+01
1.140005777229990827e+02 8.000000000000000000e+00 1.600000000000000000e+01
1.150005777229990258e+02 8.000000000000000000e+00 1.600000000000000000e+01
1.160004118679240435e+02 9.000000000000000000e+00 1.600000000000000000e+01
1.170005777229989121e+02 8.000000000000000000e+00 1.300000000000000000e+01
1.180005777229988553e+02 9.000000000000000000e+00 1.300000000000000000e+01
1.190005777229987984e+02 7.000000000000000000e+00 1.300000000000000000e+01
1.200005777229987416e+02 7.000000000000000000e+00 1.300000000000000000e+01
1.210005777229986847e+02 6.000000000000000000e+00 1.400000000000000000e+01
1.220005777229986279e+02 6.000000000000000000e+00 1.300000000000000000e+01
1.230005777229985711e+02 6.000000000000000000e+00 1.300000000000000000e+01
1.240005777229985142e+02 7.000000000000000000e+00 1.300000000000000000e+01
1.250005777229984574e+02 8.000000000000000000e+00 1.100000000000000000e+01
1.260005777229984005e+02 8.000000000000000000e+00 8.000000000000000000e+00
1.270005777229983437e+02 9.000000000000000000e+00 8.000000000000000000e+00
1.280002758513895174e+02 9.000000000000000000e+00 9.000000000000000000e+00
1.290005777229982300e+02 7.000000000000000000e+00 1.000000000000000000e+01
1.300005777229981732e+02 8.000000000000000000e+00 1.000000000000000000e+01
1.310005777229981163e+02 6.000000000000000000e+00 1.100000000000000000e+01
1.320005777229980595e+02 6.000000000000000000e+00 1.100000000000000000e+01
1.330005777229980026e+02 7.000000000000000000e+00 1.200000000000000000e+01
1.340005777229979458e+02 4.000000000000000000e+00 1.200000000000000000e+01
1.350004939339502812e+02 4.000000000000000000e+00 1.200000000000000000e+01
1.360005210343915678e+02 4.000000000000000000e+00 1.200000000000000000e+01
1.370005777229977753e+02 4.000000000000000000e+00 1.200000000000000000e+01
1.380005777229977184e+02 5.000000000000000000e+00 1.200000000000000000e+01
1.390005777229976616e+02 5.000000000000000000e+00 9.000000000000000000e+00
1.400005777229976047e+02 5.000000000000000000e+00 8.000000000000000000e+00
1.410005777229975479e+02 5.000000000000000000e+00 8.000000000000000000e+00
1.420002406170625875e+02 6.000000000000000000e+00 9.000000000000000000e+00
1.430005777229974342e+02 7.000000000000000000e+00 1.000000000000000000e+01
1.440005777229973774e+02 7.000000000000000000e+00 9.000000000000000000e+00
1.450005777229973205e+02 8.000000000000000000e+00 7.000000000000000000e+00
1.460005777229972637e+02 9.000000000000000000e+00 7.000000000000000000e+00
1.470005777229972068e+02 1.200000000000000000e+01 8.000000000000000000e+00
1.480005777229971500e+02 1.200000000000000000e+01 7.000000000000000000e+00
1.490005777229970931e+02 8.000000000000000000e+00 7.000000000000000000e+00
1.500001984166265458e+02 5.000000000000000000e+00 7.000000000000000000e+00
1.510005777229969794e+02 5.000000000000000000e+00 7.000000000000000000e+00
1.520005777229969226e+02 4.000000000000000000e+00 8.000000000000000000e+00
1.530005777229968658e+02 4.000000000000000000e+00 1.000000000000000000e+01
1.540005777229968089e+02 5.000000000000000000e+00 1.000000000000000000e+01
1.550005777229967521e+02 7.000000000000000000e+00 1.000000000000000000e+01
1.560005777229966952e+02 8.000000000000000000e+00 1.100000000000000000e+01
1.570001131079243635e+02 9.000000000000000000e+00 1.300000000000000000e+01
1.580005777229965815e+02 8.000000000000000000e+00 1.300000000000000000e+01
1.590005777229965247e+02 9.000000000000000000e+00 1.400000000000000000e+01
1.600005777229964679e+02 1.000000000000000000e+01 1.500000000000000000e+01
1.610005330632576204e+02 9.000000000000000000e+00 1.500000000000000000e+01
1.620005777229963542e+02 1.000000000000000000e+01 1.400000000000000000e+01
1.630005777229962973e+02 1.000000000000000000e+01 1.400000000000000000e+01
1.640005777229962405e+02 9.000000000000000000e+00 1.400000000000000000e+01
1.650005777229961836e+02 1.000000000000000000e+01 1.500000000000000000e+01
1.660005777229961268e+02 9.000000000000000000e+00 1.700000000000000000e+01
1.670005777229960700e+02 9.000000000000000000e+00 1.800000000000000000e+01
1.680002938188494568e+02 6.000000000000000000e+00 2.000000000000000000e+01
1.690005777229959563e+02 5.000000000000000000e+00 2.000000000000000000e+01
1.700005777229958994e+02 4.000000000000000000e+00 2.000000000000000000e+01
1.710005777229958426e+02 2.000000000000000000e+00 2.200000000000000000e+01
1.720005777229957857e+02 1.000000000000000000e+00 2.300000000000000000e+01
1.730005777229957289e+02 1.000000000000000000e+00 2.200000000000000000e+01
1.740005777229956720e+02 3.000000000000000000e+00 2.000000000000000000e+01
1.750000202636176994e+02 4.000000000000000000e+00 2.000000000000000000e+01
1.760005777229955584e+02 4.000000000000000000e+00 1.800000000000000000e+01
1.770005777229955015e+02 5.000000000000000000e+00 1.700000000000000000e+01
1.780005777229954447e+02 5.000000000000000000e+00 1.700000000000000000e+01
1.790005777229953878e+02 5.000000000000000000e+00 1.700000000000000000e+01
1.800005777229953310e+02 6.000000000000000000e+00 1.600000000000000000e+01
1.810000739864560160e+02 6.000000000000000000e+00 1.500000000000000000e+01
1.820005777229952173e+02 6.000000000000000000e+00 1.600000000000000000e+01
1.830005777229951605e+02 7.000000000000000000e+00 1.900000000000000000e+01
1.840005777229951036e+02 7.000000000000000000e+00 1.900000000000000000e+01
1.850005777229950468e+02 6.000000000000000000e+00 1.700000000000000000e+01
1.860005777229949899e+02 6.000000000000000000e+00 1.600000000000000000e+01
1.870005777229949331e+02 6.000000000000000000e+00 1.600000000000000000e+01
1.880005777229948762e+02 8.000000000000000000e+00 1.400000000000000000e+01
1.890005777229948194e+02 9.000000000000000000e+00 1.500000000000000000e+01
1.900005777229947626e+02 1.000000000000000000e+01 1.400000000000000000e+01
1.910005777229947057e+02 1.000000000000000000e+01 1.200000000000000000e+01
1.920005777229946489e+02 1.100000000000000000e+01 1.200000000000000000e+01
1.930005777229945920e+02 8.000000000000000000e+00 1.200000000000000000e+01
1.940005777229945352e+02 1.000000000000000000e+01 1.600000000000000000e+01
1.950005777229944783e+02 1.000000000000000000e+01 1.500000000000000000e+01
1.960005777229944215e+02 1.100000000000000000e+01 1.500000000000000000e+01
1.970005777229943646e+02 1.200000000000000000e+01 1.600000000000000000e+01
1.980005777229943078e+02 1.200000000000000000e+01 1.500000000000000000e+01
1.990005777229942510e+02 1.300000000000000000e+01 1.700000000000000000e+01
2.000005777229941941e+02 1.300000000000000000e+01 1.700000000000000000e+01
2.010004135138725303e+02 1.400000000000000000e+01 1.700000000000000000e+01
2.020005777229940804e+02 1.300000000000000000e+01 1.700000000000000000e+01
2.030005777229940236e+02 1.300000000000000000e+01 1.700000000000000000e+01
2.040005777229939667e+02 1.500000000000000000e+01 1.700000000000000000e+01
2.050005777229939099e+02 1.500000000000000000e+01 1.600000000000000000e+01
2.060005777229938531e+02 1.500000000000000000e+01 1.800000000000000000e+01
2.070005777229937962e+02 1.400000000000000000e+01 1.800000000000000000e+01
2.080005777229937394e+02 1.300000000000000000e+01 1.900000000000000000e+01
2.090005777229936825e+02 1.000000000000000000e+01 1.900000000000000000e+01
2.100005777229936257e+02 1.100000000000000000e+01 2.000000000000000000e+01
2.110005777229935688e+02 1.200000000000000000e+01 2.100000000000000000e+01
2.120005777229935120e+02 1.000000000000000000e+01 2.200000000000000000e+01
2.130003177521031716e+02 9.000000000000000000e+00 2.000000000000000000e+01
2.140005777229933983e+02 1.100000000000000000e+01 1.700000000000000000e+01
2.150005777229933415e+02 1.200000000000000000e+01 1.700000000000000000e+01
2.160005777229932846e+02 1.200000000000000000e+01 1.800000000000000000e+01
2.170005777229932278e+02 1.200000000000000000e+01 1.800000000000000000e+01
2.180005777229931709e+02 1.100000000000000000e+01 1.800000000000000000e+01
2.190005777229931141e+02 1.100000000000000000e+01 1.700000000000000000e+01
2.200005777229930573e+02 1.300000000000000000e+01 1.700000000000000000e+01
2.210005777229930004e+02 1.400000000000000000e+01 1.900000000000000000e+01
2.220001732393434395e+02 1.400000000000000000e+01 1.900000000000000000e+01
2.230005777229928867e+02 1.400000000000000000e+01 2.000000000000000000e+01
2.240005777229928299e+02 1.600000000000000000e+01 2.000000000000000000e+01
2.250005777229927730e+02 1.300000000000000000e+01 2.000000000000000000e+01
2.260005777229927162e+02 1.200000000000000000e+01 2.100000000000000000e+01
2.270005777229926593e+02 1.400000000000000000e+01 2.000000000000000000e+01
2.280002271094845128e+02 1.000000000000000000e+01 2.000000000000000000e+01
2.290005777229925457e+02 1.100000000000000000e+01 2.300000000000000000e+01
2.300005777229924888e+02 1.000000000000000000e+01 2.400000000000000000e+01
2.310005777229924320e+02 1.100000000000000000e+01 2.400000000000000000e+01
2.320005777229923751e+02 1.000000000000000000e+01 2.400000000000000000e+01
2.330005777229923183e+02 1.000000000000000000e+01 2.600000000000000000e+01
2.340005777229922614e+02 9.000000000000000000e+00 2.400000000000000000e+01
2.350004958512975861e+02 8.000000000000000000e+00 2.200000000000000000e+01
2.360005777229921478e+02 8.000000000000000000e+00 2.200000000000000000e+01
2.370005777229920909e+02 8.000000000000000000e+00 2.200000000000000000e+01
2.380005777229920341e+02 7.000000000000000000e+00 2.200000000000000000e+01
2.390005777229919772e+02 8.000000000000000000e+00 2.300000000000000000e+01
2.400005777229919204e+02 7.000000000000000000e+00 2.200000000000000000e+01
2.410005777229918635e+02 7.000000000000000000e+00 2.400000000000000000e+01
2.420005777229918067e+02 7.000000000000000000e+00 1.800000000000000000e+01
2.430005777229917499e+02 6.000000000000000000e+00 1.500000000000000000e+01
2.440005777229916930e+02 5.000000000000000000e+00 1.300000000000000000e+01
2.450005777229916362e+02 5.000000000000000000e+00 8.000000000000000000e+00
2.460005777229915793e+02 7.000000000000000000e+00 9.000000000000000000e+00
2.470005777229915225e+02 8.000000000000000000e+00 1.000000000000000000e+01
2.480005777229914656e+02 9.000000000000000000e+00 1.000000000000000000e+01
2.490005777229914088e+02 1.000000000000000000e+01 8.000000000000000000e+00
2.500005777229913519e+02 1.100000000000000000e+01 5.000000000000000000e+00
2.510005777229912951e+02 1.100000000000000000e+01 4.000000000000000000e+00
2.520005777229912383e+02 1.200000000000000000e+01 6.000000000000000000e+00
2.530005777229911814e+02 1.400000000000000000e+01 6.000000000000000000e+00
2.540005777229911246e+02 1.400000000000000000e+01 5.000000000000000000e+00
2.550005777229910677e+02 1.200000000000000000e+01 5.000000000000000000e+00
2.560005777229910109e+02 1.200000000000000000e+01 7.000000000000000000e+00
2.570005777229912383e+02 9.000000000000000000e+00 8.000000000000000000e+00
2.580005777229914656e+02 8.000000000000000000e+00 4.000000000000000000e+00
2.590004565349767631e+02 6.000000000000000000e+00 3.000000000000000000e+00
2.600005777229919204e+02 8.000000000000000000e+00 2.000000000000000000e+00
2.610005777229921478e+02 7.000000000000000000e+00 3.000000000000000000e+00
2.620002498116492688e+02 7.000000000000000000e+00 3.000000000000000000e+00
2.630005777229926025e+02 8.000000000000000000e+00 4.000000000000000000e+00
2.640005777229928299e+02 8.000000000000000000e+00 3.000000000000000000e+00
2.650005777229930573e+02 8.000000000000000000e+00 4.000000000000000000e+00
2.660005777229932846e+02 9.000000000000000000e+00 1.000000000000000000e+00
2.670005777229935120e+02 1.000000000000000000e+01 3.000000000000000000e+00
2.680005777229937394e+02 1.100000000000000000e+01 2.000000000000000000e+00
2.690005777229939667e+02 1.100000000000000000e+01 1.000000000000000000e+00
2.700005777229941941e+02 1.200000000000000000e+01 1.000000000000000000e+00
2.710005777229944215e+02 1.100000000000000000e+01 1.000000000000000000e+00
2.720005777229946489e+02 1.100000000000000000e+01 1.000000000000000000e+00
2.730005777229948762e+02 1.200000000000000000e+01 1.000000000000000000e+00
2.740005777229951036e+02 1.300000000000000000e+01 1.000000000000000000e+00
2.750005777229953310e+02 1.300000000000000000e+01 4.000000000000000000e+00
2.760004289132962754e+02 1.300000000000000000e+01 0.000000000000000000e+00
2.770005777229957857e+02 1.300000000000000000e+01 0.000000000000000000e+00
2.780005777229960131e+02 1.100000000000000000e+01 0.000000000000000000e+00
2.790005777229962405e+02 1.000000000000000000e+01 0.000000000000000000e+00
2.800003446654635013e+02 9.000000000000000000e+00 0.000000000000000000e+00
2.810005777229966952e+02 9.000000000000000000e+00 0.000000000000000000e+00
2.820005777229969226e+02 1.200000000000000000e+01 1.000000000000000000e+00
2.830005777229971500e+02 1.300000000000000000e+01 1.000000000000000000e+00
2.840005777229973774e+02 1.300000000000000000e+01 0.000000000000000000e+00
2.850005777229976047e+02 1.200000000000000000e+01 1.000000000000000000e+00
2.860005777229978321e+02 9.000000000000000000e+00 4.000000000000000000e+00
2.870005777229980595e+02 1.200000000000000000e+01 4.000000000000000000e+00
2.880001558060949378e+02 1.200000000000000000e+01 2.000000000000000000e+00
2.890005777229985142e+02 1.200000000000000000e+01 2.000000000000000000e+00
2.900005777229987416e+02 1.200000000000000000e+01 2.000000000000000000e+00
2.910005777229989690e+02 1.200000000000000000e+01 1.000000000000000000e+00
2.920005777229991963e+02 1.600000000000000000e+01 2.000000000000000000e+00
2.930001672095349932e+02 1.600000000000000000e+01 2.000000000000000000e+00
2.940005777229996511e+02 1.600000000000000000e+01 5.000000000000000000e+00
2.950005777229998785e+02 1.800000000000000000e+01 6.000000000000000000e+00
2.960005777230001058e+02 1.700000000000000000e+01 7.000000000000000000e+00
2.970005777230003332e+02 1.700000000000000000e+01 8.000000000000000000e+00
2.980005777230005606e+02 1.800000000000000000e+01 6.000000000000000000e+00
2.990005777230007880e+02 1.600000000000000000e+01 6.000000000000000000e+00
3.000005777230010153e+02 1.600000000000000000e+01 7.000000000000000000e+00
