0.000000000000000000e+00 0.000000000000000000e+00 0.000000000000000000e+00
1.000160178036218594e+00 1.000000000000000000e+00 1.000000000000000000e+00
2.000160178036219261e+00 0.000000000000000000e+00 0.000000000000000000e+00
3.000160178036220149e+00 0.000000000000000000e+00 0.000000000000000000e+00
4.000119897296214866e+00 1.000000000000000000e+00 1.000000000000000000e+00
5.000160178036217040e+00 3.000000000000000000e+00 3.000000000000000000e+00
6.000160178036213487e+00 3.000000000000000000e+00 3.000000000000000000e+00
7.000160178036209935e+00 3.000000000000000000e+00 3.000000000000000000e+00
8.000160178036207270e+00 4.000000000000000000e+00 4.000000000000000000e+00
9.000160178036203718e+00 3.000000000000000000e+00 3.000000000000000000e+00
1.000016017803620016e+01 5.000000000000000000e+00 5.000000000000000000e+00
1.100016017803619661e+01 6.000000000000000000e+00 6.000000000000000000e+00
1.200016017803619306e+01 6.000000000000000000e+00 6.000000000000000000e+00
1.300016017803618951e+01 7.000000000000000000e+00 7.000000000000000000e+00
1.400016017803618595e+01 7.000000000000000000e+00 7.000000000000000000e+00
1.500016017803618240e+01 7.000000000000000000e+00 7.000000000000000000e+00
1.600016017803617885e+01 6.000000000000000000e+00 6.000000000000000000e+00
1.700016017803619306e+01 5.000000000000000000e+00 5.000000000000000000e+00
1.800016017803620727e+01 5.000000000000000000e+00 5.000000000000000000e+00
1.900016017803622148e+01 6.000000000000000000e+00 6.000000000000000000e+00
2.000016017803623569e+01 6.000000000000000000e+00 7.000000000000000000e+00
2.100016017803624990e+01 5.000000000000000000e+00 6.000000000000000000e+00
2.200016017803626411e+01 5.000000000000000000e+00 6.000000000000000000e+00
2.300016017803627832e+01 7.000000000000000000e+00 8.000000000000000000e+00
2.400016017803629254e+01 7.000000000000000000e+00 8.000000000000000000e+00
2.500016017803630675e+01 1.000000000000000000e+01 8.000000000000000000e+00
2.600016017803632096e+01 1.000000000000000000e+01 6.000000000000000000e+00
2.700003852003158045e+01 9.000000000000000000e+00 5.000000000000000000e+00
2.800016017803634938e+01 8.000000000000000000e+00 4.000000000000000000e+00
2.900016017803636359e+01 9.000000000000000000e+00 6.000000000000000000e+00
3.000016017803637780e+01 1.000000000000000000e+01 5.000000000000000000e+00
3.100016017803639201e+01 1.000000000000000000e+01 6.000000000000000000e+00
3.200016017803640267e+01 9.000000000000000000e+00 6.000000000000000000e+00
3.300016017803641688e+01 1.000000000000000000e+01 7.000000000000000000e+00
3.400016017803643109e+01 9.000000000000000000e+00 7.000000000000000000e+00
3.500016017803644530e+01 1.000000000000000000e+01 7.000000000000000000e+00
3.600016017803645951e+01 1.000000000000000000e+01 6.000000000000000000e+00
3.700016017803647372e+01 1.100000000000000000e+01 5.000000000000000000e+00
3.800016017803648793e+01 1.000000000000000000e+01 5.000000000000000000e+00
3.900016017803650215e+01 1.000000000000000000e+01 4.000000000000000000e+00
4.000016017803651636e+01 1.100000000000000000e+01 5.000000000000000000e+00
4.100016017803653057e+01 1.000000000000000000e+01 6.000000000000000000e+00
4.200016017803654478e+01 1.300000000000000000e+01 8.000000000000000000e+00
4.300010999873956052e+01 1.300000000000000000e+01 8.000000000000000000e+00
4.400016017803657320e+01 1.400000000000000000e+01 6.000000000000000000e+00
4.500016017803658741e+01 1.400000000000000000e+01 6.000000000000000000e+00
4.600016017803660162e+01 1.200000000000000000e+01 6.000000000000000000e+00
4.700016017803661583e+01 1.000000000000000000e+01 7.000000000000000000e+00
4.800016017803663004e+01 8.000000000000000000e+00 6.000000000000000000e+00
4.900016017803664425e+01 4.000000000000000000e+00 7.000000000000000000e+00
5.000016017803665846e+01 1.000000000000000000e+00 5.000000000000000000e+00
5.100016017803667268e+01 0.000000000000000000e+00 5.000000000000000000e+00
5.200016017803668689e+01 1.000000000000000000e+00 6.000000000000000000e+00
5.300016017803670110e+01 0.000000000000000000e+00 6.000000000000000000e+00
5.400016017803671531e+01 2.000000000000000000e+00 7.000000000000000000e+00
5.500016017803672952e+01 1.000000000000000000e+00 8.000000000000000000e+00
5.600016017803674373e+01 1.000000000000000000e+00 7.000000000000000000e+00
5.700016017803675794e+01 2.000000000000000000e+00 8.000000000000000000e+00
5.800016017803677215e+01 2.000000000000000000e+00 8.000000000000000000e+00
5.900016017803678636e+01 2.000000000000000000e+00 8.000000000000000000e+00
6.000016017803680057e+01 1.000000000000000000e+00 8.000000000000000000e+00
6.100016017803681478e+01 3.000000000000000000e+00 9.000000000000000000e+00
6.200016017803682900e+01 2.000000000000000000e+00 9.000000000000000000e+00
6.300016017803684321e+01 2.000000000000000000e+00 9.000000000000000000e+00
6.400016017803685031e+01 1.000000000000000000e+00 9.000000000000000000e+00
6.500016017803679347e+01 1.000000000000000000e+00 1.000000000000000000e+01
6.600016017803673662e+01 1.000000000000000000e+00 1.100000000000000000e+01
6.700016017803667978e+01 3.000000000000000000e+00 1.300000000000000000e+01
6.800016017803662294e+01 1.000000000000000000e+00 1.300000000000000000e+01
6.900016017803656609e+01 1.000000000000000000e+00 1.200000000000000000e+01
7.000016017803650925e+01 2.000000000000000000e+00 1.300000000000000000e+01
7.100016017803645241e+01 4.000000000000000000e+00 1.500000000000000000e+01
7.200016017803639556e+01 5.000000000000000000e+00 1.300000000000000000e+01
7.300016017803633872e+01 6.000000000000000000e+00 1.600000000000000000e+01
7.400016017803628188e+01 6.000000000000000000e+00 1.600000000000000000e+01
7.500016017803622503e+01 4.000000000000000000e+00 1.700000000000000000e+01
7.600016017803616819e+01 5.000000000000000000e+00 1.400000000000000000e+01
7.700016017803611135e+01 5.000000000000000000e+00 1.300000000000000000e+01
7.800016017803605450e+01 5.000000000000000000e+00 1.100000000000000000e+01
7.900016017803599766e+01 5.000000000000000000e+00 1.200000000000000000e+01
8.000016017803594082e+01 5.000000000000000000e+00 9.000000000000000000e+00
8.100016017803588397e+01 5.000000000000000000e+00 1.000000000000000000e+01
8.200016017803582713e+01 5.000000000000000000e+00 1.000000000000000000e+01
8.300016017803577029e+01 8.000000000000000000e+00 1.200000000000000000e+01
8.400016017803571344e+01 8.000000000000000000e+00 1.300000000000000000e+01
8.500016017803565660e+01 9.000000000000000000e+00 1.200000000000000000e+01
8.600016017803559976e+01 1.000000000000000000e+01 1.100000000000000000e+01
8.700016017803554291e+01 1.100000000000000000e+01 1.100000000000000000e+01
8.800016017803548607e+01 9.000000000000000000e+00 8.000000000000000000e+00
8.900016017803542923e+01 1.000000000000000000e+01 1.000000000000000000e+01
9.000009330776556737e+01 1.100000000000000000e+01 1.100000000000000000e+01
9.100016017803531554e+01 1.000000000000000000e+01 1.000000000000000000e+01
9.200016017803525870e+01 1.000000000000000000e+01 9.000000000000000000e+00
9.300016017803520185e+01 1.000000000000000000e+01 9.000000000000000000e+00
9.400016017803514501e+01 1.000000000000000000e+01 9.000000000000000000e+00
9.500016017803508817e+01 1.100000000000000000e+01 1.000000000000000000e+01
9.600016017803503132e+01 1.300000000000000000e+01 1.200000000000000000e+01
9.700016017803497448e+01 1.400000000000000000e+01 1.300000000000000000e+01
9.800016017803491764e+01 1.500000000000000000e+01 1.400000000000000000e+01
9.900016017803486079e+01 1.500000000000000000e+01 1.400000000000000000e+01
1.000001601780348039e+02 1.600000000000000000e+01 1.500000000000000000e+01
1.010001601780347471e+02 1.700000000000000000e+01 1.500000000000000000e+01
1.020001601780346903e+02 1.700000000000000000e+01 1.500000000000000000e+01
1.030000677088321339e+02 1.700000000000000000e+01 1.600000000000000000e+01
1.040001601780345766e+02 1.800000000000000000e+01 1.700000000000000000e+01
1.050001601780345197e+02 1.800000000000000000e+01 1.700000000000000000e+01
1.060001601780344629e+02 1.800000000000000000e+01 1.500000000000000000e+01
1.070001601780344060e+02 1.500000000000000000e+01 1.500000000000000000e+01
1.080001601780343492e+02 1.500000000000000000e+01 1.500000000000000000e+01
1.090001601780342924e+02 1.600000000000000000e+01 1.500000000000000000e+01
1.100001601780342355e+02 1.700000000000000000e+01 1.600000000000000000e+01
1.110001601780341787e+02 1.800000000000000000e+01 1.700000000000000000e+01
1.120001601780341218e+02 1.400000000000000000e+01 1.500000000000000000e+01
1.130001601780340650e+02 1.400000000000000000e+01 1.500000000000000000e+01
1.140001601780340081e+02 1.500000000000000000e+01 1.300000000000000000e+01
1.150001601780339513e+02 1.400000000000000000e+01 1.400000000000000000e+01
1.160001601780338945e+02 1.600000000000000000e+01 1.600000000000000000e+01
1.170001601780338376e+02 1.500000000000000000e+01 1.500000000000000000e+01
1.180001601780337808e+02 1.500000000000000000e+01 1.700000000000000000e+01
1.190001601780337239e+02 1.500000000000000000e+01 1.800000000000000000e+01
1.200001601780336671e+02 1.500000000000000000e+01 1.800000000000000000e+01
1.210001601780336102e+02 1.400000000000000000e+01 1.900000000000000000e+01
1.220001601780335534e+02 1.500000000000000000e+01 2.100000000000000000e+01
1.230001601780334965e+02 1.400000000000000000e+01 2.100000000000000000e+01
1.240001601780334397e+02 1.300000000000000000e+01 1.900000000000000000e+01
1.250001601780333829e+02 1.300000000000000000e+01 1.800000000000000000e+01
1.260001601780333260e+02 1.300000000000000000e+01 1.900000000000000000e+01
1.270001601780332692e+02 1.200000000000000000e+01 1.900000000000000000e+01
1.280001601780332123e+02 1.200000000000000000e+01 1.900000000000000000e+01
1.290001601780331555e+02 1.200000000000000000e+01 1.900000000000000000e+01
1.300001601780330986e+02 1.100000000000000000e+01 1.800000000000000000e+01
1.310001601780330418e+02 1.100000000000000000e+01 1.700000000000000000e+01
1.320001601780329850e+02 1.400000000000000000e+01 2.000000000000000000e+01
1.330001601780329281e+02 1.500000000000000000e+01 1.800000000000000000e+01
1.340001601780328713e+02 1.400000000000000000e+01 1.800000000000000000e+01
1.350001601780328144e+02 1.400000000000000000e+01 1.800000000000000000e+01
1.360001601780327576e+02 1.300000000000000000e+01 1.800000000000000000e+01
1.370001601780327007e+02 1.400000000000000000e+01 1.900000000000000000e+01
1.380001601780326439e+02 1.500000000000000000e+01 2.000000000000000000e+01
1.390001601780325871e+02 1.500000000000000000e+01 2.000000000000000000e+01
1.400001601780325302e+02 1.400000000000000000e+01 2.000000000000000000e+01
1.410001544982635551e+02 1.400000000000000000e+01 2.100000000000000000e+01
1.420001601780324165e+02 1.500000000000000000e+01 2.100000000000000000e+01
1.430001601780323597e+02 1.700000000000000000e+01 2.100000000000000000e+01
1.440001601780323028e+02 2.000000000000000000e+01 2.300000000000000000e+01
1.450001601780322460e+02 2.100000000000000000e+01 2.400000000000000000e+01
1.460001601780321892e+02 2.000000000000000000e+01 2.500000000000000000e+01
1.470000072586130671e+02 1.900000000000000000e+01 2.500000000000000000e+01
1.480001601780320755e+02 1.600000000000000000e+01 2.500000000000000000e+01
1.490001601780320186e+02 1.400000000000000000e+01 2.300000000000000000e+01
1.500001601780319618e+02 1.400000000000000000e+01 2.300000000000000000e+01
1.510001601780319049e+02 1.300000000000000000e+01 2.100000000000000000e+01
1.520001601780318481e+02 1.300000000000000000e+01 1.900000000000000000e+01
1.530001601780317912e+02 1.300000000000000000e+01 1.300000000000000000e+01
1.540001601780317344e+02 1.400000000000000000e+01 1.000000000000000000e+01
1.550001601780316776e+02 1.400000000000000000e+01 9.000000000000000000e+00
1.560001601780316207e+02 1.600000000000000000e+01 8.000000000000000000e+00
1.570001601780315639e+02 1.700000000000000000e+01 7.000000000000000000e+00
1.580001601780315070e+02 2.000000000000000000e+01 8.000000000000000000e+00
1.590001601780314502e+02 2.200000000000000000e+01 7.000000000000000000e+00
1.600001601780313933e+02 2.000000000000000000e+01 7.000000000000000000e+00
1.610001601780313365e+02 1.900000000000000000e+01 8.000000000000000000e+00
1.620001601780312797e+02 1.900000000000000000e+01 9.000000000000000000e+00
1.630001601780312228e+02 2.100000000000000000e+01 9.000000000000000000e+00
1.640001601780311660e+02 2.300000000000000000e+01 9.000000000000000000e+00
1.650001601780311091e+02 2.100000000000000000e+01 1.000000000000000000e+01
1.660001601780310523e+02 2.000000000000000000e+01 9.000000000000000000e+00
1.670001601780309954e+02 1.700000000000000000e+01 1.100000000000000000e+01
1.680001601780309386e+02 1.500000000000000000e+01 1.100000000000000000e+01
1.690001601780308818e+02 1.500000000000000000e+01 1.100000000000000000e+01
1.700001601780308249e+02 1.700000000000000000e+01 1.100000000000000000e+01
1.710001601780307681e+02 1.400000000000000000e+01 1.100000000000000000e+01
1.720001601780307112e+02 1.200000000000000000e+01 1.300000000000000000e+01
1.730001601780306544e+02 1.100000000000000000e+01 1.400000000000000000e+01
1.740001601780305975e+02 1.200000000000000000e+01 1.600000000000000000e+01
1.750001601780305407e+02 1.200000000000000000e+01 1.100000000000000000e+01
1.760001601780304838e+02 1.200000000000000000e+01 9.000000000000000000e+00
1.770001601780304270e+02 1.300000000000000000e+01 8.000000000000000000e+00
1.780001601780303702e+02 1.300000000000000000e+01 6.000000000000000000e+00
1.790001601780303133e+02 1.300000000000000000e+01 6.000000000000000000e+00
1.800001601780302565e+02 1.300000000000000000e+01 6.000000000000000000e+00
1.810001601780301996e+02 1.100000000000000000e+01 6.000000000000000000e+00
1.820001601780301428e+02 1.100000000000000000e+01 8.000000000000000000e+00
1.830001601780300859e+02 1.000000000000000000e+01 7.000000000000000000e+00
1.840001601780300291e+02 1.100000000000000000e+01 6.000000000000000000e+00
1.850001601780299723e+02 1.000000000000000000e+01 5.000000000000000000e+00
1.860001601780299154e+02 1.000000000000000000e+01 4.000000000000000000e+00
1.870001601780298586e+02 1.100000000000000000e+01 4.000000000000000000e+00
1.880001601780298017e+02 1.100000000000000000e+01 6.000000000000000000e+00
1.890000004340864166e+02 1.100000000000000000e+01 6.000000000000000000e+00
1.900001601780296880e+02 1.200000000000000000e+01 6.000000000000000000e+00
1.910001601780296312e+02 1.000000000000000000e+01 4.000000000000000000e+00
1.920001601780295744e+02 9.000000000000000000e+00 4.000000000000000000e+00
1.930001601780295175e+02 9.000000000000000000e+00 3.000000000000000000e+00
1.940001601780294607e+02 9.000000000000000000e+00 2.000000000000000000e+00
1.950001601780294038e+02 8.000000000000000000e+00 4.000000000000000000e+00
1.960001601780293470e+02 7.000000000000000000e+00 3.000000000000000000e+00
1.970001601780292901e+02 7.000000000000000000e+00 3.000000000000000000e+00
1.980001601780292333e+02 7.000000000000000000e+00 4.000000000000000000e+00
1.990001601780291764e+02 7.000000000000000000e+00 3.000000000000000000e+00
2.000001601780291196e+02 1.000000000000000000e+01 4.000000000000000000e+00
2.010001601780290628e+02 1.200000000000000000e+01 4.000000000000000000e+00
2.020001601780290059e+02 1.300000000000000000e+01 4.000000000000000000e+00
2.030001601780289491e+02 1.500000000000000000e+01 5.000000000000000000e+00
2.040001601780288922e+02 9.000000000000000000e+00 6.000000000000000000e+00
2.050001601780288354e+02 4.000000000000000000e+00 6.000000000000000000e+00
2.060001601780287785e+02 6.000000000000000000e+00 6.000000000000000000e+00
2.070001601780287217e+02 7.000000000000000000e+00 7.000000000000000000e+00
2.080001601780286649e+02 6.000000000000000000e+00 7.000000000000000000e+00
2.090001601780286080e+02 4.000000000000000000e+00 6.000000000000000000e+00
2.100001601780285512e+02 4.000000000000000000e+00 6.000000000000000000e+00
2.110001601780284943e+02 5.000000000000000000e+00 6.000000000000000000e+00
2.120001601780284375e+02 5.000000000000000000e+00 6.000000000000000000e+00
2.130001601780283806e+02 7.000000000000000000e+00 5.000000000000000000e+00
2.140001601780283238e+02 7.000000000000000000e+00 6.000000000000000000e+00
2.150001601780282670e+02 7.000000000000000000e+00 6.000000000000000000e+00
2.160001601780282101e+02 7.000000000000000000e+00 3.000000000000000000e+00
2.170001601780281533e+02 8.000000000000000000e+00 3.000000000000000000e+00
2.180001601780280964e+02 1.000000000000000000e+01 3.000000000000000000e+00
2.190000944334925634e+02 1.000000000000000000e+01 2.000000000000000000e+00
2.200001601780279827e+02 9.000000000000000000e+00 4.000000000000000000e+00
2.210001601780279259e+02 1.000000000000000000e+01 4.000000000000000000e+00
2.220001601780278691e+02 1.000000000000000000e+01 4.000000000000000000e+00
2.230001601780278122e+02 1.100000000000000000e+01 6.000000000000000000e+00
2.240001099544757324e+02 9.000000000000000000e+00 7.000000000000000000e+00
2.250001601780276985e+02 9.000000000000000000e+00 2.000000000000000000e+00
2.260001601780276417e+02 8.000000000000000000e+00 1.000000000000000000e+00
2.270001601780275848e+02 9.000000000000000000e+00 1.000000000000000000e+00
2.280001601780275280e+02 1.000000000000000000e+01 2.000000000000000000e+00
2.290001601780274711e+02 9.000000000000000000e+00 4.000000000000000000e+00
2.300001601780274143e+02 9.000000000000000000e+00 2.000000000000000000e+00
2.310001601780273575e+02 9.000000000000000000e+00 2.000000000000000000e+00
2.320001601780273006e+02 1.100000000000000000e+01 1.000000000000000000e+00
2.330001601780272438e+02 1.000000000000000000e+01 0.000000000000000000e+00
2.340001601780271869e+02 1.100000000000000000e+01 1.000000000000000000e+00
2.350001601780271301e+02 1.100000000000000000e+01 1.000000000000000000e+00
2.360001601780270732e+02 1.100000000000000000e+01 3.000000000000000000e+00
2.370001601780270164e+02 1.200000000000000000e+01 2.000000000000000000e+00
2.380001601780269596e+02 1.200000000000000000e+01 2.000000000000000000e+00
2.390001601780269027e+02 1.300000000000000000e+01 4.000000000000000000e+00
2.400001601780268459e+02 1.300000000000000000e+01 4.000000000000000000e+00
2.410001601780267890e+02 1.600000000000000000e+01 3.000000000000000000e+00
2.420001601780267322e+02 1.600000000000000000e+01 4.000000000000000000e+00
2.430001601780266753e+02 1.700000000000000000e+01 4.000000000000000000e+00
2.440001601780266185e+02 1.700000000000000000e+01 3.000000000000000000e+00
2.450001601780265617e+02 1.600000000000000000e+01 4.000000000000000000e+00
2.460000864718467710e+02 1.300000000000000000e+01 4.000000000000000000e+00
2.470001601780264480e+02 1.300000000000000000e+01 4.000000000000000000e+00
2.480001601780263911e+02 1.000000000000000000e+01 2.000000000000000000e+00
2.490001601780263343e+02 9.000000000000000000e+00 2.000000000000000000e+00
2.500001601780262774e+02 7.000000000000000000e+00 2.000000000000000000e+00
2.510001601780262206e+02 5.000000000000000000e+00 4.000000000000000000e+00
2.520001601780261637e+02 5.000000000000000000e+00 4.000000000000000000e+00
2.530001601780261069e+02 4.000000000000000000e+00 4.000000000000000000e+00
2.540001601780260501e+02 4.000000000000000000e+00 6.000000000000000000e+00
2.550001601780259932e+02 3.000000000000000000e+00 5.000000000000000000e+00
2.560001601780259648e+02 3.000000000000000000e+00 7.000000000000000000e+00
2.570001601780261922e+02 6.000000000000000000e+00 8.000000000000000000e+00
2.580001601780264195e+02 6.000000000000000000e+00 8.000000000000000000e+00
2.590001601780266469e+02 6.000000000000000000e+00 9.000000000000000000e+00
2.600001601780268743e+02 5.000000000000000000e+00 1.200000000000000000e+01
2.610001601780271017e+02 4.000000000000000000e+00 1.200000000000000000e+01
2.620001601780273290e+02 4.000000000000000000e+00 1.200000000000000000e+01
2.630001601780275564e+02 5.000000000000000000e+00 1.200000000000000000e+01
2.640001601780277838e+02 6.000000000000000000e+00 1.400000000000000000e+01
2.650001601780280112e+02 7.000000000000000000e+00 1.200000000000000000e+01
2.660001601780282385e+02 7.000000000000000000e+00 1.300000000000000000e+01
2.670001601780284659e+02 8.000000000000000000e+00 9.000000000000000000e+00
2.680001601780286933e+02 8.000000000000000000e+00 9.000000000000000000e+00
2.690001601780289207e+02 8.000000000000000000e+00 9.000000000000000000e+00
2.700001601780291480e+02 8.000000000000000000e+00 8.000000000000000000e+00
2.710001601780293754e+02 8.000000000000000000e+00 8.000000000000000000e+00
2.720001601780296028e+02 9.000000000000000000e+00 8.000000000000000000e+00
2.730001601780298301e+02 7.000000000000000000e+00 6.000000000000000000e+00
2.740001601780300575e+02 8.000000000000000000e+00 4.000000000000000000e+00
2.750001601780302849e+02 9.000000000000000000e+00 4.000000000000000000e+00
2.760001601780305123e+02 8.000000000000000000e+00 7.000000000000000000e+00
2.770001601780307396e+02 9.000000000000000000e+00 7.000000000000000000e+00
2.780001601780309670e+02 1.000000000000000000e+01 6.000000000000000000e+00
2.790001601780311944e+02 6.000000000000000000e+00 6.000000000000000000e+00
2.800001601780314218e+02 6.000000000000000000e+00 8.000000000000000000e+00
2.810001601780316491e+02 6.000000000000000000e+00 8.000000000000000000e+00
2.820001601780318765e+02 9.000000000000000000e+00 5.000000000000000000e+00
2.830001601780321039e+02 9.000000000000000000e+00 5.000000000000000000e+00
2.840001601780323313e+02 9.000000000000000000e+00 3.000000000000000000e+00
2.850001601780325586e+02 1.000000000000000000e+01 2.000000000000000000e+00
2.860001601780327860e+02 1.000000000000000000e+01 3.000000000000000000e+00
2.870001601780330134e+02 1.100000000000000000e+01 5.000000000000000000e+00
2.880001601780332408e+02 1.200000000000000000e+01 6.000000000000000000e+00
2.890001601780334681e+02 1.000000000000000000e+01 4.000000000000000000e+00
2.900001601780336955e+02 1.000000000000000000e+01 4.000000000000000000e+00
2.910001601780339229e+02 1.000000000000000000e+01 5.000000000000000000e+00
2.920001601780341502e+02 1.000000000000000000e+01 6.000000000000000000e+00
2.930001601780343776e+02 1.200000000000000000e+01 7.000000000000000000e+00
2.940001601780346050e+02 1.200000000000000000e+01 8.000000000000000000e+00
2.950001601780348324e+02 1.300000000000000000e+01 9.000000000000000000e+00
2.960001601780350597e+02 1.200000000000000000e+01 8.000000000000000000e+00
2.970001601780352871e+02 1.100000000000000000e+01 9.000000000000000000e+00
2.980001601780355145e+02 1.200000000000000000e+01 1.000000000000000000e+01
2.990001601780357419e+02 1.300000000000000000e+01 9.000000000000000000e+00
3.000001601780359692e+02 1.300000000000000000e+01 9.000000000000000000e+00
