0.000000000000000000e+00 0.000000000000000000e+00 0.000000000000000000e+00
1.000821465541178901e+00 0.000000000000000000e+00 0.000000000000000000e+00
2.000821465541179567e+00 0.000000000000000000e+00 0.000000000000000000e+00
3.000441023825479725e+00 2.000000000000000000e+00 2.000000000000000000e+00
4.000773155067885334e+00 3.000000000000000000e+00 3.000000000000000000e+00
5.000238191655257403e+00 3.000000000000000000e+00 3.000000000000000000e+00
6.000821465541173794e+00 3.000000000000000000e+00 3.000000000000000000e+00
7.000821465541170241e+00 5.000000000000000000e+00 5.000000000000000000e+00
8.000821465541166688e+00 7.000000000000000000e+00 7.000000000000000000e+00
9.000821465541163136e+00 8.000000000000000000e+00 8.000000000000000000e+00
1.000082146554115958e+01 9.000000000000000000e+00 9.000000000000000000e+00
1.100003318059745006e+01 1.000000000000000000e+01 1.000000000000000000e+01
1.200082146554115248e+01 1.100000000000000000e+01 1.100000000000000000e+01
1.300082146554114892e+01 1.200000000000000000e+01 1.200000000000000000e+01
1.400082146554114537e+01 1.300000000000000000e+01 1.300000000000000000e+01
1.500082146554114182e+01 1.000000000000000000e+01 1.000000000000000000e+01
1.600082146554114004e+01 1.000000000000000000e+01 1.000000000000000000e+01
1.700080030470707726e+01 1.100000000000000000e+01 1.100000000000000000e+01
1.800082146554116846e+01 1.100000000000000000e+01 1.100000000000000000e+01
1.900004020057201259e+01 1.000000000000000000e+01 1.000000000000000000e+01
2.000006089462354097e+01 1.100000000000000000e+01 1.100000000000000000e+01
2.100082146554121110e+01 1.100000000000000000e+01 1.100000000000000000e+01
2.200082146554122531e+01 1.000000000000000000e+01 1.000000000000000000e+01
2.300008089111692655e+01 9.000000000000000000e+00 9.000000000000000000e+00
2.400082146554125373e+01 8.000000000000000000e+00 8.000000000000000000e+00
2.500082146554126794e+01 6.000000000000000000e+00 7.000000000000000000e+00
2.600082146554128215e+01 5.000000000000000000e+00 3.000000000000000000e+00
2.700082146554129636e+01 5.000000000000000000e+00 4.000000000000000000e+00
2.800082146554131057e+01 6.000000000000000000e+00 3.000000000000000000e+00
2.900011666465396232e+01 5.000000000000000000e+00 3.000000000000000000e+00
3.000014818878875644e+01 5.000000000000000000e+00 3.000000000000000000e+00
3.100082146554135321e+01 6.000000000000000000e+00 4.000000000000000000e+00
3.200012740663800770e+01 7.000000000000000000e+00 4.000000000000000000e+00
3.300082146554137807e+01 8.000000000000000000e+00 5.000000000000000000e+00
3.400082146554139229e+01 9.000000000000000000e+00 5.000000000000000000e+00
3.500082146554140650e+01 9.000000000000000000e+00 5.000000000000000000e+00
3.600082146554142071e+01 1.000000000000000000e+01 6.000000000000000000e+00
3.700082146554143492e+01 1.100000000000000000e+01 6.000000000000000000e+00
3.800082146554144913e+01 1.000000000000000000e+01 5.000000000000000000e+00
3.900082146554146334e+01 9.000000000000000000e+00 6.000000000000000000e+00
4.000082146554147755e+01 9.000000000000000000e+00 7.000000000000000000e+00
4.100082146554149176e+01 7.000000000000000000e+00 5.000000000000000000e+00
4.200082146554150597e+01 8.000000000000000000e+00 7.000000000000000000e+00
4.300082146554152018e+01 6.000000000000000000e+00 7.000000000000000000e+00
4.400082146554153439e+01 6.000000000000000000e+00 5.000000000000000000e+00
4.500082146554154860e+01 7.000000000000000000e+00 5.000000000000000000e+00
4.600018555429929279e+01 7.000000000000000000e+00 5.000000000000000000e+00
4.700070226880390578e+01 8.000000000000000000e+00 5.000000000000000000e+00
4.800082146554159124e+01 7.000000000000000000e+00 5.000000000000000000e+00
4.900082146554160545e+01 9.000000000000000000e+00 6.000000000000000000e+00
5.000082146554161966e+01 1.000000000000000000e+01 7.000000000000000000e+00
5.100008328811293978e+01 7.000000000000000000e+00 5.000000000000000000e+00
5.200027629604208101e+01 7.000000000000000000e+00 8.000000000000000000e+00
5.300082146554166229e+01 9.000000000000000000e+00 8.000000000000000000e+00
5.400082146554167650e+01 8.000000000000000000e+00 9.000000000000000000e+00
5.500066383070327447e+01 8.000000000000000000e+00 9.000000000000000000e+00
5.600082146554170492e+01 9.000000000000000000e+00 1.000000000000000000e+01
5.700082146554171914e+01 9.000000000000000000e+00 1.000000000000000000e+01
5.800082146554173335e+01 1.000000000000000000e+01 1.000000000000000000e+01
5.900082146554174756e+01 1.100000000000000000e+01 1.000000000000000000e+01
6.000082146554176177e+01 1.200000000000000000e+01 1.100000000000000000e+01
6.100082146554177598e+01 1.200000000000000000e+01 1.200000000000000000e+01
6.200082146554179019e+01 1.300000000000000000e+01 1.100000000000000000e+01
6.300022202417500239e+01 1.300000000000000000e+01 1.000000000000000000e+01
6.400082146554181861e+01 1.300000000000000000e+01 9.000000000000000000e+00
6.500082146554176177e+01 1.200000000000000000e+01 1.000000000000000000e+01
6.600075962989053835e+01 1.500000000000000000e+01 1.000000000000000000e+01
6.700082146554164808e+01 1.600000000000000000e+01 1.100000000000000000e+01
6.800082146554159124e+01 1.500000000000000000e+01 1.100000000000000000e+01
6.900082146554153439e+01 1.300000000000000000e+01 1.000000000000000000e+01
7.000045781452863025e+01 1.300000000000000000e+01 9.000000000000000000e+00
7.100082146554142071e+01 1.300000000000000000e+01 1.300000000000000000e+01
7.200082146554136386e+01 1.100000000000000000e+01 1.500000000000000000e+01
7.300082146554130702e+01 1.000000000000000000e+01 1.300000000000000000e+01
7.400082146554125018e+01 1.000000000000000000e+01 1.400000000000000000e+01
7.500034940452530918e+01 1.100000000000000000e+01 1.400000000000000000e+01
7.600082146554113649e+01 1.000000000000000000e+01 1.500000000000000000e+01
7.700082146554107965e+01 1.100000000000000000e+01 1.500000000000000000e+01
7.800082146554102280e+01 1.200000000000000000e+01 1.500000000000000000e+01
7.900082146554096596e+01 9.000000000000000000e+00 1.600000000000000000e+01
8.000082146554090912e+01 6.000000000000000000e+00 1.600000000000000000e+01
8.100082146554085227e+01 4.000000000000000000e+00 1.400000000000000000e+01
8.200003577063974092e+01 2.000000000000000000e+00 1.400000000000000000e+01
8.300014113036732510e+01 0.000000000000000000e+00 1.300000000000000000e+01
8.400082146554068174e+01 2.000000000000000000e+00 8.000000000000000000e+00
8.500081632265067810e+01 3.000000000000000000e+00 7.000000000000000000e+00
8.600082146554056806e+01 4.000000000000000000e+00 9.000000000000000000e+00
8.700082146554051121e+01 6.000000000000000000e+00 8.000000000000000000e+00
8.800082146554045437e+01 6.000000000000000000e+00 8.000000000000000000e+00
8.900082146554039753e+01 7.000000000000000000e+00 7.000000000000000000e+00
9.000082146554034068e+01 7.000000000000000000e+00 5.000000000000000000e+00
9.100012063508658855e+01 6.000000000000000000e+00 3.000000000000000000e+00
9.200082146554022700e+01 7.000000000000000000e+00 4.000000000000000000e+00
9.300082146554017015e+01 9.000000000000000000e+00 4.000000000000000000e+00
9.400053883681566447e+01 9.000000000000000000e+00 4.000000000000000000e+00
9.500081498613033659e+01 1.000000000000000000e+01 4.000000000000000000e+00
9.600082146553999962e+01 1.000000000000000000e+01 4.000000000000000000e+00
9.700082146553994278e+01 1.000000000000000000e+01 4.000000000000000000e+00
9.800082146553988593e+01 1.100000000000000000e+01 6.000000000000000000e+00
9.900082146553982909e+01 1.100000000000000000e+01 6.000000000000000000e+00
1.000008214655397722e+02 9.000000000000000000e+00 6.000000000000000000e+00
1.010008214655397154e+02 6.000000000000000000e+00 7.000000000000000000e+00
1.020008214655396586e+02 3.000000000000000000e+00 8.000000000000000000e+00
1.030000687876356551e+02 4.000000000000000000e+00 7.000000000000000000e+00
1.040008214655395449e+02 5.000000000000000000e+00 9.000000000000000000e+00
1.050008214655394880e+02 7.000000000000000000e+00 1.000000000000000000e+01
1.060008214655394312e+02 6.000000000000000000e+00 1.000000000000000000e+01
1.070008214655393743e+02 5.000000000000000000e+00 1.000000000000000000e+01
1.080008214655393175e+02 4.000000000000000000e+00 1.000000000000000000e+01
1.090008214655392607e+02 5.000000000000000000e+00 1.100000000000000000e+01
1.100008214655392038e+02 3.000000000000000000e+00 1.100000000000000000e+01
1.110008214655391470e+02 4.000000000000000000e+00 1.300000000000000000e+01
1.120008214655390901e+02 3.000000000000000000e+00 1.300000000000000000e+01
1.130008214655390333e+02 4.000000000000000000e+00 9.000000000000000000e+00
1.140008214655389764e+02 4.000000000000000000e+00 9.000000000000000000e+00
1.150003451065895064e+02 4.000000000000000000e+00 1.200000000000000000e+01
1.160008214655388628e+02 4.000000000000000000e+00 1.200000000000000000e+01
1.170008214655388059e+02 4.000000000000000000e+00 1.300000000000000000e+01
1.180008214655387491e+02 4.000000000000000000e+00 1.400000000000000000e+01
1.190008214655386922e+02 6.000000000000000000e+00 1.500000000000000000e+01
1.200000725056090687e+02 4.000000000000000000e+00 1.500000000000000000e+01
1.210007991897693245e+02 5.000000000000000000e+00 1.600000000000000000e+01
1.220008214655385217e+02 6.000000000000000000e+00 1.700000000000000000e+01
1.230008214655384648e+02 6.000000000000000000e+00 1.600000000000000000e+01
1.240004974585779820e+02 6.000000000000000000e+00 1.500000000000000000e+01
1.250008214655383512e+02 9.000000000000000000e+00 1.600000000000000000e+01
1.260008214655382943e+02 8.000000000000000000e+00 1.600000000000000000e+01
1.270008214655382375e+02 8.000000000000000000e+00 1.800000000000000000e+01
1.280008214655381948e+02 9.000000000000000000e+00 1.800000000000000000e+01
1.290008214655381380e+02 1.000000000000000000e+01 1.800000000000000000e+01
1.300008214655380812e+02 1.100000000000000000e+01 2.000000000000000000e+01
1.310008214655380243e+02 1.100000000000000000e+01 1.900000000000000000e+01
1.320008214655379675e+02 1.200000000000000000e+01 1.700000000000000000e+01
1.330008214655379106e+02 1.100000000000000000e+01 1.700000000000000000e+01
1.340005412120385415e+02 1.300000000000000000e+01 1.900000000000000000e+01
1.350003945957978715e+02 1.200000000000000000e+01 1.800000000000000000e+01
1.360000619135369675e+02 1.000000000000000000e+01 1.900000000000000000e+01
1.370008214655376833e+02 9.000000000000000000e+00 1.800000000000000000e+01
1.380008214655376264e+02 1.100000000000000000e+01 1.900000000000000000e+01
1.390008214655375696e+02 1.300000000000000000e+01 2.000000000000000000e+01
1.400008214655375127e+02 9.000000000000000000e+00 1.900000000000000000e+01
1.410008214655374559e+02 9.000000000000000000e+00 2.200000000000000000e+01
1.420008214655373990e+02 9.000000000000000000e+00 2.200000000000000000e+01
1.430008214655373422e+02 5.000000000000000000e+00 2.200000000000000000e+01
1.440008214655372853e+02 5.000000000000000000e+00 2.200000000000000000e+01
1.450008214655372285e+02 4.000000000000000000e+00 2.300000000000000000e+01
1.460008214655371717e+02 6.000000000000000000e+00 1.800000000000000000e+01
1.470008214655371148e+02 7.000000000000000000e+00 1.600000000000000000e+01
1.480008214655370580e+02 7.000000000000000000e+00 1.800000000000000000e+01
1.490008214655370011e+02 8.000000000000000000e+00 1.800000000000000000e+01
1.500000794011361336e+02 7.000000000000000000e+00 1.700000000000000000e+01
1.510008214655368874e+02 8.000000000000000000e+00 1.700000000000000000e+01
1.520008214655368306e+02 7.000000000000000000e+00 1.100000000000000000e+01
1.530008214655367738e+02 9.000000000000000000e+00 1.100000000000000000e+01
1.540008214655367169e+02 1.000000000000000000e+01 1.100000000000000000e+01
1.550008214655366601e+02 1.000000000000000000e+01 1.100000000000000000e+01
1.560008214655366032e+02 1.000000000000000000e+01 1.100000000000000000e+01
1.570008214655365464e+02 9.000000000000000000e+00 1.100000000000000000e+01
1.580008214655364895e+02 9.000000000000000000e+00 1.100000000000000000e+01
1.590008214655364327e+02 6.000000000000000000e+00 1.200000000000000000e+01
1.600008214655363759e+02 6.000000000000000000e+00 1.200000000000000000e+01
1.610002708265744218e+02 7.000000000000000000e+00 1.200000000000000000e+01
1.620008214655362622e+02 6.000000000000000000e+00 1.300000000000000000e+01
1.630008214655362053e+02 7.000000000000000000e+00 1.200000000000000000e+01
1.640001206683227224e+02 5.000000000000000000e+00 1.200000000000000000e+01
1.650008214655360916e+02 5.000000000000000000e+00 1.100000000000000000e+01
1.660003138623149255e+02 5.000000000000000000e+00 1.300000000000000000e+01
1.670006573067470299e+02 4.000000000000000000e+00 1.300000000000000000e+01
1.680008214655359211e+02 6.000000000000000000e+00 1.200000000000000000e+01
1.690006473469325670e+02 5.000000000000000000e+00 1.300000000000000000e+01
1.700008214655358074e+02 5.000000000000000000e+00 1.500000000000000000e+01
1.710008214655357506e+02 3.000000000000000000e+00 1.500000000000000000e+01
1.720002328754329710e+02 3.000000000000000000e+00 1.500000000000000000e+01
1.730008214655356369e+02 1.000000000000000000e+00 1.500000000000000000e+01
1.740008214655355800e+02 1.000000000000000000e+00 1.500000000000000000e+01
1.750008214655355232e+02 1.000000000000000000e+00 1.600000000000000000e+01
1.760008214655354664e+02 1.000000000000000000e+00 1.700000000000000000e+01
1.770007146207839526e+02 2.000000000000000000e+00 1.900000000000000000e+01
1.780008214655353527e+02 1.000000000000000000e+00 1.800000000000000000e+01
1.790008214655352958e+02 1.000000000000000000e+00 1.700000000000000000e+01
1.800008214655352390e+02 0.000000000000000000e+00 1.500000000000000000e+01
1.810001471129037327e+02 2.000000000000000000e+00 1.500000000000000000e+01
1.820008214655351253e+02 3.000000000000000000e+00 1.300000000000000000e+01
1.830008214655350685e+02 2.000000000000000000e+00 1.000000000000000000e+01
1.840008214655350116e+02 2.000000000000000000e+00 1.000000000000000000e+01
1.850001259304290215e+02 2.000000000000000000e+00 8.000000000000000000e+00
1.860008214655348979e+02 1.000000000000000000e+00 7.000000000000000000e+00
1.870008214655348411e+02 1.000000000000000000e+00 7.000000000000000000e+00
1.880002648007919390e+02 2.000000000000000000e+00 5.000000000000000000e+00
1.890008214655347274e+02 3.000000000000000000e+00 5.000000000000000000e+00
1.900008214655346706e+02 5.000000000000000000e+00 5.000000000000000000e+00
1.910008214655346137e+02 5.000000000000000000e+00 5.000000000000000000e+00
1.920001140871618190e+02 5.000000000000000000e+00 6.000000000000000000e+00
1.930008214655345000e+02 3.000000000000000000e+00 6.000000000000000000e+00
1.940002864641548399e+02 3.000000000000000000e+00 7.000000000000000000e+00
1.950008214655343863e+02 4.000000000000000000e+00 7.000000000000000000e+00
1.960008214655343295e+02 4.000000000000000000e+00 6.000000000000000000e+00
1.970008214655342726e+02 5.000000000000000000e+00 8.000000000000000000e+00
1.980006339594381188e+02 6.000000000000000000e+00 8.000000000000000000e+00
1.990008214655341590e+02 7.000000000000000000e+00 1.000000000000000000e+01
2.000008214655341021e+02 3.000000000000000000e+00 1.000000000000000000e+01
2.010008214655340453e+02 2.000000000000000000e+00 1.100000000000000000e+01
2.020008214655339884e+02 2.000000000000000000e+00 1.000000000000000000e+01
2.030008214655339316e+02 2.000000000000000000e+00 8.000000000000000000e+00
2.040008214655338747e+02 3.000000000000000000e+00 8.000000000000000000e+00
2.050008214655338179e+02 2.000000000000000000e+00 8.000000000000000000e+00
2.060008214655337611e+02 2.000000000000000000e+00 7.000000000000000000e+00
2.070008214655337042e+02 2.000000000000000000e+00 9.000000000000000000e+00
2.080006280064961572e+02 4.000000000000000000e+00 8.000000000000000000e+00
2.090008214655335905e+02 4.000000000000000000e+00 5.000000000000000000e+00
2.100008214655335337e+02 6.000000000000000000e+00 4.000000000000000000e+00
2.110008214655334768e+02 7.000000000000000000e+00 4.000000000000000000e+00
2.120008214655334200e+02 6.000000000000000000e+00 5.000000000000000000e+00
2.130008214655333632e+02 5.000000000000000000e+00 5.000000000000000000e+00
2.140008214655333063e+02 6.000000000000000000e+00 4.000000000000000000e+00
2.150008214655332495e+02 6.000000000000000000e+00 5.000000000000000000e+00
2.160008214655331926e+02 8.000000000000000000e+00 7.000000000000000000e+00
2.170008214655331358e+02 6.000000000000000000e+00 8.000000000000000000e+00
2.180008214655330789e+02 5.000000000000000000e+00 7.000000000000000000e+00
2.190008214655330221e+02 4.000000000000000000e+00 9.000000000000000000e+00
2.200008214655329652e+02 3.000000000000000000e+00 9.000000000000000000e+00
2.210008214655329084e+02 3.000000000000000000e+00 9.000000000000000000e+00
2.220008214655328516e+02 5.000000000000000000e+00 9.000000000000000000e+00
2.230008214655327947e+02 4.000000000000000000e+00 9.000000000000000000e+00
2.240008214655327379e+02 5.000000000000000000e+00 1.100000000000000000e+01
2.250008214655326810e+02 5.000000000000000000e+00 1.100000000000000000e+01
2.260001551938292721e+02 3.000000000000000000e+00 1.100000000000000000e+01
2.270008214655325673e+02 4.000000000000000000e+00 1.300000000000000000e+01
2.280006677390933589e+02 4.000000000000000000e+00 1.100000000000000000e+01
2.290008214655324537e+02 6.000000000000000000e+00 1.000000000000000000e+01
2.300002434431635834e+02 6.000000000000000000e+00 1.000000000000000000e+01
2.310008214655323400e+02 6.000000000000000000e+00 9.000000000000000000e+00
2.320008214655322831e+02 6.000000000000000000e+00 8.000000000000000000e+00
2.330008214655322263e+02 6.000000000000000000e+00 8.000000000000000000e+00
2.340008214655321694e+02 8.000000000000000000e+00 9.000000000000000000e+00
2.350008214655321126e+02 8.000000000000000000e+00 1.100000000000000000e+01
2.360008214655320558e+02 8.000000000000000000e+00 1.000000000000000000e+01
2.370003827040784472e+02 9.000000000000000000e+00 1.100000000000000000e+01
2.380000553249395523e+02 1.000000000000000000e+01 1.300000000000000000e+01
2.390008214655318852e+02 9.000000000000000000e+00 1.200000000000000000e+01
2.400008214655318284e+02 9.000000000000000000e+00 1.400000000000000000e+01
2.410008214655317715e+02 9.000000000000000000e+00 1.400000000000000000e+01
2.420008214655317147e+02 9.000000000000000000e+00 1.500000000000000000e+01
2.430008214655316579e+02 1.000000000000000000e+01 1.500000000000000000e+01
2.440008214655316010e+02 1.000000000000000000e+01 1.400000000000000000e+01
2.450004410818565361e+02 1.000000000000000000e+01 1.300000000000000000e+01
2.460008214655314873e+02 9.000000000000000000e+00 1.500000000000000000e+01
2.470008214655314305e+02 8.000000000000000000e+00 1.500000000000000000e+01
2.480008214655313736e+02 7.000000000000000000e+00 1.600000000000000000e+01
2.490008214655313168e+02 8.000000000000000000e+00 1.300000000000000000e+01
2.500008214655312599e+02 8.000000000000000000e+00 1.200000000000000000e+01
2.510008214655312031e+02 8.000000000000000000e+00 1.100000000000000000e+01
2.520008214655311463e+02 8.000000000000000000e+00 1.100000000000000000e+01
2.530008214655310894e+02 1.000000000000000000e+01 1.300000000000000000e+01
2.540005132745233709e+02 1.200000000000000000e+01 8.000000000000000000e+00
2.550008214655309757e+02 1.200000000000000000e+01 7.000000000000000000e+00
2.560008214655309189e+02 1.200000000000000000e+01 5.000000000000000000e+00
2.570008214655311463e+02 1.200000000000000000e+01 6.000000000000000000e+00
2.580008214655313736e+02 1.100000000000000000e+01 7.000000000000000000e+00
2.590008214655316010e+02 9.000000000000000000e+00 7.000000000000000000e+00
2.600008214655318284e+02 9.000000000000000000e+00 6.000000000000000000e+00
2.610008214655320558e+02 9.000000000000000000e+00 5.000000000000000000e+00
2.620006518858747881e+02 9.000000000000000000e+00 5.000000000000000000e+00
2.630008214655325105e+02 9.000000000000000000e+00 6.000000000000000000e+00
2.640008214655327379e+02 1.000000000000000000e+01 7.000000000000000000e+00
2.650008214655329652e+02 1.100000000000000000e+01 8.000000000000000000e+00
2.660008214655331926e+02 1.000000000000000000e+01 9.000000000000000000e+00
2.670008214655334200e+02 1.200000000000000000e+01 9.000000000000000000e+00
2.680008214655336474e+02 1.300000000000000000e+01 1.000000000000000000e+01
2.690008214655338747e+02 1.100000000000000000e+01 1.100000000000000000e+01
2.700008214655341021e+02 1.100000000000000000e+01 1.200000000000000000e+01
2.710008214655343295e+02 1.100000000000000000e+01 1.200000000000000000e+01
2.720008214655345569e+02 1.100000000000000000e+01 1.400000000000000000e+01
2.730008214655347842e+02 1.000000000000000000e+01 1.400000000000000000e+01
2.740008214655350116e+02 1.100000000000000000e+01 1.400000000000000000e+01
2.750008214655352390e+02 1.000000000000000000e+01 1.400000000000000000e+01
2.760008214655354664e+02 1.300000000000000000e+01 1.400000000000000000e+01
2.770008214655356937e+02 1.300000000000000000e+01 1.500000000000000000e+01
2.780008214655359211e+02 1.300000000000000000e+01 1.400000000000000000e+01
2.790008214655361485e+02 1.300000000000000000e+01 1.400000000000000000e+01
2.800008214655363759e+02 1.100000000000000000e+01 1.300000000000000000e+01
2.810008214655366032e+02 1.300000000000000000e+01 1.200000000000000000e+01
2.820008214655368306e+02 1.100000000000000000e+01 1.100000000000000000e+01
2.830008214655370580e+02 1.100000000000000000e+01 1.100000000000000000e+01
2.840008214655372853e+02 9.000000000000000000e+00 1.100000000000000000e+01
2.850005362332680079e+02 8.000000000000000000e+00 1.100000000000000000e+01
2.860008214655377401e+02 9.000000000000000000e+00 9.000000000000000000e+00
2.870008214655379675e+02 9.000000000000000000e+00 9.000000000000000000e+00
2.880008214655381948e+02 9.000000000000000000e+00 1.000000000000000000e+01
2.890006604337174849e+02 8.000000000000000000e+00 1.100000000000000000e+01
2.900002847321035233e+02 8.000000000000000000e+00 1.200000000000000000e+01
2.910008214655388770e+02 9.000000000000000000e+00 1.200000000000000000e+01
2.920008214655391043e+02 9.000000000000000000e+00 1.400000000000000000e+01
2.930008214655393317e+02 1.000000000000000000e+01 1.600000000000000000e+01
2.940007433837096755e+02 1.100000000000000000e+01 1.600000000000000000e+01
2.950008214655397865e+02 1.200000000000000000e+01 1.700000000000000000e+01
2.960008214655400138e+02 1.300000000000000000e+01 1.600000000000000000e+01
2.970008214655402412e+02 1.400000000000000000e+01 1.400000000000000000e+01
2.980008214655404686e+02 1.500000000000000000e+01 1.300000000000000000e+01
2.990006760844124187e+02 1.400000000000000000e+01 1.100000000000000000e+01
3.000008214655409233e+02 1.000000000000000000e+01 1.100000000000000000e+01
