0.000000000000000000e+00 0.000000000000000000e+00 0.000000000000000000e+00
1.000198305105372443e+00 1.000000000000000000e+00 1.000000000000000000e+00
2.000198305105373109e+00 3.000000000000000000e+00 3.000000000000000000e+00
3.000198305105373997e+00 5.000000000000000000e+00 5.000000000000000000e+00
4.000198305105374885e+00 7.000000000000000000e+00 7.000000000000000000e+00
5.000198305105371333e+00 6.000000000000000000e+00 6.000000000000000000e+00
6.000198305105367780e+00 5.000000000000000000e+00 5.000000000000000000e+00
7.000198305105364227e+00 6.000000000000000000e+00 6.000000000000000000e+00
8.000198305105360674e+00 5.000000000000000000e+00 5.000000000000000000e+00
9.000198305105357122e+00 5.000000000000000000e+00 5.000000000000000000e+00
1.000019830510535357e+01 5.000000000000000000e+00 5.000000000000000000e+00
1.100019830510535002e+01 7.000000000000000000e+00 7.000000000000000000e+00
1.200019830510534646e+01 7.000000000000000000e+00 7.000000000000000000e+00
1.300019830510534291e+01 7.000000000000000000e+00 7.000000000000000000e+00
1.400019830510533936e+01 7.000000000000000000e+00 7.000000000000000000e+00
1.500019830510533581e+01 8.000000000000000000e+00 8.000000000000000000e+00
1.600019830510533225e+01 8.000000000000000000e+00 7.000000000000000000e+00
1.700019830510534646e+01 8.000000000000000000e+00 7.000000000000000000e+00
1.800019830510536067e+01 7.000000000000000000e+00 7.000000000000000000e+00
1.900019830510537489e+01 1.000000000000000000e+01 1.000000000000000000e+01
2.000019830510538910e+01 9.000000000000000000e+00 9.000000000000000000e+00
2.100019830510540331e+01 9.000000000000000000e+00 9.000000000000000000e+00
2.200019830510541752e+01 9.000000000000000000e+00 9.000000000000000000e+00
2.300019830510543173e+01 5.000000000000000000e+00 5.000000000000000000e+00
2.400019830510544594e+01 6.000000000000000000e+00 6.000000000000000000e+00
2.500019830510546015e+01 2.000000000000000000e+00 2.000000000000000000e+00
2.600019830510547436e+01 4.000000000000000000e+00 5.000000000000000000e+00
2.700019830510548857e+01 4.000000000000000000e+00 4.000000000000000000e+00
2.800019830510550278e+01 4.000000000000000000e+00 4.000000000000000000e+00
2.900019830510551699e+01 5.000000000000000000e+00 5.000000000000000000e+00
3.000019830510553120e+01 5.000000000000000000e+00 4.000000000000000000e+00
3.100005721332839670e+01 6.000000000000000000e+00 5.000000000000000000e+00
3.200019830510555607e+01 6.000000000000000000e+00 6.000000000000000000e+00
3.300019830510557028e+01 6.000000000000000000e+00 6.000000000000000000e+00
3.400019830510558450e+01 4.000000000000000000e+00 5.000000000000000000e+00
3.500019830510559871e+01 6.000000000000000000e+00 7.000000000000000000e+00
3.600019830510561292e+01 2.000000000000000000e+00 6.000000000000000000e+00
3.700019830510562713e+01 2.000000000000000000e+00 7.000000000000000000e+00
3.800019830510564134e+01 1.000000000000000000e+00 6.000000000000000000e+00
3.900019830510565555e+01 2.000000000000000000e+00 7.000000000000000000e+00
4.000019830510566976e+01 2.000000000000000000e+00 7.000000000000000000e+00
4.100019830510568397e+01 2.000000000000000000e+00 8.000000000000000000e+00
4.200019830510569818e+01 2.000000000000000000e+00 7.000000000000000000e+00
4.300019830510571239e+01 3.000000000000000000e+00 8.000000000000000000e+00
4.400019830510572660e+01 4.000000000000000000e+00 8.000000000000000000e+00
4.500019830510574081e+01 6.000000000000000000e+00 8.000000000000000000e+00
4.600019830510575503e+01 8.000000000000000000e+00 1.000000000000000000e+01
4.700019830510576924e+01 8.000000000000000000e+00 1.100000000000000000e+01
4.800019830510578345e+01 9.000000000000000000e+00 1.100000000000000000e+01
4.900019830510579766e+01 9.000000000000000000e+00 1.100000000000000000e+01
5.000019830510581187e+01 9.000000000000000000e+00 1.100000000000000000e+01
5.100019830510582608e+01 9.000000000000000000e+00 1.100000000000000000e+01
5.200019830510584029e+01 1.100000000000000000e+01 1.300000000000000000e+01
5.300019830510585450e+01 1.100000000000000000e+01 1.300000000000000000e+01
5.400019830510586871e+01 1.300000000000000000e+01 1.600000000000000000e+01
5.500019830510588292e+01 1.400000000000000000e+01 1.700000000000000000e+01
5.600019830510589713e+01 1.500000000000000000e+01 1.800000000000000000e+01
5.700019830510591134e+01 1.600000000000000000e+01 1.800000000000000000e+01
5.800019830510592556e+01 1.800000000000000000e+01 2.000000000000000000e+01
5.900019830510593977e+01 1.800000000000000000e+01 2.100000000000000000e+01
6.000019830510595398e+01 1.800000000000000000e+01 2.100000000000000000e+01
6.100019830510596819e+01 2.000000000000000000e+01 2.100000000000000000e+01
6.200019830510598240e+01 2.000000000000000000e+01 2.200000000000000000e+01
6.300019830510599661e+01 1.800000000000000000e+01 2.100000000000000000e+01
6.400019830510601082e+01 1.700000000000000000e+01 2.200000000000000000e+01
6.500019830510595398e+01 1.700000000000000000e+01 2.200000000000000000e+01
6.600019830510589713e+01 1.400000000000000000e+01 2.200000000000000000e+01
6.700019830510584029e+01 1.300000000000000000e+01 2.300000000000000000e+01
6.800019830510578345e+01 1.300000000000000000e+01 2.300000000000000000e+01
6.900019830510572660e+01 1.400000000000000000e+01 2.300000000000000000e+01
7.000019830510566976e+01 1.200000000000000000e+01 2.300000000000000000e+01
7.100019830510561292e+01 1.200000000000000000e+01 2.400000000000000000e+01
7.200019830510555607e+01 1.100000000000000000e+01 2.400000000000000000e+01
7.300019830510549923e+01 1.100000000000000000e+01 2.500000000000000000e+01
7.400019830510544239e+01 7.000000000000000000e+00 2.600000000000000000e+01
7.500009408391517240e+01 3.000000000000000000e+00 2.800000000000000000e+01
7.600019830510532870e+01 2.000000000000000000e+00 3.000000000000000000e+01
7.700019830510527186e+01 1.000000000000000000e+00 2.900000000000000000e+01
7.800019830510521501e+01 2.000000000000000000e+00 2.900000000000000000e+01
7.900019830510515817e+01 3.000000000000000000e+00 3.000000000000000000e+01
8.000019830510510133e+01 3.000000000000000000e+00 3.000000000000000000e+01
8.100019830510504448e+01 4.000000000000000000e+00 3.100000000000000000e+01
8.200019830510498764e+01 4.000000000000000000e+00 3.100000000000000000e+01
8.300019830510493080e+01 2.000000000000000000e+00 3.100000000000000000e+01
8.400019830510487395e+01 2.000000000000000000e+00 2.900000000000000000e+01
8.500019830510481711e+01 2.000000000000000000e+00 2.400000000000000000e+01
8.600019830510476027e+01 2.000000000000000000e+00 2.400000000000000000e+01
8.700019830510470342e+01 2.000000000000000000e+00 2.400000000000000000e+01
8.800019830510464658e+01 3.000000000000000000e+00 2.400000000000000000e+01
8.900019830510458974e+01 3.000000000000000000e+00 2.300000000000000000e+01
9.000019830510453289e+01 4.000000000000000000e+00 2.200000000000000000e+01
9.100019830510447605e+01 6.000000000000000000e+00 2.300000000000000000e+01
9.200019830510441921e+01 8.000000000000000000e+00 2.200000000000000000e+01
9.300019830510436236e+01 5.000000000000000000e+00 2.300000000000000000e+01
9.400019830510430552e+01 3.000000000000000000e+00 2.300000000000000000e+01
9.500019830510424867e+01 3.000000000000000000e+00 2.300000000000000000e+01
9.600019830510419183e+01 5.000000000000000000e+00 2.400000000000000000e+01
9.700019830510413499e+01 6.000000000000000000e+00 2.400000000000000000e+01
9.800019830510407814e+01 8.000000000000000000e+00 2.500000000000000000e+01
9.900019830510402130e+01 8.000000000000000000e+00 2.500000000000000000e+01
1.000001983051039645e+02 8.000000000000000000e+00 2.500000000000000000e+01
1.010001983051039076e+02 9.000000000000000000e+00 2.000000000000000000e+01
1.020001983051038508e+02 1.000000000000000000e+01 2.000000000000000000e+01
1.030001983051037939e+02 1.200000000000000000e+01 2.000000000000000000e+01
1.040001983051037371e+02 1.200000000000000000e+01 2.100000000000000000e+01
1.050001983051036802e+02 1.300000000000000000e+01 2.100000000000000000e+01
1.060001983051036234e+02 1.300000000000000000e+01 1.900000000000000000e+01
1.070001983051035666e+02 1.500000000000000000e+01 2.000000000000000000e+01
1.080001983051035097e+02 1.500000000000000000e+01 2.100000000000000000e+01
1.090001983051034529e+02 1.300000000000000000e+01 2.100000000000000000e+01
1.100001983051033960e+02 1.400000000000000000e+01 2.100000000000000000e+01
1.110001983051033392e+02 1.400000000000000000e+01 2.200000000000000000e+01
1.120001983051032823e+02 1.400000000000000000e+01 2.400000000000000000e+01
1.130001556132686744e+02 1.400000000000000000e+01 2.400000000000000000e+01
1.140001983051031687e+02 1.400000000000000000e+01 2.300000000000000000e+01
1.150001983051031118e+02 1.400000000000000000e+01 2.300000000000000000e+01
1.160001983051030550e+02 1.600000000000000000e+01 2.400000000000000000e+01
1.170001983051029981e+02 1.200000000000000000e+01 2.400000000000000000e+01
1.180001983051029413e+02 1.100000000000000000e+01 1.900000000000000000e+01
1.190001983051028844e+02 1.000000000000000000e+01 1.600000000000000000e+01
1.200001983051028276e+02 8.000000000000000000e+00 1.500000000000000000e+01
1.210001983051027707e+02 8.000000000000000000e+00 1.600000000000000000e+01
1.220001983051027139e+02 8.000000000000000000e+00 1.700000000000000000e+01
1.230001983051026571e+02 8.000000000000000000e+00 1.600000000000000000e+01
1.240001983051026002e+02 9.000000000000000000e+00 1.500000000000000000e+01
1.250001983051025434e+02 9.000000000000000000e+00 1.600000000000000000e+01
1.260001983051024865e+02 9.000000000000000000e+00 1.700000000000000000e+01
1.270001983051024297e+02 8.000000000000000000e+00 1.700000000000000000e+01
1.280001983051023728e+02 9.000000000000000000e+00 1.600000000000000000e+01
1.290001272231557436e+02 9.000000000000000000e+00 1.500000000000000000e+01
1.300001983051022592e+02 9.000000000000000000e+00 1.500000000000000000e+01
1.310001983051022023e+02 9.000000000000000000e+00 1.400000000000000000e+01
1.320001983051021455e+02 1.000000000000000000e+01 1.500000000000000000e+01
1.330001983051020886e+02 1.000000000000000000e+01 1.600000000000000000e+01
1.340001983051020318e+02 1.100000000000000000e+01 1.500000000000000000e+01
1.350001983051019749e+02 1.200000000000000000e+01 1.600000000000000000e+01
1.360001983051019181e+02 1.200000000000000000e+01 1.600000000000000000e+01
1.370001983051018613e+02 1.400000000000000000e+01 1.800000000000000000e+01
1.380001983051018044e+02 9.000000000000000000e+00 1.900000000000000000e+01
1.390001983051017476e+02 7.000000000000000000e+00 2.100000000000000000e+01
1.400001983051016907e+02 7.000000000000000000e+00 2.000000000000000000e+01
1.410001983051016339e+02 8.000000000000000000e+00 2.000000000000000000e+01
1.420001983051015770e+02 1.100000000000000000e+01 2.300000000000000000e+01
1.430001983051015202e+02 7.000000000000000000e+00 2.300000000000000000e+01
1.440001983051014633e+02 8.000000000000000000e+00 2.500000000000000000e+01
1.450001276109158539e+02 1.000000000000000000e+01 2.500000000000000000e+01
1.460001983051013497e+02 9.000000000000000000e+00 2.400000000000000000e+01
1.470001983051012928e+02 9.000000000000000000e+00 2.400000000000000000e+01
1.480001983051012360e+02 9.000000000000000000e+00 2.500000000000000000e+01
1.490001535374229036e+02 1.000000000000000000e+01 2.500000000000000000e+01
1.500001983051011223e+02 1.200000000000000000e+01 2.700000000000000000e+01
1.510001983051010654e+02 1.400000000000000000e+01 2.300000000000000000e+01
1.520001983051010086e+02 1.000000000000000000e+01 2.200000000000000000e+01
1.530001983051009518e+02 9.000000000000000000e+00 2.300000000000000000e+01
1.540001983051008949e+02 7.000000000000000000e+00 1.800000000000000000e+01
1.550001983051008381e+02 9.000000000000000000e+00 1.800000000000000000e+01
1.560001983051007812e+02 1.000000000000000000e+01 1.800000000000000000e+01
1.570001983051007244e+02 1.200000000000000000e+01 1.800000000000000000e+01
1.580001983051006675e+02 1.200000000000000000e+01 1.800000000000000000e+01
1.590001983051006107e+02 1.400000000000000000e+01 2.000000000000000000e+01
1.600001983051005539e+02 1.500000000000000000e+01 1.900000000000000000e+01
1.610001983051004970e+02 1.600000000000000000e+01 1.800000000000000000e+01
1.620001983051004402e+02 1.800000000000000000e+01 1.800000000000000000e+01
1.630001983051003833e+02 1.700000000000000000e+01 1.700000000000000000e+01
1.640001983051003265e+02 1.700000000000000000e+01 1.600000000000000000e+01
1.650001983051002696e+02 1.700000000000000000e+01 1.700000000000000000e+01
1.660001983051002128e+02 1.600000000000000000e+01 1.600000000000000000e+01
1.670001983051001559e+02 1.700000000000000000e+01 1.200000000000000000e+01
1.680001983051000991e+02 1.800000000000000000e+01 1.300000000000000000e+01
1.690001983051000423e+02 1.900000000000000000e+01 1.200000000000000000e+01
1.700001983050999854e+02 1.800000000000000000e+01 1.100000000000000000e+01
1.710001983050999286e+02 1.800000000000000000e+01 9.000000000000000000e+00
1.720001983050998717e+02 1.600000000000000000e+01 9.000000000000000000e+00
1.730001983050998149e+02 1.600000000000000000e+01 7.000000000000000000e+00
1.740001983050997580e+02 1.500000000000000000e+01 8.000000000000000000e+00
1.750001983050997012e+02 1.500000000000000000e+01 9.000000000000000000e+00
1.760001983050996444e+02 1.600000000000000000e+01 8.000000000000000000e+00
1.770001983050995875e+02 1.800000000000000000e+01 9.000000000000000000e+00
1.780001983050995307e+02 1.800000000000000000e+01 1.000000000000000000e+01
1.790001983050994738e+02 1.800000000000000000e+01 9.000000000000000000e+00
1.800001983050994170e+02 1.900000000000000000e+01 9.000000000000000000e+00
1.810001983050993601e+02 1.900000000000000000e+01 1.000000000000000000e+01
1.820001983050993033e+02 1.900000000000000000e+01 1.000000000000000000e+01
1.830001983050992465e+02 2.000000000000000000e+01 1.000000000000000000e+01
1.840001983050991896e+02 1.800000000000000000e+01 1.000000000000000000e+01
1.850001983050991328e+02 1.700000000000000000e+01 1.000000000000000000e+01
1.860001983050990759e+02 1.400000000000000000e+01 1.200000000000000000e+01
1.870001983050990191e+02 9.000000000000000000e+00 1.100000000000000000e+01
1.880001983050989622e+02 8.000000000000000000e+00 1.200000000000000000e+01
1.890001983050989054e+02 6.000000000000000000e+00 1.300000000000000000e+01
1.900001983050988486e+02 5.000000000000000000e+00 1.400000000000000000e+01
1.910001983050987917e+02 4.000000000000000000e+00 1.600000000000000000e+01
1.920001983050987349e+02 6.000000000000000000e+00 1.700000000000000000e+01
1.930001983050986780e+02 7.000000000000000000e+00 1.900000000000000000e+01
1.940001983050986212e+02 9.000000000000000000e+00 2.100000000000000000e+01
1.950001983050985643e+02 9.000000000000000000e+00 2.100000000000000000e+01
1.960001983050985075e+02 1.000000000000000000e+01 2.200000000000000000e+01
1.970001983050984506e+02 1.100000000000000000e+01 2.000000000000000000e+01
1.980001983050983938e+02 1.300000000000000000e+01 1.500000000000000000e+01
1.990001983050983370e+02 1.100000000000000000e+01 1.300000000000000000e+01
2.000001983050982801e+02 1.000000000000000000e+01 8.000000000000000000e+00
2.010001983050982233e+02 1.100000000000000000e+01 9.000000000000000000e+00
2.020001983050981664e+02 1.100000000000000000e+01 8.000000000000000000e+00
2.030001983050981096e+02 1.300000000000000000e+01 8.000000000000000000e+00
2.040001457332994619e+02 1.300000000000000000e+01 1.000000000000000000e+01
2.050001983050979959e+02 1.400000000000000000e+01 1.100000000000000000e+01
2.060001983050979391e+02 1.400000000000000000e+01 1.100000000000000000e+01
2.070001983050978822e+02 1.500000000000000000e+01 1.500000000000000000e+01
2.080001983050978254e+02 1.500000000000000000e+01 1.600000000000000000e+01
2.090001983050977685e+02 1.500000000000000000e+01 1.600000000000000000e+01
2.100001983050977117e+02 1.700000000000000000e+01 1.400000000000000000e+01
2.110001547203204382e+02 1.600000000000000000e+01 1.100000000000000000e+01
2.120001983050975980e+02 1.600000000000000000e+01 7.000000000000000000e+00
2.130001983050975412e+02 1.600000000000000000e+01 3.000000000000000000e+00
2.140001983050974843e+02 1.700000000000000000e+01 2.000000000000000000e+00
2.150001983050974275e+02 1.600000000000000000e+01 2.000000000000000000e+00
2.160001983050973706e+02 1.700000000000000000e+01 3.000000000000000000e+00
2.170001983050973138e+02 1.600000000000000000e+01 4.000000000000000000e+00
2.180001983050972569e+02 1.600000000000000000e+01 1.000000000000000000e+00
2.190001983050972001e+02 1.700000000000000000e+01 2.000000000000000000e+00
2.200001983050971432e+02 1.600000000000000000e+01 1.000000000000000000e+00
2.210001983050970864e+02 1.300000000000000000e+01 2.000000000000000000e+00
2.220001983050970296e+02 1.200000000000000000e+01 2.000000000000000000e+00
2.230001983050969727e+02 1.100000000000000000e+01 2.000000000000000000e+00
2.240001983050969159e+02 1.000000000000000000e+01 1.000000000000000000e+00
2.250001983050968590e+02 1.100000000000000000e+01 1.000000000000000000e+00
2.260001983050968022e+02 1.200000000000000000e+01 4.000000000000000000e+00
2.270001983050967453e+02 1.200000000000000000e+01 4.000000000000000000e+00
2.280001983050966885e+02 8.000000000000000000e+00 3.000000000000000000e+00
2.290001983050966317e+02 8.000000000000000000e+00 3.000000000000000000e+00
2.300001983050965748e+02 9.000000000000000000e+00 4.000000000000000000e+00
2.310001983050965180e+02 1.000000000000000000e+01 5.000000000000000000e+00
2.320001983050964611e+02 1.200000000000000000e+01 4.000000000000000000e+00
2.330001983050964043e+02 1.000000000000000000e+01 4.000000000000000000e+00
2.340001983050963474e+02 1.200000000000000000e+01 4.000000000000000000e+00
2.350001983050962906e+02 1.100000000000000000e+01 4.000000000000000000e+00
2.360001983050962338e+02 1.100000000000000000e+01 4.000000000000000000e+00
2.370001983050961769e+02 1.100000000000000000e+01 6.000000000000000000e+00
2.380001983050961201e+02 1.200000000000000000e+01 7.000000000000000000e+00
2.390001983050960632e+02 1.200000000000000000e+01 4.000000000000000000e+00
2.400001983050960064e+02 1.200000000000000000e+01 3.000000000000000000e+00
2.410001983050959495e+02 1.100000000000000000e+01 1.000000000000000000e+00
2.420001983050958927e+02 1.000000000000000000e+01 2.000000000000000000e+00
2.430001983050958358e+02 1.000000000000000000e+01 0.000000000000000000e+00
2.440001983050957790e+02 9.000000000000000000e+00 0.000000000000000000e+00
2.450001983050957222e+02 8.000000000000000000e+00 0.000000000000000000e+00
2.460001983050956653e+02 8.000000000000000000e+00 0.000000000000000000e+00
2.470001983050956085e+02 8.000000000000000000e+00 1.000000000000000000e+00
2.480001983050955516e+02 8.000000000000000000e+00 2.000000000000000000e+00
2.490001983050954948e+02 9.000000000000000000e+00 2.000000000000000000e+00
2.500000953873592096e+02 9.000000000000000000e+00 2.000000000000000000e+00
2.510001983050953811e+02 9.000000000000000000e+00 1.000000000000000000e+00
2.520001983050953243e+02 1.100000000000000000e+01 2.000000000000000000e+00
2.530001983050952674e+02 1.100000000000000000e+01 3.000000000000000000e+00
2.540001983050952106e+02 1.200000000000000000e+01 3.000000000000000000e+00
2.550001983050951537e+02 1.200000000000000000e+01 4.000000000000000000e+00
2.560001983050951253e+02 1.200000000000000000e+01 8.000000000000000000e+00
2.570001983050953527e+02 1.200000000000000000e+01 8.000000000000000000e+00
2.580001983050955801e+02 1.000000000000000000e+01 7.000000000000000000e+00
2.590001983050958074e+02 1.000000000000000000e+01 7.000000000000000000e+00
2.600001983050960348e+02 9.000000000000000000e+00 6.000000000000000000e+00
2.610001983050962622e+02 9.000000000000000000e+00 6.000000000000000000e+00
2.620001983050964895e+02 9.000000000000000000e+00 6.000000000000000000e+00
2.630001983050967169e+02 9.000000000000000000e+00 7.000000000000000000e+00
2.640001983050969443e+02 9.000000000000000000e+00 4.000000000000000000e+00
2.650001983050971717e+02 9.000000000000000000e+00 3.000000000000000000e+00
2.660001983050973990e+02 9.000000000000000000e+00 4.000000000000000000e+00
2.670001983050976264e+02 1.000000000000000000e+01 3.000000000000000000e+00
2.680001983050978538e+02 1.000000000000000000e+01 3.000000000000000000e+00
2.690001983050980812e+02 1.100000000000000000e+01 5.000000000000000000e+00
2.700001983050983085e+02 1.200000000000000000e+01 8.000000000000000000e+00
2.710000677737634192e+02 1.200000000000000000e+01 1.000000000000000000e+01
2.720001983050987633e+02 1.200000000000000000e+01 1.000000000000000000e+01
2.730001983050989907e+02 1.500000000000000000e+01 1.000000000000000000e+01
2.740001983050992180e+02 1.600000000000000000e+01 1.100000000000000000e+01
2.750001983050994454e+02 1.600000000000000000e+01 9.000000000000000000e+00
2.760001983050996728e+02 1.400000000000000000e+01 1.000000000000000000e+01
2.770001983050999002e+02 1.700000000000000000e+01 1.000000000000000000e+01
2.780001983051001275e+02 1.700000000000000000e+01 1.100000000000000000e+01
2.790001983051003549e+02 1.900000000000000000e+01 1.200000000000000000e+01
2.800001983051005823e+02 1.900000000000000000e+01 1.300000000000000000e+01
2.810001983051008096e+02 1.500000000000000000e+01 1.000000000000000000e+01
2.820001983051010370e+02 1.100000000000000000e+01 9.000000000000000000e+00
2.830001983051012644e+02 8.000000000000000000e+00 1.000000000000000000e+01
2.840001983051014918e+02 9.000000000000000000e+00 1.000000000000000000e+01
2.850001983051017191e+02 9.000000000000000000e+00 1.100000000000000000e+01
2.860001983051019465e+02 1.000000000000000000e+01 1.100000000000000000e+01
2.870001725712122607e+02 9.000000000000000000e+00 8.000000000000000000e+00
2.880001983051024013e+02 8.000000000000000000e+00 7.000000000000000000e+00
2.890001983051026286e+02 8.000000000000000000e+00 7.000000000000000000e+00
2.900001983051028560e+02 7.000000000000000000e+00 6.000000000000000000e+00
2.910001983051030834e+02 5.000000000000000000e+00 7.000000000000000000e+00
2.920001983051033108e+02 3.000000000000000000e+00 7.000000000000000000e+00
2.930001983051035381e+02 2.000000000000000000e+00 7.000000000000000000e+00
2.940001983051037655e+02 1.000000000000000000e+00 8.000000000000000000e+00
2.950001983051039929e+02 2.000000000000000000e+00 9.000000000000000000e+00
2.960001983051042203e+02 1.000000000000000000e+00 9.000000000000000000e+00
2.970001983051044476e+02 3.000000000000000000e+00 1.000000000000000000e+01
2.980001983051046750e+02 4.000000000000000000e+00 1.100000000000000000e+01
2.990001983051049024e+02 4.000000000000000000e+00 1.200000000000000000e+01
3.000001983051051297e+02 4.000000000000000000e+00 1.200000000000000000e+01
