0.000000000000000000e+00 0.000000000000000000e+00 0.000000000000000000e+00
1.000217090684565324e+00 2.000000000000000000e+00 2.000000000000000000e+00
2.000217090684566212e+00 1.000000000000000000e+00 1.000000000000000000e+00
3.000217090684567101e+00 1.000000000000000000e+00 1.000000000000000000e+00
4.000217090684567545e+00 3.000000000000000000e+00 3.000000000000000000e+00
5.000217090684563992e+00 3.000000000000000000e+00 3.000000000000000000e+00
6.000217090684560439e+00 4.000000000000000000e+00 4.000000000000000000e+00
7.000217090684556887e+00 6.000000000000000000e+00 6.000000000000000000e+00
8.000217090684554222e+00 6.000000000000000000e+00 6.000000000000000000e+00
9.000217090684550669e+00 6.000000000000000000e+00 6.000000000000000000e+00
1.000021709068454712e+01 6.000000000000000000e+00 6.000000000000000000e+00
1.100021709068454356e+01 6.000000000000000000e+00 6.000000000000000000e+00
1.200021709068454001e+01 7.000000000000000000e+00 7.000000000000000000e+00
1.300021709068453646e+01 9.000000000000000000e+00 9.000000000000000000e+00
1.400021709068453291e+01 1.000000000000000000e+01 1.000000000000000000e+01
1.500021709068452935e+01 1.000000000000000000e+01 1.000000000000000000e+01
1.600021709068452580e+01 1.100000000000000000e+01 1.100000000000000000e+01
1.700021709068454001e+01 1.100000000000000000e+01 1.100000000000000000e+01
1.800021709068455422e+01 1.100000000000000000e+01 1.100000000000000000e+01
1.900021709068456843e+01 1.200000000000000000e+01 1.200000000000000000e+01
2.000021709068458264e+01 1.200000000000000000e+01 1.200000000000000000e+01
2.100021709068459685e+01 1.200000000000000000e+01 1.200000000000000000e+01
2.200021709068461107e+01 1.200000000000000000e+01 1.200000000000000000e+01
2.300021709068462528e+01 1.300000000000000000e+01 1.300000000000000000e+01
2.400021709068463949e+01 1.300000000000000000e+01 1.300000000000000000e+01
2.500021709068465370e+01 1.400000000000000000e+01 1.400000000000000000e+01
2.600021709068466791e+01 1.400000000000000000e+01 1.400000000000000000e+01
2.700021709068468212e+01 1.300000000000000000e+01 1.300000000000000000e+01
2.800021709068469633e+01 1.300000000000000000e+01 1.300000000000000000e+01
2.900021709068471054e+01 1.300000000000000000e+01 1.300000000000000000e+01
3.000021709068472475e+01 1.300000000000000000e+01 1.300000000000000000e+01
3.100021709068473896e+01 1.300000000000000000e+01 1.300000000000000000e+01
3.200021709068474962e+01 1.400000000000000000e+01 1.400000000000000000e+01
3.300003641773336938e+01 1.500000000000000000e+01 1.500000000000000000e+01
3.400021709068477804e+01 1.400000000000000000e+01 1.300000000000000000e+01
3.500021709068479225e+01 1.300000000000000000e+01 1.300000000000000000e+01
3.600021709068480646e+01 1.300000000000000000e+01 1.500000000000000000e+01
3.700021709068482068e+01 1.300000000000000000e+01 1.300000000000000000e+01
3.800021709068483489e+01 1.400000000000000000e+01 1.400000000000000000e+01
3.900021709068484910e+01 1.300000000000000000e+01 1.300000000000000000e+01
4.000021709068486331e+01 1.300000000000000000e+01 1.100000000000000000e+01
4.100021709068487752e+01 1.300000000000000000e+01 1.000000000000000000e+01
4.200021709068489173e+01 1.400000000000000000e+01 1.100000000000000000e+01
4.300021709068490594e+01 1.500000000000000000e+01 1.100000000000000000e+01
4.400021709068492015e+01 1.400000000000000000e+01 1.000000000000000000e+01
4.500021709068493436e+01 1.400000000000000000e+01 1.000000000000000000e+01
4.600021709068494857e+01 1.200000000000000000e+01 8.000000000000000000e+00
4.700021709068496278e+01 1.100000000000000000e+01 8.000000000000000000e+00
4.800021709068497699e+01 7.000000000000000000e+00 8.000000000000000000e+00
4.900021709068499121e+01 9.000000000000000000e+00 8.000000000000000000e+00
5.000021709068500542e+01 8.000000000000000000e+00 7.000000000000000000e+00
5.100021709068501963e+01 8.000000000000000000e+00 7.000000000000000000e+00
5.200021709068503384e+01 6.000000000000000000e+00 8.000000000000000000e+00
5.300021709068504805e+01 3.000000000000000000e+00 7.000000000000000000e+00
5.400021709068506226e+01 1.000000000000000000e+00 6.000000000000000000e+00
5.500021709068507647e+01 2.000000000000000000e+00 8.000000000000000000e+00
5.600021709068509068e+01 2.000000000000000000e+00 6.000000000000000000e+00
5.700021709068510489e+01 1.000000000000000000e+00 6.000000000000000000e+00
5.800021709068511910e+01 1.000000000000000000e+00 6.000000000000000000e+00
5.900021709068513331e+01 2.000000000000000000e+00 5.000000000000000000e+00
6.000021709068514753e+01 3.000000000000000000e+00 4.000000000000000000e+00
6.100021709068516174e+01 3.000000000000000000e+00 3.000000000000000000e+00
6.200012249391983232e+01 5.000000000000000000e+00 5.000000000000000000e+00
6.300021709068519016e+01 5.000000000000000000e+00 4.000000000000000000e+00
6.400015860239716403e+01 4.000000000000000000e+00 4.000000000000000000e+00
6.500021709068514042e+01 4.000000000000000000e+00 4.000000000000000000e+00
6.600021709068508358e+01 4.000000000000000000e+00 4.000000000000000000e+00
6.700021709068502673e+01 4.000000000000000000e+00 4.000000000000000000e+00
6.800021709068496989e+01 4.000000000000000000e+00 4.000000000000000000e+00
6.900021709068491305e+01 5.000000000000000000e+00 5.000000000000000000e+00
7.000021709068485620e+01 6.000000000000000000e+00 4.000000000000000000e+00
7.100002621832931027e+01 6.000000000000000000e+00 4.000000000000000000e+00
7.200021709068474252e+01 8.000000000000000000e+00 6.000000000000000000e+00
7.300021709068468567e+01 8.000000000000000000e+00 4.000000000000000000e+00
7.400021709068462883e+01 1.000000000000000000e+01 7.000000000000000000e+00
7.500021709068457199e+01 9.000000000000000000e+00 4.000000000000000000e+00
7.600021709068451514e+01 8.000000000000000000e+00 4.000000000000000000e+00
7.700021709068445830e+01 9.000000000000000000e+00 3.000000000000000000e+00
7.800021709068440146e+01 9.000000000000000000e+00 1.000000000000000000e+00
7.900021709068434461e+01 8.000000000000000000e+00 3.000000000000000000e+00
8.000021709068428777e+01 8.000000000000000000e+00 1.000000000000000000e+00
8.100021709068423093e+01 8.000000000000000000e+00 1.000000000000000000e+00
8.200021709068417408e+01 9.000000000000000000e+00 1.000000000000000000e+00
8.300021709068411724e+01 9.000000000000000000e+00 2.000000000000000000e+00
8.400021709068406039e+01 1.200000000000000000e+01 3.000000000000000000e+00
8.500021709068400355e+01 1.200000000000000000e+01 4.000000000000000000e+00
8.600021709068394671e+01 1.200000000000000000e+01 3.000000000000000000e+00
8.700021709068388986e+01 1.100000000000000000e+01 3.000000000000000000e+00
8.800021709068383302e+01 1.100000000000000000e+01 3.000000000000000000e+00
8.900021709068377618e+01 1.100000000000000000e+01 2.000000000000000000e+00
9.000021709068371933e+01 1.200000000000000000e+01 3.000000000000000000e+00
9.100021709068366249e+01 1.100000000000000000e+01 3.000000000000000000e+00
9.200021709068360565e+01 1.100000000000000000e+01 4.000000000000000000e+00
9.300021709068354880e+01 1.200000000000000000e+01 3.000000000000000000e+00
9.400021709068349196e+01 1.100000000000000000e+01 3.000000000000000000e+00
9.500021709068343512e+01 1.200000000000000000e+01 4.000000000000000000e+00
9.600021709068337827e+01 1.200000000000000000e+01 4.000000000000000000e+00
9.700021709068332143e+01 1.000000000000000000e+01 4.000000000000000000e+00
9.800021709068326459e+01 9.000000000000000000e+00 4.000000000000000000e+00
9.900021709068320774e+01 1.000000000000000000e+01 6.000000000000000000e+00
1.000002170906831509e+02 1.100000000000000000e+01 7.000000000000000000e+00
1.010002170906830941e+02 1.100000000000000000e+01 8.000000000000000000e+00
1.020002170906830372e+02 1.400000000000000000e+01 9.000000000000000000e+00
1.030002170906829804e+02 1.300000000000000000e+01 9.000000000000000000e+00
1.040002170906829235e+02 1.000000000000000000e+01 9.000000000000000000e+00
1.050002170906828667e+02 8.000000000000000000e+00 8.000000000000000000e+00
1.060002170906828098e+02 1.000000000000000000e+01 9.000000000000000000e+00
1.070002170906827530e+02 8.000000000000000000e+00 1.000000000000000000e+01
1.080002144740397796e+02 8.000000000000000000e+00 1.000000000000000000e+01
1.090002170906826393e+02 7.000000000000000000e+00 1.000000000000000000e+01
1.100002170906825825e+02 7.000000000000000000e+00 1.000000000000000000e+01
1.110002170906825256e+02 9.000000000000000000e+00 1.200000000000000000e+01
1.120002170906824688e+02 9.000000000000000000e+00 1.300000000000000000e+01
1.130002170906824119e+02 8.000000000000000000e+00 1.000000000000000000e+01
1.140002170906823551e+02 7.000000000000000000e+00 8.000000000000000000e+00
1.150002170906822982e+02 9.000000000000000000e+00 9.000000000000000000e+00
1.160002170906822414e+02 8.000000000000000000e+00 1.000000000000000000e+01
1.170002170906821846e+02 6.000000000000000000e+00 6.000000000000000000e+00
1.180002170906821277e+02 5.000000000000000000e+00 4.000000000000000000e+00
1.190002170906820709e+02 7.000000000000000000e+00 4.000000000000000000e+00
1.200002170906820140e+02 4.000000000000000000e+00 2.000000000000000000e+00
1.210002170906819572e+02 3.000000000000000000e+00 2.000000000000000000e+00
1.220002170906819003e+02 5.000000000000000000e+00 3.000000000000000000e+00
1.230000600294741133e+02 4.000000000000000000e+00 4.000000000000000000e+00
1.240002170906817867e+02 5.000000000000000000e+00 4.000000000000000000e+00
1.250002170906817298e+02 5.000000000000000000e+00 4.000000000000000000e+00
1.260002170906816730e+02 6.000000000000000000e+00 4.000000000000000000e+00
1.270002170906816161e+02 4.000000000000000000e+00 4.000000000000000000e+00
1.280002170906815593e+02 4.000000000000000000e+00 5.000000000000000000e+00
1.290002170906815024e+02 5.000000000000000000e+00 5.000000000000000000e+00
1.300002170906814456e+02 3.000000000000000000e+00 5.000000000000000000e+00
1.310002170906813888e+02 4.000000000000000000e+00 6.000000000000000000e+00
1.320002170906813319e+02 5.000000000000000000e+00 6.000000000000000000e+00
1.330002170906812751e+02 4.000000000000000000e+00 6.000000000000000000e+00
1.340002170906812182e+02 3.000000000000000000e+00 6.000000000000000000e+00
1.350002170906811614e+02 4.000000000000000000e+00 6.000000000000000000e+00
1.360002170906811045e+02 1.000000000000000000e+00 6.000000000000000000e+00
1.370002170906810477e+02 3.000000000000000000e+00 7.000000000000000000e+00
1.380002170906809909e+02 4.000000000000000000e+00 7.000000000000000000e+00
1.390002170906809340e+02 2.000000000000000000e+00 7.000000000000000000e+00
1.400002170906808772e+02 2.000000000000000000e+00 6.000000000000000000e+00
1.410002170906808203e+02 2.000000000000000000e+00 7.000000000000000000e+00
1.420001179026630211e+02 1.000000000000000000e+00 6.000000000000000000e+00
1.430002170906807066e+02 5.000000000000000000e+00 6.000000000000000000e+00
1.440000983016423390e+02 5.000000000000000000e+00 6.000000000000000000e+00
1.450002170906805929e+02 5.000000000000000000e+00 6.000000000000000000e+00
1.460002170906805361e+02 3.000000000000000000e+00 6.000000000000000000e+00
1.470002170906804793e+02 3.000000000000000000e+00 3.000000000000000000e+00
1.480002170906804224e+02 4.000000000000000000e+00 3.000000000000000000e+00
1.490002170906803656e+02 4.000000000000000000e+00 4.000000000000000000e+00
1.500002170906803087e+02 4.000000000000000000e+00 4.000000000000000000e+00
1.510002170906802519e+02 4.000000000000000000e+00 4.000000000000000000e+00
1.520002170906801950e+02 5.000000000000000000e+00 4.000000000000000000e+00
1.530002170906801382e+02 3.000000000000000000e+00 3.000000000000000000e+00
1.540002170906800814e+02 2.000000000000000000e+00 3.000000000000000000e+00
1.550002170906800245e+02 1.000000000000000000e+00 4.000000000000000000e+00
1.560002170906799677e+02 1.000000000000000000e+00 2.000000000000000000e+00
1.570002170906799108e+02 2.000000000000000000e+00 5.000000000000000000e+00
1.580002170906798540e+02 2.000000000000000000e+00 3.000000000000000000e+00
1.590002170906797971e+02 2.000000000000000000e+00 2.000000000000000000e+00
1.600002170906797403e+02 2.000000000000000000e+00 4.000000000000000000e+00
1.610002170906796835e+02 3.000000000000000000e+00 2.000000000000000000e+00
1.620002170906796266e+02 3.000000000000000000e+00 1.000000000000000000e+00
1.630002170906795698e+02 3.000000000000000000e+00 2.000000000000000000e+00
1.640002170906795129e+02 3.000000000000000000e+00 3.000000000000000000e+00
1.650002170906794561e+02 5.000000000000000000e+00 4.000000000000000000e+00
1.660002170906793992e+02 7.000000000000000000e+00 4.000000000000000000e+00
1.670002170906793424e+02 8.000000000000000000e+00 3.000000000000000000e+00
1.680002170906792855e+02 9.000000000000000000e+00 4.000000000000000000e+00
1.690002170906792287e+02 1.000000000000000000e+01 5.000000000000000000e+00
1.700002170906791719e+02 9.000000000000000000e+00 5.000000000000000000e+00
1.710002170906791150e+02 8.000000000000000000e+00 6.000000000000000000e+00
1.720002170906790582e+02 9.000000000000000000e+00 6.000000000000000000e+00
1.730002170906790013e+02 9.000000000000000000e+00 6.000000000000000000e+00
1.740002170906789445e+02 8.000000000000000000e+00 8.000000000000000000e+00
1.750002170906788876e+02 8.000000000000000000e+00 5.000000000000000000e+00
1.760002170906788308e+02 9.000000000000000000e+00 4.000000000000000000e+00
1.770002170906787740e+02 8.000000000000000000e+00 2.000000000000000000e+00
1.780002170906787171e+02 7.000000000000000000e+00 3.000000000000000000e+00
1.790002170906786603e+02 4.000000000000000000e+00 1.000000000000000000e+00
1.800002170906786034e+02 5.000000000000000000e+00 1.000000000000000000e+00
1.810002170906785466e+02 3.000000000000000000e+00 1.000000000000000000e+00
1.820002170906784897e+02 2.000000000000000000e+00 3.000000000000000000e+00
1.830002170906784329e+02 4.000000000000000000e+00 5.000000000000000000e+00
1.840002170906783761e+02 4.000000000000000000e+00 4.000000000000000000e+00
1.850002170906783192e+02 7.000000000000000000e+00 6.000000000000000000e+00
1.860002170906782624e+02 5.000000000000000000e+00 7.000000000000000000e+00
1.870002170906782055e+02 5.000000000000000000e+00 6.000000000000000000e+00
1.880002170906781487e+02 5.000000000000000000e+00 6.000000000000000000e+00
1.890002170906780918e+02 5.000000000000000000e+00 7.000000000000000000e+00
1.900002170906780350e+02 6.000000000000000000e+00 7.000000000000000000e+00
1.910002170906779781e+02 7.000000000000000000e+00 1.000000000000000000e+01
1.920002170906779213e+02 6.000000000000000000e+00 1.100000000000000000e+01
1.930002170906778645e+02 6.000000000000000000e+00 1.000000000000000000e+01
1.940002170906778076e+02 4.000000000000000000e+00 1.000000000000000000e+01
1.950002170906777508e+02 2.000000000000000000e+00 1.100000000000000000e+01
1.960002170906776939e+02 1.000000000000000000e+00 1.100000000000000000e+01
1.970002170906776371e+02 2.000000000000000000e+00 1.200000000000000000e+01
1.980002170906775802e+02 4.000000000000000000e+00 9.000000000000000000e+00
1.990002170906775234e+02 3.000000000000000000e+00 9.000000000000000000e+00
2.000002170906774666e+02 4.000000000000000000e+00 9.000000000000000000e+00
2.010002170906774097e+02 4.000000000000000000e+00 8.000000000000000000e+00
2.020002170906773529e+02 4.000000000000000000e+00 9.000000000000000000e+00
2.030002170906772960e+02 4.000000000000000000e+00 1.000000000000000000e+01
2.040002170906772392e+02 5.000000000000000000e+00 1.100000000000000000e+01
2.050000474319048749e+02 6.000000000000000000e+00 1.100000000000000000e+01
2.060002170906771255e+02 8.000000000000000000e+00 1.300000000000000000e+01
2.070002170906770687e+02 9.000000000000000000e+00 1.100000000000000000e+01
2.080002170906770118e+02 9.000000000000000000e+00 1.100000000000000000e+01
2.090002170906769550e+02 1.100000000000000000e+01 1.300000000000000000e+01
2.100002170906768981e+02 1.100000000000000000e+01 1.200000000000000000e+01
2.110002170906768413e+02 1.100000000000000000e+01 9.000000000000000000e+00
2.120002170906767844e+02 1.200000000000000000e+01 1.000000000000000000e+01
2.130002170906767276e+02 1.300000000000000000e+01 9.000000000000000000e+00
2.140002170906766708e+02 1.400000000000000000e+01 9.000000000000000000e+00
2.150002170906766139e+02 1.300000000000000000e+01 9.000000000000000000e+00
2.160002170906765571e+02 1.300000000000000000e+01 9.000000000000000000e+00
2.170002170906765002e+02 1.400000000000000000e+01 9.000000000000000000e+00
2.180002170906764434e+02 1.500000000000000000e+01 8.000000000000000000e+00
2.190002170906763865e+02 1.500000000000000000e+01 9.000000000000000000e+00
2.200002170906763297e+02 1.500000000000000000e+01 6.000000000000000000e+00
2.210002170906762728e+02 1.500000000000000000e+01 6.000000000000000000e+00
2.220002170906762160e+02 1.200000000000000000e+01 6.000000000000000000e+00
2.230002170906761592e+02 1.100000000000000000e+01 7.000000000000000000e+00
2.240002170906761023e+02 1.000000000000000000e+01 8.000000000000000000e+00
2.250002170906760455e+02 9.000000000000000000e+00 8.000000000000000000e+00
2.260002170906759886e+02 1.100000000000000000e+01 9.000000000000000000e+00
2.270002170906759318e+02 9.000000000000000000e+00 1.000000000000000000e+01
2.280000971805760912e+02 9.000000000000000000e+00 1.000000000000000000e+01
2.290002170906758181e+02 9.000000000000000000e+00 1.000000000000000000e+01
2.300002170906757613e+02 9.000000000000000000e+00 1.100000000000000000e+01
2.310002170906757044e+02 8.000000000000000000e+00 1.100000000000000000e+01
2.320002170906756476e+02 8.000000000000000000e+00 1.000000000000000000e+01
2.330002170906755907e+02 8.000000000000000000e+00 1.000000000000000000e+01
2.340001197260639003e+02 9.000000000000000000e+00 1.000000000000000000e+01
2.350002170906754770e+02 8.000000000000000000e+00 1.100000000000000000e+01
2.360002170906754202e+02 6.000000000000000000e+00 1.100000000000000000e+01
2.370002170906753634e+02 3.000000000000000000e+00 9.000000000000000000e+00
2.380002170906753065e+02 3.000000000000000000e+00 7.000000000000000000e+00
2.390002170906752497e+02 3.000000000000000000e+00 8.000000000000000000e+00
2.400002170906751928e+02 4.000000000000000000e+00 1.100000000000000000e+01
2.410002170906751360e+02 5.000000000000000000e+00 1.000000000000000000e+01
2.420000498642030493e+02 6.000000000000000000e+00 1.000000000000000000e+01
2.430002170906750223e+02 5.000000000000000000e+00 1.000000000000000000e+01
2.440002170906749654e+02 6.000000000000000000e+00 8.000000000000000000e+00
2.450002170906749086e+02 6.000000000000000000e+00 7.000000000000000000e+00
2.460001925810053365e+02 9.000000000000000000e+00 9.000000000000000000e+00
2.470002170906747949e+02 1.100000000000000000e+01 9.000000000000000000e+00
2.480002170906747381e+02 1.200000000000000000e+01 8.000000000000000000e+00
2.490002170906746812e+02 1.300000000000000000e+01 8.000000000000000000e+00
2.500002170906746244e+02 1.500000000000000000e+01 7.000000000000000000e+00
2.510002170906745675e+02 1.600000000000000000e+01 7.000000000000000000e+00
2.520002170906745107e+02 1.400000000000000000e+01 8.000000000000000000e+00
2.530002170906744539e+02 1.200000000000000000e+01 8.000000000000000000e+00
2.540002170906743970e+02 5.000000000000000000e+00 9.000000000000000000e+00
2.550002170906743402e+02 6.000000000000000000e+00 9.000000000000000000e+00
2.560002170906743117e+02 7.000000000000000000e+00 1.100000000000000000e+01
2.570002170906745391e+02 7.000000000000000000e+00 1.400000000000000000e+01
2.580002170906747665e+02 6.000000000000000000e+00 1.500000000000000000e+01
2.590002170906749939e+02 6.000000000000000000e+00 1.500000000000000000e+01
2.600002170906752212e+02 7.000000000000000000e+00 1.600000000000000000e+01
2.610002170906754486e+02 1.000000000000000000e+01 1.500000000000000000e+01
2.620002170906756760e+02 9.000000000000000000e+00 1.100000000000000000e+01
2.630002170906759034e+02 9.000000000000000000e+00 1.400000000000000000e+01
2.640002170906761307e+02 9.000000000000000000e+00 1.400000000000000000e+01
2.650002170906763581e+02 1.000000000000000000e+01 1.200000000000000000e+01
2.660002170906765855e+02 9.000000000000000000e+00 1.200000000000000000e+01
2.670002170906768129e+02 8.000000000000000000e+00 1.500000000000000000e+01
2.680002170906770402e+02 9.000000000000000000e+00 1.500000000000000000e+01
2.690002170906772676e+02 9.000000000000000000e+00 1.600000000000000000e+01
2.700002170906774950e+02 9.000000000000000000e+00 1.600000000000000000e+01
2.710002170906777224e+02 1.000000000000000000e+01 1.600000000000000000e+01
2.720002170906779497e+02 1.100000000000000000e+01 1.800000000000000000e+01
2.730002170906781771e+02 1.000000000000000000e+01 1.700000000000000000e+01
2.740002170906784045e+02 1.200000000000000000e+01 1.600000000000000000e+01
2.750002170906786318e+02 1.200000000000000000e+01 1.600000000000000000e+01
2.760002170906788592e+02 1.400000000000000000e+01 1.600000000000000000e+01
2.770002170906790866e+02 1.100000000000000000e+01 1.400000000000000000e+01
2.780002170906793140e+02 1.000000000000000000e+01 1.000000000000000000e+01
2.790002170906795413e+02 1.100000000000000000e+01 8.000000000000000000e+00
2.800002170906797687e+02 1.200000000000000000e+01 7.000000000000000000e+00
2.810002170906799961e+02 1.300000000000000000e+01 8.000000000000000000e+00
2.820002170906802235e+02 1.500000000000000000e+01 5.000000000000000000e+00
2.830002170906804508e+02 1.500000000000000000e+01 3.000000000000000000e+00
2.840000619108043338e+02 1.500000000000000000e+01 3.000000000000000000e+00
2.850002170906809056e+02 1.600000000000000000e+01 3.000000000000000000e+00
2.860002170906811330e+02 1.600000000000000000e+01 4.000000000000000000e+00
2.870002170906813603e+02 1.600000000000000000e+01 5.000000000000000000e+00
2.880000503586236960e+02 1.600000000000000000e+01 6.000000000000000000e+00
2.890002170906818151e+02 1.600000000000000000e+01 6.000000000000000000e+00
2.900002170906820425e+02 1.600000000000000000e+01 6.000000000000000000e+00
2.910002170906822698e+02 1.800000000000000000e+01 6.000000000000000000e+00
2.920002170906824972e+02 1.600000000000000000e+01 8.000000000000000000e+00
2.930002170906827246e+02 1.500000000000000000e+01 1.000000000000000000e+01
2.940002170906829519e+02 1.300000000000000000e+01 1.000000000000000000e+01
2.950002170906831793e+02 1.200000000000000000e+01 8.000000000000000000e+00
2.960002170906834067e+02 1.100000000000000000e+01 7.000000000000000000e+00
2.970002170906836341e+02 1.000000000000000000e+01 6.000000000000000000e+00
2.980002170906838614e+02 9.000000000000000000e+00 6.000000000000000000e+00
2.990002170906840888e+02 9.000000000000000000e+00 3.000000000000000000e+00
3.000002170906843162e+02 9.000000000000000000e+00 2.000000000000000000e+00
