0.000000000000000000e+00 0.000000000000000000e+00 0.000000000000000000e+00
1.000287589301027014e+00 1.000000000000000000e+00 1.000000000000000000e+00
2.000287589301027680e+00 0.000000000000000000e+00 0.000000000000000000e+00
3.000287589301028568e+00 0.000000000000000000e+00 0.000000000000000000e+00
4.000287589301029456e+00 0.000000000000000000e+00 0.000000000000000000e+00
5.000287589301025903e+00 1.000000000000000000e+00 1.000000000000000000e+00
6.000287589301022351e+00 2.000000000000000000e+00 2.000000000000000000e+00
7.000287589301018798e+00 1.000000000000000000e+00 1.000000000000000000e+00
8.000287589301015245e+00 1.000000000000000000e+00 1.000000000000000000e+00
9.000062448460255382e+00 2.000000000000000000e+00 2.000000000000000000e+00
1.000028758930100814e+01 3.000000000000000000e+00 3.000000000000000000e+00
1.100028758930100459e+01 4.000000000000000000e+00 4.000000000000000000e+00
1.200028758930100103e+01 3.000000000000000000e+00 3.000000000000000000e+00
1.300028758930099748e+01 3.000000000000000000e+00 3.000000000000000000e+00
1.400002308215971247e+01 4.000000000000000000e+00 4.000000000000000000e+00
1.500010061142631557e+01 5.000000000000000000e+00 5.000000000000000000e+00
1.600028758930098860e+01 5.000000000000000000e+00 5.000000000000000000e+00
1.700028758930100281e+01 6.000000000000000000e+00 6.000000000000000000e+00
1.800028758930101702e+01 5.000000000000000000e+00 5.000000000000000000e+00
1.900028758930103123e+01 6.000000000000000000e+00 6.000000000000000000e+00
2.000028758930104544e+01 6.000000000000000000e+00 6.000000000000000000e+00
2.100028758930105965e+01 6.000000000000000000e+00 6.000000000000000000e+00
2.200028758930107387e+01 7.000000000000000000e+00 7.000000000000000000e+00
2.300028758930108808e+01 6.000000000000000000e+00 6.000000000000000000e+00
2.400024671963776157e+01 8.000000000000000000e+00 8.000000000000000000e+00
2.500028758930111650e+01 6.000000000000000000e+00 6.000000000000000000e+00
2.600028758930113071e+01 8.000000000000000000e+00 8.000000000000000000e+00
2.700028758930114492e+01 9.000000000000000000e+00 9.000000000000000000e+00
2.800006590361966019e+01 1.000000000000000000e+01 9.000000000000000000e+00
2.900028758930117334e+01 9.000000000000000000e+00 9.000000000000000000e+00
3.000028758930118755e+01 8.000000000000000000e+00 9.000000000000000000e+00
3.100028758930120176e+01 5.000000000000000000e+00 9.000000000000000000e+00
3.200028758930121597e+01 5.000000000000000000e+00 8.000000000000000000e+00
3.300028758930123018e+01 6.000000000000000000e+00 6.000000000000000000e+00
3.400028758930124440e+01 8.000000000000000000e+00 9.000000000000000000e+00
3.500028758930125861e+01 8.000000000000000000e+00 1.000000000000000000e+01
3.600028758930127282e+01 7.000000000000000000e+00 1.000000000000000000e+01
3.700028758930128703e+01 8.000000000000000000e+00 8.000000000000000000e+00
3.800028758930130124e+01 6.000000000000000000e+00 8.000000000000000000e+00
3.900028758930131545e+01 6.000000000000000000e+00 7.000000000000000000e+00
4.000028758930132966e+01 5.000000000000000000e+00 7.000000000000000000e+00
4.100028758930134387e+01 5.000000000000000000e+00 8.000000000000000000e+00
4.200028758930135808e+01 4.000000000000000000e+00 5.000000000000000000e+00
4.300028758930137229e+01 5.000000000000000000e+00 6.000000000000000000e+00
4.400028758930138650e+01 3.000000000000000000e+00 6.000000000000000000e+00
4.500028758930140071e+01 4.000000000000000000e+00 8.000000000000000000e+00
4.600028758930141493e+01 3.000000000000000000e+00 8.000000000000000000e+00
4.700028758930142914e+01 3.000000000000000000e+00 6.000000000000000000e+00
4.800028758930144335e+01 5.000000000000000000e+00 7.000000000000000000e+00
4.900028758930145756e+01 4.000000000000000000e+00 7.000000000000000000e+00
5.000028758930147177e+01 3.000000000000000000e+00 5.000000000000000000e+00
5.100028758930148598e+01 3.000000000000000000e+00 5.000000000000000000e+00
5.200028758930150019e+01 3.000000000000000000e+00 4.000000000000000000e+00
5.300028758930151440e+01 3.000000000000000000e+00 4.000000000000000000e+00
5.400028758930152861e+01 7.000000000000000000e+00 7.000000000000000000e+00
5.500028758930154282e+01 7.000000000000000000e+00 5.000000000000000000e+00
5.600028758930155703e+01 5.000000000000000000e+00 5.000000000000000000e+00
5.700028758930157124e+01 7.000000000000000000e+00 6.000000000000000000e+00
5.800028758930158546e+01 8.000000000000000000e+00 6.000000000000000000e+00
5.900028758930159967e+01 8.000000000000000000e+00 6.000000000000000000e+00
6.000028758930161388e+01 8.000000000000000000e+00 6.000000000000000000e+00
6.100028758930162809e+01 8.000000000000000000e+00 9.000000000000000000e+00
6.200028758930164230e+01 9.000000000000000000e+00 9.000000000000000000e+00
6.300028758930165651e+01 1.000000000000000000e+01 8.000000000000000000e+00
6.400028758930166362e+01 1.100000000000000000e+01 6.000000000000000000e+00
6.500028758930160677e+01 1.100000000000000000e+01 5.000000000000000000e+00
6.600028758930154993e+01 1.100000000000000000e+01 5.000000000000000000e+00
6.700028758930149309e+01 1.100000000000000000e+01 4.000000000000000000e+00
6.800028758930143624e+01 1.200000000000000000e+01 5.000000000000000000e+00
6.900028758930137940e+01 1.200000000000000000e+01 3.000000000000000000e+00
7.000028758930132256e+01 1.100000000000000000e+01 2.000000000000000000e+00
7.100028758930126571e+01 1.200000000000000000e+01 4.000000000000000000e+00
7.200028758930120887e+01 1.200000000000000000e+01 3.000000000000000000e+00
7.300028758930115202e+01 8.000000000000000000e+00 4.000000000000000000e+00
7.400002409979038021e+01 8.000000000000000000e+00 2.000000000000000000e+00
7.500028758930103834e+01 8.000000000000000000e+00 3.000000000000000000e+00
7.600028758930098149e+01 6.000000000000000000e+00 3.000000000000000000e+00
7.700028758930092465e+01 4.000000000000000000e+00 4.000000000000000000e+00
7.800028758930086781e+01 3.000000000000000000e+00 4.000000000000000000e+00
7.900004235210649028e+01 3.000000000000000000e+00 5.000000000000000000e+00
8.000028758930075412e+01 3.000000000000000000e+00 7.000000000000000000e+00
8.100028758930069728e+01 1.000000000000000000e+00 5.000000000000000000e+00
8.200028758930064043e+01 1.000000000000000000e+00 5.000000000000000000e+00
8.300028758930058359e+01 3.000000000000000000e+00 7.000000000000000000e+00
8.400028758930052675e+01 4.000000000000000000e+00 6.000000000000000000e+00
8.500028758930046990e+01 4.000000000000000000e+00 6.000000000000000000e+00
8.600028758930041306e+01 3.000000000000000000e+00 6.000000000000000000e+00
8.700028758930035622e+01 3.000000000000000000e+00 7.000000000000000000e+00
8.800028758930029937e+01 3.000000000000000000e+00 7.000000000000000000e+00
8.900028758930024253e+01 3.000000000000000000e+00 7.000000000000000000e+00
9.000028758930018569e+01 5.000000000000000000e+00 7.000000000000000000e+00
9.100028758930012884e+01 6.000000000000000000e+00 1.000000000000000000e+01
9.200028758930007200e+01 6.000000000000000000e+00 1.200000000000000000e+01
9.300028758930001516e+01 4.000000000000000000e+00 1.300000000000000000e+01
9.400028758929995831e+01 5.000000000000000000e+00 1.400000000000000000e+01
9.500028758929990147e+01 5.000000000000000000e+00 1.500000000000000000e+01
9.600028758929984463e+01 6.000000000000000000e+00 1.600000000000000000e+01
9.700028758929978778e+01 6.000000000000000000e+00 1.700000000000000000e+01
9.800028758929973094e+01 7.000000000000000000e+00 1.800000000000000000e+01
9.900028758929967410e+01 8.000000000000000000e+00 1.900000000000000000e+01
1.000002875892996173e+02 7.000000000000000000e+00 2.000000000000000000e+01
1.010002875892995604e+02 6.000000000000000000e+00 2.200000000000000000e+01
1.020001646548194145e+02 7.000000000000000000e+00 2.200000000000000000e+01
1.030002875892994467e+02 7.000000000000000000e+00 2.000000000000000000e+01
1.040002875892993899e+02 6.000000000000000000e+00 2.000000000000000000e+01
1.050002875892993330e+02 8.000000000000000000e+00 2.000000000000000000e+01
1.060001357139952063e+02 9.000000000000000000e+00 2.000000000000000000e+01
1.070002875892992193e+02 9.000000000000000000e+00 2.000000000000000000e+01
1.080002875892991625e+02 1.100000000000000000e+01 2.200000000000000000e+01
1.090002875892991057e+02 1.100000000000000000e+01 2.200000000000000000e+01
1.100002875892990488e+02 1.100000000000000000e+01 2.200000000000000000e+01
1.110002875892989920e+02 1.100000000000000000e+01 2.300000000000000000e+01
1.120002875892989351e+02 1.100000000000000000e+01 2.300000000000000000e+01
1.130002875892988783e+02 1.100000000000000000e+01 2.100000000000000000e+01
1.140002875892988214e+02 1.100000000000000000e+01 1.900000000000000000e+01
1.150002875892987646e+02 1.300000000000000000e+01 1.800000000000000000e+01
1.160002875892987078e+02 1.300000000000000000e+01 1.600000000000000000e+01
1.170002875892986509e+02 1.500000000000000000e+01 1.400000000000000000e+01
1.180002875892985941e+02 1.200000000000000000e+01 1.300000000000000000e+01
1.190002875892985372e+02 1.200000000000000000e+01 1.500000000000000000e+01
1.200002875892984804e+02 1.400000000000000000e+01 1.300000000000000000e+01
1.210002875892984235e+02 1.300000000000000000e+01 1.300000000000000000e+01
1.220002875892983667e+02 1.400000000000000000e+01 1.300000000000000000e+01
1.230002875892983099e+02 1.400000000000000000e+01 1.200000000000000000e+01
1.240002875892982530e+02 1.400000000000000000e+01 1.100000000000000000e+01
1.250001691248632056e+02 1.400000000000000000e+01 1.200000000000000000e+01
1.260002875892981393e+02 1.400000000000000000e+01 1.200000000000000000e+01
1.270002875892980825e+02 1.600000000000000000e+01 1.200000000000000000e+01
1.280002875892980398e+02 1.300000000000000000e+01 1.300000000000000000e+01
1.290002875892979830e+02 1.300000000000000000e+01 1.300000000000000000e+01
1.300002875892979262e+02 1.000000000000000000e+01 8.000000000000000000e+00
1.310002875892978693e+02 6.000000000000000000e+00 7.000000000000000000e+00
1.320002875892978125e+02 5.000000000000000000e+00 6.000000000000000000e+00
1.330002875892977556e+02 6.000000000000000000e+00 6.000000000000000000e+00
1.340002875892976988e+02 3.000000000000000000e+00 5.000000000000000000e+00
1.350002875892976419e+02 3.000000000000000000e+00 5.000000000000000000e+00
1.360002875892975851e+02 3.000000000000000000e+00 3.000000000000000000e+00
1.370002875892975283e+02 7.000000000000000000e+00 3.000000000000000000e+00
1.380002875892974714e+02 7.000000000000000000e+00 3.000000000000000000e+00
1.390002875892974146e+02 8.000000000000000000e+00 5.000000000000000000e+00
1.400002875892973577e+02 1.000000000000000000e+01 4.000000000000000000e+00
1.410002875892973009e+02 1.200000000000000000e+01 8.000000000000000000e+00
1.420002875892972440e+02 1.100000000000000000e+01 8.000000000000000000e+00
1.430002875892971872e+02 1.100000000000000000e+01 8.000000000000000000e+00
1.440002875892971304e+02 1.100000000000000000e+01 6.000000000000000000e+00
1.450002875892970735e+02 1.300000000000000000e+01 6.000000000000000000e+00
1.460002875892970167e+02 1.400000000000000000e+01 7.000000000000000000e+00
1.470002875892969598e+02 1.500000000000000000e+01 8.000000000000000000e+00
1.480002875892969030e+02 1.300000000000000000e+01 6.000000000000000000e+00
1.490002875892968461e+02 1.300000000000000000e+01 6.000000000000000000e+00
1.500002875892967893e+02 1.200000000000000000e+01 6.000000000000000000e+00
1.510002875892967324e+02 1.100000000000000000e+01 6.000000000000000000e+00
1.520002875892966756e+02 1.000000000000000000e+01 6.000000000000000000e+00
1.530002875892966188e+02 1.000000000000000000e+01 6.000000000000000000e+00
1.540002875892965619e+02 9.000000000000000000e+00 6.000000000000000000e+00
1.550002875892965051e+02 8.000000000000000000e+00 8.000000000000000000e+00
1.560002875892964482e+02 8.000000000000000000e+00 1.000000000000000000e+01
1.570002875892963914e+02 8.000000000000000000e+00 9.000000000000000000e+00
1.580002875892963345e+02 8.000000000000000000e+00 9.000000000000000000e+00
1.590002875892962777e+02 5.000000000000000000e+00 9.000000000000000000e+00
1.600002875892962209e+02 5.000000000000000000e+00 1.000000000000000000e+01
1.610002875892961640e+02 5.000000000000000000e+00 1.000000000000000000e+01
1.620002875892961072e+02 5.000000000000000000e+00 1.100000000000000000e+01
1.630002875892960503e+02 4.000000000000000000e+00 1.100000000000000000e+01
1.640002875892959935e+02 4.000000000000000000e+00 1.100000000000000000e+01
1.650002875892959366e+02 4.000000000000000000e+00 1.100000000000000000e+01
1.660002875892958798e+02 3.000000000000000000e+00 1.100000000000000000e+01
1.670000943542887057e+02 4.000000000000000000e+00 1.000000000000000000e+01
1.680002875892957661e+02 2.000000000000000000e+00 1.100000000000000000e+01
1.690002875892957093e+02 3.000000000000000000e+00 1.100000000000000000e+01
1.700002875892956524e+02 4.000000000000000000e+00 1.100000000000000000e+01
1.710002875892955956e+02 5.000000000000000000e+00 1.300000000000000000e+01
1.720002875892955387e+02 6.000000000000000000e+00 1.300000000000000000e+01
1.730002875892954819e+02 7.000000000000000000e+00 1.400000000000000000e+01
1.740002875892954251e+02 8.000000000000000000e+00 1.500000000000000000e+01
1.750002875892953682e+02 7.000000000000000000e+00 1.600000000000000000e+01
1.760000760038869885e+02 8.000000000000000000e+00 1.600000000000000000e+01
1.770002875892952545e+02 8.000000000000000000e+00 1.600000000000000000e+01
1.780002875892951977e+02 8.000000000000000000e+00 1.500000000000000000e+01
1.790002875892951408e+02 8.000000000000000000e+00 1.500000000000000000e+01
1.800001617484161898e+02 7.000000000000000000e+00 1.500000000000000000e+01
1.810002875892950271e+02 7.000000000000000000e+00 1.600000000000000000e+01
1.820002875892949703e+02 1.000000000000000000e+01 1.500000000000000000e+01
1.830002875892949135e+02 1.100000000000000000e+01 1.100000000000000000e+01
1.840002875892948566e+02 1.000000000000000000e+01 8.000000000000000000e+00
1.850002875892947998e+02 1.200000000000000000e+01 7.000000000000000000e+00
1.860002875892947429e+02 1.200000000000000000e+01 3.000000000000000000e+00
1.870002606826005831e+02 1.300000000000000000e+01 2.000000000000000000e+00
1.880002875892946292e+02 1.200000000000000000e+01 1.000000000000000000e+00
1.890002875892945724e+02 1.000000000000000000e+01 1.000000000000000000e+00
1.900002875892945156e+02 7.000000000000000000e+00 2.000000000000000000e+00
1.910002875892944587e+02 9.000000000000000000e+00 3.000000000000000000e+00
1.920002875892944019e+02 7.000000000000000000e+00 3.000000000000000000e+00
1.930002875892943450e+02 7.000000000000000000e+00 5.000000000000000000e+00
1.940002875892942882e+02 7.000000000000000000e+00 4.000000000000000000e+00
1.950002875892942313e+02 8.000000000000000000e+00 4.000000000000000000e+00
1.960002875892941745e+02 8.000000000000000000e+00 3.000000000000000000e+00
1.970002875892941177e+02 9.000000000000000000e+00 4.000000000000000000e+00
1.980002875892940608e+02 7.000000000000000000e+00 5.000000000000000000e+00
1.990002875892940040e+02 7.000000000000000000e+00 4.000000000000000000e+00
2.000002875892939471e+02 7.000000000000000000e+00 6.000000000000000000e+00
2.010002875892938903e+02 7.000000000000000000e+00 4.000000000000000000e+00
2.020002875892938334e+02 6.000000000000000000e+00 5.000000000000000000e+00
2.030002317334219413e+02 8.000000000000000000e+00 6.000000000000000000e+00
2.040002875892937197e+02 9.000000000000000000e+00 5.000000000000000000e+00
2.050002875892936629e+02 1.100000000000000000e+01 6.000000000000000000e+00
2.060002875892936061e+02 1.100000000000000000e+01 7.000000000000000000e+00
2.070002875892935492e+02 1.400000000000000000e+01 8.000000000000000000e+00
2.080002875892934924e+02 1.600000000000000000e+01 9.000000000000000000e+00
2.090002875892934355e+02 1.800000000000000000e+01 8.000000000000000000e+00
2.100002875892933787e+02 1.600000000000000000e+01 7.000000000000000000e+00
2.110002875892933218e+02 1.700000000000000000e+01 7.000000000000000000e+00
2.120002875892932650e+02 1.600000000000000000e+01 6.000000000000000000e+00
2.130002875892932082e+02 1.700000000000000000e+01 8.000000000000000000e+00
2.140002875892931513e+02 1.600000000000000000e+01 9.000000000000000000e+00
2.150002875892930945e+02 1.700000000000000000e+01 1.000000000000000000e+01
2.160002875892930376e+02 1.700000000000000000e+01 1.000000000000000000e+01
2.170002875892929808e+02 1.800000000000000000e+01 1.100000000000000000e+01
2.180002875892929239e+02 1.700000000000000000e+01 1.200000000000000000e+01
2.190002875892928671e+02 1.800000000000000000e+01 1.100000000000000000e+01
2.200002875892928103e+02 1.700000000000000000e+01 1.000000000000000000e+01
2.210002875892927534e+02 1.700000000000000000e+01 1.000000000000000000e+01
2.220002875892926966e+02 1.700000000000000000e+01 1.100000000000000000e+01
2.230002875892926397e+02 1.700000000000000000e+01 1.000000000000000000e+01
2.240002875892925829e+02 1.900000000000000000e+01 9.000000000000000000e+00
2.250002875892925260e+02 1.500000000000000000e+01 1.000000000000000000e+01
2.260002875892924692e+02 1.400000000000000000e+01 9.000000000000000000e+00
2.270002875892924123e+02 1.600000000000000000e+01 1.000000000000000000e+01
2.280002875892923555e+02 1.500000000000000000e+01 6.000000000000000000e+00
2.290002875892922987e+02 1.000000000000000000e+01 5.000000000000000000e+00
2.300002875892922418e+02 1.200000000000000000e+01 7.000000000000000000e+00
2.310002875892921850e+02 1.100000000000000000e+01 6.000000000000000000e+00
2.320002875892921281e+02 1.200000000000000000e+01 6.000000000000000000e+00
2.330002875892920713e+02 1.200000000000000000e+01 5.000000000000000000e+00
2.340002875892920144e+02 1.200000000000000000e+01 6.000000000000000000e+00
2.350001321640815206e+02 1.200000000000000000e+01 6.000000000000000000e+00
2.360001457579446082e+02 1.200000000000000000e+01 6.000000000000000000e+00
2.370002875892918439e+02 8.000000000000000000e+00 6.000000000000000000e+00
2.380002875892917871e+02 5.000000000000000000e+00 7.000000000000000000e+00
2.390002875892917302e+02 5.000000000000000000e+00 7.000000000000000000e+00
2.400002875892916734e+02 4.000000000000000000e+00 7.000000000000000000e+00
2.410002875892916165e+02 3.000000000000000000e+00 8.000000000000000000e+00
2.420002875892915597e+02 3.000000000000000000e+00 9.000000000000000000e+00
2.430002875892915029e+02 3.000000000000000000e+00 9.000000000000000000e+00
2.440002875892914460e+02 6.000000000000000000e+00 1.000000000000000000e+01
2.450002875892913892e+02 8.000000000000000000e+00 9.000000000000000000e+00
2.460002875892913323e+02 8.000000000000000000e+00 8.000000000000000000e+00
2.470002875892912755e+02 8.000000000000000000e+00 1.000000000000000000e+01
2.480002262404589715e+02 8.000000000000000000e+00 9.000000000000000000e+00
2.490002875892911618e+02 9.000000000000000000e+00 1.000000000000000000e+01
2.500002875892911050e+02 9.000000000000000000e+00 1.200000000000000000e+01
2.510002875892910481e+02 9.000000000000000000e+00 1.100000000000000000e+01
2.520002875892909913e+02 8.000000000000000000e+00 1.300000000000000000e+01
2.530002502194918748e+02 8.000000000000000000e+00 9.000000000000000000e+00
2.540002875892908776e+02 6.000000000000000000e+00 1.000000000000000000e+01
2.550002875892908207e+02 6.000000000000000000e+00 9.000000000000000000e+00
2.560002875892907923e+02 4.000000000000000000e+00 1.000000000000000000e+01
2.570002875892910197e+02 7.000000000000000000e+00 1.100000000000000000e+01
2.580002875892912471e+02 5.000000000000000000e+00 1.100000000000000000e+01
2.590002875892914744e+02 5.000000000000000000e+00 1.000000000000000000e+01
2.600002875892917018e+02 4.000000000000000000e+00 9.000000000000000000e+00
2.610002875892919292e+02 5.000000000000000000e+00 9.000000000000000000e+00
2.620002875892921566e+02 4.000000000000000000e+00 9.000000000000000000e+00
2.630002875892923839e+02 5.000000000000000000e+00 1.100000000000000000e+01
2.640002875892926113e+02 5.000000000000000000e+00 1.200000000000000000e+01
2.650002875892928387e+02 6.000000000000000000e+00 1.000000000000000000e+01
2.660002875892930660e+02 5.000000000000000000e+00 1.100000000000000000e+01
2.670002875892932934e+02 5.000000000000000000e+00 9.000000000000000000e+00
2.680002875892935208e+02 5.000000000000000000e+00 9.000000000000000000e+00
2.690002875892937482e+02 5.000000000000000000e+00 9.000000000000000000e+00
2.700002875892939755e+02 7.000000000000000000e+00 8.000000000000000000e+00
2.710002875892942029e+02 6.000000000000000000e+00 8.000000000000000000e+00
2.720002875892944303e+02 5.000000000000000000e+00 5.000000000000000000e+00
2.730002875892946577e+02 5.000000000000000000e+00 5.000000000000000000e+00
2.740002875892948850e+02 6.000000000000000000e+00 2.000000000000000000e+00
2.750002875892951124e+02 6.000000000000000000e+00 2.000000000000000000e+00
2.760002875892953398e+02 9.000000000000000000e+00 0.000000000000000000e+00
2.770002875892955672e+02 1.000000000000000000e+01 2.000000000000000000e+00
2.780002875892957945e+02 1.200000000000000000e+01 0.000000000000000000e+00
2.790002626184532915e+02 1.200000000000000000e+01 2.000000000000000000e+00
2.800002875892962493e+02 1.400000000000000000e+01 0.000000000000000000e+00
2.810002875892964767e+02 1.200000000000000000e+01 4.000000000000000000e+00
2.820002227841558238e+02 1.300000000000000000e+01 2.000000000000000000e+00
2.830002875892969314e+02 1.300000000000000000e+01 1.000000000000000000e+00
2.840002875892971588e+02 1.400000000000000000e+01 1.000000000000000000e+00
2.850002875892973861e+02 1.500000000000000000e+01 1.000000000000000000e+00
2.860002875892976135e+02 1.500000000000000000e+01 3.000000000000000000e+00
2.870002875892978409e+02 1.500000000000000000e+01 5.000000000000000000e+00
2.880002875892980683e+02 1.600000000000000000e+01 4.000000000000000000e+00
2.890002875892982956e+02 1.700000000000000000e+01 3.000000000000000000e+00
2.900002875892985230e+02 1.800000000000000000e+01 6.000000000000000000e+00
2.910002875892987504e+02 1.800000000000000000e+01 7.000000000000000000e+00
2.920002875892989778e+02 1.900000000000000000e+01 6.000000000000000000e+00
2.930002875892992051e+02 1.900000000000000000e+01 5.000000000000000000e+00
2.940002875892994325e+02 2.000000000000000000e+01 5.000000000000000000e+00
2.950002875892996599e+02 2.000000000000000000e+01 5.000000000000000000e+00
2.960002875892998873e+02 2.000000000000000000e+01 6.000000000000000000e+00
2.970002875893001146e+02 2.100000000000000000e+01 7.000000000000000000e+00
2.980002875893003420e+02 2.200000000000000000e+01 7.000000000000000000e+00
2.990002875893005694e+02 2.000000000000000000e+01 8.000000000000000000e+00
3.000002875893007968e+02 2.100000000000000000e+01 8.000000000000000000e+00
