0.000000000000000000e+00 0.000000000000000000e+00 0.000000000000000000e+00
1.000102444825794246e+00 0.000000000000000000e+00 0.000000000000000000e+00
2.000102444825794912e+00 1.000000000000000000e+00 1.000000000000000000e+00
3.000102444825795800e+00 0.000000000000000000e+00 0.000000000000000000e+00
4.000102444825796688e+00 0.000000000000000000e+00 0.000000000000000000e+00
5.000102444825793135e+00 1.000000000000000000e+00 1.000000000000000000e+00
6.000102444825789583e+00 1.000000000000000000e+00 1.000000000000000000e+00
7.000102444825786030e+00 1.000000000000000000e+00 1.000000000000000000e+00
8.000102444825783365e+00 3.000000000000000000e+00 3.000000000000000000e+00
9.000102444825779813e+00 3.000000000000000000e+00 3.000000000000000000e+00
1.000010244482577626e+01 4.000000000000000000e+00 4.000000000000000000e+00
1.100010244482577271e+01 2.000000000000000000e+00 2.000000000000000000e+00
1.200010244482576915e+01 3.000000000000000000e+00 3.000000000000000000e+00
1.300010244482576560e+01 3.000000000000000000e+00 3.000000000000000000e+00
1.400010244482576205e+01 3.000000000000000000e+00 3.000000000000000000e+00
1.500010244482575850e+01 3.000000000000000000e+00 3.000000000000000000e+00
1.600010244482575672e+01 3.000000000000000000e+00 3.000000000000000000e+00
1.700010244482577093e+01 5.000000000000000000e+00 5.000000000000000000e+00
1.800010244482578514e+01 4.000000000000000000e+00 4.000000000000000000e+00
1.900010244482579935e+01 6.000000000000000000e+00 6.000000000000000000e+00
2.000010244482581356e+01 7.000000000000000000e+00 7.000000000000000000e+00
2.100010244482582777e+01 7.000000000000000000e+00 7.000000000000000000e+00
2.200010244482584199e+01 8.000000000000000000e+00 8.000000000000000000e+00
2.300010244482585620e+01 7.000000000000000000e+00 9.000000000000000000e+00
2.400010244482587041e+01 5.000000000000000000e+00 5.000000000000000000e+00
2.500010244482588462e+01 5.000000000000000000e+00 6.000000000000000000e+00
2.600010244482589883e+01 6.000000000000000000e+00 8.000000000000000000e+00
2.700010244482591304e+01 4.000000000000000000e+00 6.000000000000000000e+00
2.800000147591941158e+01 4.000000000000000000e+00 6.000000000000000000e+00
2.900010244482594146e+01 6.000000000000000000e+00 8.000000000000000000e+00
3.000010244482595567e+01 5.000000000000000000e+00 7.000000000000000000e+00
3.100010244482596988e+01 5.000000000000000000e+00 6.000000000000000000e+00
3.200010244482598409e+01 5.000000000000000000e+00 6.000000000000000000e+00
3.300010244482599830e+01 7.000000000000000000e+00 6.000000000000000000e+00
3.400010244482601252e+01 8.000000000000000000e+00 6.000000000000000000e+00
3.500010244482602673e+01 9.000000000000000000e+00 6.000000000000000000e+00
3.600010244482604094e+01 1.000000000000000000e+01 8.000000000000000000e+00
3.700010244482605515e+01 7.000000000000000000e+00 7.000000000000000000e+00
3.800010244482606936e+01 6.000000000000000000e+00 7.000000000000000000e+00
3.900010244482608357e+01 5.000000000000000000e+00 7.000000000000000000e+00
4.000010244482609778e+01 7.000000000000000000e+00 9.000000000000000000e+00
4.100010244482611199e+01 7.000000000000000000e+00 1.000000000000000000e+01
4.200010244482612620e+01 8.000000000000000000e+00 1.200000000000000000e+01
4.300010244482614041e+01 8.000000000000000000e+00 1.200000000000000000e+01
4.400010244482615462e+01 7.000000000000000000e+00 1.100000000000000000e+01
4.500010244482616883e+01 7.000000000000000000e+00 1.200000000000000000e+01
4.600010244482618305e+01 7.000000000000000000e+00 1.200000000000000000e+01
4.700010244482619726e+01 7.000000000000000000e+00 1.200000000000000000e+01
4.800010244482621147e+01 7.000000000000000000e+00 1.100000000000000000e+01
4.900010244482622568e+01 9.000000000000000000e+00 1.300000000000000000e+01
5.000010244482623989e+01 8.000000000000000000e+00 1.300000000000000000e+01
5.100010244482625410e+01 6.000000000000000000e+00 1.300000000000000000e+01
5.200010244482626831e+01 6.000000000000000000e+00 1.200000000000000000e+01
5.300010244482628252e+01 6.000000000000000000e+00 1.200000000000000000e+01
5.400010244482629673e+01 6.000000000000000000e+00 1.300000000000000000e+01
5.500010244482631094e+01 8.000000000000000000e+00 1.500000000000000000e+01
5.600010244482632515e+01 8.000000000000000000e+00 1.600000000000000000e+01
5.700010244482633937e+01 9.000000000000000000e+00 1.500000000000000000e+01
5.800010244482635358e+01 1.100000000000000000e+01 1.400000000000000000e+01
5.900010244482636779e+01 1.200000000000000000e+01 1.500000000000000000e+01
6.000010244482638200e+01 1.300000000000000000e+01 1.500000000000000000e+01
6.100010244482639621e+01 1.300000000000000000e+01 1.500000000000000000e+01
6.200010244482641042e+01 1.200000000000000000e+01 1.300000000000000000e+01
6.300010244482642463e+01 1.000000000000000000e+01 1.300000000000000000e+01
6.400010244482643884e+01 8.000000000000000000e+00 1.300000000000000000e+01
6.500010244482638200e+01 7.000000000000000000e+00 1.300000000000000000e+01
6.600010244482632515e+01 6.000000000000000000e+00 1.200000000000000000e+01
6.700010244482626831e+01 8.000000000000000000e+00 1.300000000000000000e+01
6.800010244482621147e+01 1.000000000000000000e+01 1.500000000000000000e+01
6.900010244482615462e+01 8.000000000000000000e+00 1.600000000000000000e+01
7.000010244482609778e+01 9.000000000000000000e+00 1.600000000000000000e+01
7.100010244482604094e+01 9.000000000000000000e+00 1.600000000000000000e+01
7.200010244482598409e+01 9.000000000000000000e+00 1.600000000000000000e+01
7.300010244482592725e+01 1.000000000000000000e+01 1.800000000000000000e+01
7.400010244482587041e+01 1.000000000000000000e+01 1.800000000000000000e+01
7.500010244482581356e+01 1.100000000000000000e+01 1.800000000000000000e+01
7.600010244482575672e+01 1.000000000000000000e+01 1.800000000000000000e+01
7.700010244482569988e+01 1.100000000000000000e+01 1.900000000000000000e+01
7.800010244482564303e+01 1.100000000000000000e+01 1.900000000000000000e+01
7.900010244482558619e+01 1.200000000000000000e+01 1.400000000000000000e+01
8.000010244482552935e+01 7.000000000000000000e+00 1.100000000000000000e+01
8.100010244482547250e+01 3.000000000000000000e+00 1.000000000000000000e+01
8.200010244482541566e+01 2.000000000000000000e+00 1.100000000000000000e+01
8.300010244482535882e+01 2.000000000000000000e+00 1.100000000000000000e+01
8.400010244482530197e+01 2.000000000000000000e+00 9.000000000000000000e+00
8.500010244482524513e+01 2.000000000000000000e+00 9.000000000000000000e+00
8.600010244482518829e+01 4.000000000000000000e+00 9.000000000000000000e+00
8.700010244482513144e+01 5.000000000000000000e+00 9.000000000000000000e+00
8.800010244482507460e+01 5.000000000000000000e+00 9.000000000000000000e+00
8.900010244482501776e+01 3.000000000000000000e+00 9.000000000000000000e+00
9.000010244482496091e+01 3.000000000000000000e+00 9.000000000000000000e+00
9.100010244482490407e+01 6.000000000000000000e+00 9.000000000000000000e+00
9.200010244482484723e+01 6.000000000000000000e+00 1.000000000000000000e+01
9.300010244482479038e+01 5.000000000000000000e+00 1.100000000000000000e+01
9.400010244482473354e+01 4.000000000000000000e+00 1.200000000000000000e+01
9.500010244482467670e+01 4.000000000000000000e+00 1.100000000000000000e+01
9.600010244482461985e+01 4.000000000000000000e+00 9.000000000000000000e+00
9.700010244482456301e+01 4.000000000000000000e+00 9.000000000000000000e+00
9.800010244482450616e+01 5.000000000000000000e+00 8.000000000000000000e+00
9.900010244482444932e+01 7.000000000000000000e+00 3.000000000000000000e+00
1.000001024448243925e+02 7.000000000000000000e+00 3.000000000000000000e+00
1.010001024448243356e+02 7.000000000000000000e+00 5.000000000000000000e+00
1.020001024448242788e+02 9.000000000000000000e+00 5.000000000000000000e+00
1.030001024448242219e+02 9.000000000000000000e+00 5.000000000000000000e+00
1.040001024448241651e+02 1.100000000000000000e+01 6.000000000000000000e+00
1.050001024448241083e+02 1.300000000000000000e+01 9.000000000000000000e+00
1.060001024448240514e+02 1.300000000000000000e+01 9.000000000000000000e+00
1.070001024448239946e+02 1.300000000000000000e+01 9.000000000000000000e+00
1.080001024448239377e+02 1.400000000000000000e+01 1.000000000000000000e+01
1.090001024448238809e+02 1.400000000000000000e+01 9.000000000000000000e+00
1.100001024448238240e+02 1.400000000000000000e+01 9.000000000000000000e+00
1.110001024448237672e+02 1.400000000000000000e+01 1.000000000000000000e+01
1.120001024448237104e+02 1.600000000000000000e+01 1.000000000000000000e+01
1.130001024448236535e+02 1.800000000000000000e+01 9.000000000000000000e+00
1.140001024448235967e+02 1.800000000000000000e+01 9.000000000000000000e+00
1.150001024448235398e+02 1.900000000000000000e+01 1.000000000000000000e+01
1.160001024448234830e+02 2.000000000000000000e+01 7.000000000000000000e+00
1.170001024448234261e+02 2.000000000000000000e+01 6.000000000000000000e+00
1.180001024448233693e+02 2.000000000000000000e+01 7.000000000000000000e+00
1.190001024448233125e+02 2.000000000000000000e+01 7.000000000000000000e+00
1.200001024448232556e+02 2.000000000000000000e+01 7.000000000000000000e+00
1.210001024448231988e+02 2.100000000000000000e+01 9.000000000000000000e+00
1.220001024448231419e+02 2.200000000000000000e+01 8.000000000000000000e+00
1.230001024448230851e+02 2.300000000000000000e+01 8.000000000000000000e+00
1.240001024448230282e+02 2.400000000000000000e+01 7.000000000000000000e+00
1.250001024448229714e+02 2.600000000000000000e+01 9.000000000000000000e+00
1.260001024448229145e+02 2.700000000000000000e+01 9.000000000000000000e+00
1.270001024448228577e+02 2.500000000000000000e+01 1.100000000000000000e+01
1.280001024448228009e+02 2.200000000000000000e+01 1.100000000000000000e+01
1.290001024448227440e+02 2.300000000000000000e+01 1.200000000000000000e+01
1.300001024448226872e+02 2.400000000000000000e+01 1.200000000000000000e+01
1.310001024448226303e+02 2.300000000000000000e+01 1.100000000000000000e+01
1.320001024448225735e+02 1.900000000000000000e+01 1.200000000000000000e+01
1.330001024448225166e+02 1.700000000000000000e+01 1.200000000000000000e+01
1.340001024448224598e+02 1.600000000000000000e+01 1.400000000000000000e+01
1.350001024448224030e+02 1.500000000000000000e+01 1.400000000000000000e+01
1.360001024448223461e+02 1.600000000000000000e+01 1.600000000000000000e+01
1.370001024448222893e+02 1.700000000000000000e+01 1.700000000000000000e+01
1.380001024448222324e+02 1.800000000000000000e+01 1.800000000000000000e+01
1.390001024448221756e+02 1.800000000000000000e+01 1.800000000000000000e+01
1.400001024448221187e+02 1.900000000000000000e+01 1.800000000000000000e+01
1.410001024448220619e+02 2.000000000000000000e+01 1.900000000000000000e+01
1.420001024448220051e+02 2.300000000000000000e+01 1.800000000000000000e+01
1.430001024448219482e+02 2.300000000000000000e+01 1.800000000000000000e+01
1.440001024448218914e+02 2.300000000000000000e+01 1.800000000000000000e+01
1.450001024448218345e+02 2.400000000000000000e+01 1.800000000000000000e+01
1.460001024448217777e+02 2.100000000000000000e+01 1.900000000000000000e+01
1.470001024448217208e+02 1.800000000000000000e+01 1.900000000000000000e+01
1.480001024448216640e+02 1.900000000000000000e+01 1.900000000000000000e+01
1.490001024448216072e+02 1.500000000000000000e+01 2.000000000000000000e+01
1.500001024448215503e+02 1.600000000000000000e+01 2.000000000000000000e+01
1.510001024448214935e+02 1.300000000000000000e+01 2.200000000000000000e+01
1.520001024448214366e+02 1.200000000000000000e+01 2.100000000000000000e+01
1.530001024448213798e+02 1.100000000000000000e+01 2.200000000000000000e+01
1.540001024448213229e+02 1.200000000000000000e+01 2.300000000000000000e+01
1.550001024448212661e+02 1.400000000000000000e+01 2.400000000000000000e+01
1.560001024448212092e+02 1.200000000000000000e+01 2.400000000000000000e+01
1.570001024448211524e+02 1.400000000000000000e+01 2.500000000000000000e+01
1.580001024448210956e+02 1.300000000000000000e+01 2.500000000000000000e+01
1.590001024448210387e+02 1.300000000000000000e+01 2.500000000000000000e+01
1.600001024448209819e+02 1.300000000000000000e+01 2.500000000000000000e+01
1.610001024448209250e+02 1.400000000000000000e+01 2.600000000000000000e+01
1.620001024448208682e+02 1.400000000000000000e+01 2.600000000000000000e+01
1.630001024448208113e+02 1.400000000000000000e+01 2.700000000000000000e+01
1.640001024448207545e+02 1.300000000000000000e+01 2.700000000000000000e+01
1.650001024448206977e+02 1.400000000000000000e+01 2.700000000000000000e+01
1.660001024448206408e+02 1.300000000000000000e+01 2.700000000000000000e+01
1.670000402678260798e+02 1.300000000000000000e+01 2.700000000000000000e+01
1.680001024448205271e+02 1.400000000000000000e+01 2.700000000000000000e+01
1.690001024448204703e+02 1.500000000000000000e+01 2.800000000000000000e+01
1.700001024448204134e+02 1.500000000000000000e+01 2.800000000000000000e+01
1.710001024448203566e+02 1.400000000000000000e+01 2.800000000000000000e+01
1.720001024448202998e+02 1.500000000000000000e+01 2.800000000000000000e+01
1.730001024448202429e+02 1.600000000000000000e+01 2.700000000000000000e+01
1.740001024448201861e+02 1.800000000000000000e+01 2.700000000000000000e+01
1.750001024448201292e+02 1.700000000000000000e+01 2.400000000000000000e+01
1.760001024448200724e+02 1.600000000000000000e+01 2.300000000000000000e+01
1.770001024448200155e+02 1.500000000000000000e+01 2.300000000000000000e+01
1.780001024448199587e+02 1.300000000000000000e+01 2.300000000000000000e+01
1.790001024448199018e+02 1.400000000000000000e+01 2.000000000000000000e+01
1.800001024448198450e+02 1.400000000000000000e+01 1.800000000000000000e+01
1.810001024448197882e+02 1.200000000000000000e+01 1.900000000000000000e+01
1.820001024448197313e+02 1.000000000000000000e+01 1.700000000000000000e+01
1.830001024448196745e+02 1.200000000000000000e+01 1.700000000000000000e+01
1.840001024448196176e+02 1.300000000000000000e+01 1.800000000000000000e+01
1.850001024448195608e+02 1.200000000000000000e+01 1.800000000000000000e+01
1.860001024448195039e+02 1.100000000000000000e+01 2.000000000000000000e+01
1.870001024448194471e+02 9.000000000000000000e+00 2.000000000000000000e+01
1.880001024448193903e+02 9.000000000000000000e+00 2.000000000000000000e+01
1.890001024448193334e+02 1.000000000000000000e+01 2.000000000000000000e+01
1.900001024448192766e+02 1.200000000000000000e+01 2.100000000000000000e+01
1.910001024448192197e+02 1.100000000000000000e+01 2.200000000000000000e+01
1.920001024448191629e+02 1.300000000000000000e+01 2.400000000000000000e+01
1.930001024448191060e+02 1.300000000000000000e+01 2.300000000000000000e+01
1.940001024448190492e+02 1.300000000000000000e+01 1.800000000000000000e+01
1.950001024448189924e+02 1.400000000000000000e+01 1.700000000000000000e+01
1.960001024448189355e+02 1.600000000000000000e+01 1.700000000000000000e+01
1.970001024448188787e+02 1.600000000000000000e+01 1.500000000000000000e+01
1.980001024448188218e+02 1.500000000000000000e+01 1.500000000000000000e+01
1.990001024448187650e+02 1.400000000000000000e+01 1.400000000000000000e+01
2.000001024448187081e+02 1.400000000000000000e+01 1.400000000000000000e+01
2.010001024448186513e+02 1.200000000000000000e+01 1.400000000000000000e+01
2.020000722602142673e+02 1.200000000000000000e+01 1.500000000000000000e+01
2.030001024448185376e+02 1.200000000000000000e+01 1.400000000000000000e+01
2.040001024448184808e+02 1.300000000000000000e+01 1.400000000000000000e+01
2.050001024448184239e+02 1.400000000000000000e+01 1.500000000000000000e+01
2.060001024448183671e+02 1.700000000000000000e+01 1.700000000000000000e+01
2.070001024448183102e+02 1.700000000000000000e+01 1.700000000000000000e+01
2.080001024448182534e+02 1.800000000000000000e+01 1.700000000000000000e+01
2.090001024448181965e+02 1.800000000000000000e+01 1.700000000000000000e+01
2.100001024448181397e+02 1.800000000000000000e+01 1.800000000000000000e+01
2.110001024448180829e+02 1.700000000000000000e+01 1.800000000000000000e+01
2.120001024448180260e+02 1.700000000000000000e+01 1.800000000000000000e+01
2.130001024448179692e+02 1.800000000000000000e+01 2.000000000000000000e+01
2.140001024448179123e+02 1.600000000000000000e+01 2.000000000000000000e+01
2.150001024448178555e+02 1.600000000000000000e+01 2.100000000000000000e+01
2.160001024448177986e+02 1.700000000000000000e+01 2.000000000000000000e+01
2.170001024448177418e+02 1.800000000000000000e+01 2.000000000000000000e+01
2.180001024448176850e+02 1.800000000000000000e+01 2.100000000000000000e+01
2.190001024448176281e+02 1.800000000000000000e+01 2.100000000000000000e+01
2.200001024448175713e+02 1.900000000000000000e+01 2.200000000000000000e+01
2.210001024448175144e+02 1.900000000000000000e+01 2.400000000000000000e+01
2.220001024448174576e+02 1.900000000000000000e+01 2.500000000000000000e+01
2.230001024448174007e+02 1.700000000000000000e+01 2.300000000000000000e+01
2.240001024448173439e+02 1.800000000000000000e+01 2.300000000000000000e+01
2.250001024448172871e+02 1.800000000000000000e+01 2.100000000000000000e+01
2.260001024448172302e+02 1.800000000000000000e+01 2.100000000000000000e+01
2.270001024448171734e+02 1.900000000000000000e+01 1.700000000000000000e+01
2.280001024448171165e+02 2.300000000000000000e+01 1.800000000000000000e+01
2.290001024448170597e+02 2.000000000000000000e+01 2.000000000000000000e+01
2.300001024448170028e+02 2.000000000000000000e+01 2.000000000000000000e+01
2.310001024448169460e+02 1.900000000000000000e+01 1.600000000000000000e+01
2.320001024448168891e+02 2.000000000000000000e+01 1.300000000000000000e+01
2.330001024448168323e+02 1.900000000000000000e+01 1.100000000000000000e+01
2.340001024448167755e+02 1.900000000000000000e+01 8.000000000000000000e+00
2.350001024448167186e+02 1.700000000000000000e+01 9.000000000000000000e+00
2.360001024448166618e+02 1.600000000000000000e+01 8.000000000000000000e+00
2.370001024448166049e+02 1.600000000000000000e+01 9.000000000000000000e+00
2.380001024448165481e+02 1.600000000000000000e+01 1.000000000000000000e+01
2.390001024448164912e+02 1.500000000000000000e+01 1.100000000000000000e+01
2.400001024448164344e+02 1.600000000000000000e+01 1.300000000000000000e+01
2.410001024448163776e+02 1.900000000000000000e+01 1.300000000000000000e+01
2.420001024448163207e+02 1.900000000000000000e+01 1.400000000000000000e+01
2.430001024448162639e+02 1.800000000000000000e+01 1.400000000000000000e+01
2.440001024448162070e+02 1.600000000000000000e+01 1.100000000000000000e+01
2.450001024448161502e+02 1.600000000000000000e+01 1.000000000000000000e+01
2.460001024448160933e+02 1.800000000000000000e+01 1.000000000000000000e+01
2.470001024448160365e+02 1.800000000000000000e+01 1.000000000000000000e+01
2.480001024448159797e+02 1.800000000000000000e+01 9.000000000000000000e+00
2.490001024448159228e+02 1.800000000000000000e+01 8.000000000000000000e+00
2.500001024448158660e+02 1.900000000000000000e+01 9.000000000000000000e+00
2.510001024448158091e+02 2.000000000000000000e+01 1.000000000000000000e+01
2.520001024448157523e+02 2.000000000000000000e+01 1.200000000000000000e+01
2.530001024448156954e+02 2.000000000000000000e+01 1.100000000000000000e+01
2.540001024448156386e+02 2.000000000000000000e+01 1.100000000000000000e+01
2.550001024448155817e+02 2.100000000000000000e+01 1.100000000000000000e+01
2.560001024448155249e+02 1.700000000000000000e+01 1.100000000000000000e+01
2.570001024448157523e+02 1.700000000000000000e+01 1.100000000000000000e+01
2.580001024448159797e+02 1.700000000000000000e+01 9.000000000000000000e+00
2.590001024448162070e+02 1.800000000000000000e+01 8.000000000000000000e+00
2.600001024448164344e+02 1.900000000000000000e+01 8.000000000000000000e+00
2.610001024448166618e+02 2.000000000000000000e+01 9.000000000000000000e+00
2.620001024448168891e+02 2.000000000000000000e+01 1.000000000000000000e+01
2.630001024448171165e+02 1.900000000000000000e+01 9.000000000000000000e+00
2.640001024448173439e+02 2.100000000000000000e+01 1.000000000000000000e+01
2.650001024448175713e+02 2.000000000000000000e+01 9.000000000000000000e+00
2.660001024448177986e+02 2.100000000000000000e+01 1.000000000000000000e+01
2.670001024448180260e+02 2.300000000000000000e+01 1.000000000000000000e+01
2.680001024448182534e+02 2.500000000000000000e+01 9.000000000000000000e+00
2.690001024448184808e+02 2.700000000000000000e+01 9.000000000000000000e+00
2.700001024448187081e+02 2.700000000000000000e+01 1.000000000000000000e+01
2.710001024448189355e+02 2.800000000000000000e+01 9.000000000000000000e+00
2.720001024448191629e+02 2.800000000000000000e+01 1.300000000000000000e+01
2.730001024448193903e+02 2.900000000000000000e+01 1.400000000000000000e+01
2.740001024448196176e+02 2.900000000000000000e+01 1.500000000000000000e+01
2.750001024448198450e+02 3.000000000000000000e+01 1.200000000000000000e+01
2.760001024448200724e+02 3.100000000000000000e+01 1.400000000000000000e+01
2.770001024448202998e+02 3.200000000000000000e+01 1.300000000000000000e+01
2.780001024448205271e+02 3.200000000000000000e+01 1.400000000000000000e+01
2.790001024448207545e+02 3.000000000000000000e+01 1.300000000000000000e+01
2.800001024448209819e+02 3.100000000000000000e+01 1.200000000000000000e+01
2.810001024448212092e+02 3.000000000000000000e+01 1.200000000000000000e+01
2.820001024448214366e+02 3.100000000000000000e+01 1.200000000000000000e+01
2.830001024448216640e+02 3.000000000000000000e+01 1.200000000000000000e+01
2.840001024448218914e+02 3.100000000000000000e+01 1.300000000000000000e+01
2.850001024448221187e+02 3.000000000000000000e+01 1.500000000000000000e+01
2.860001024448223461e+02 3.100000000000000000e+01 1.400000000000000000e+01
2.870001024448225735e+02 3.000000000000000000e+01 1.200000000000000000e+01
2.880001024448228009e+02 3.200000000000000000e+01 1.200000000000000000e+01
2.890001024448230282e+02 3.400000000000000000e+01 1.100000000000000000e+01
2.900001024448232556e+02 3.200000000000000000e+01 1.000000000000000000e+01
2.910001024448234830e+02 3.200000000000000000e+01 1.000000000000000000e+01
2.920001024448237104e+02 3.500000000000000000e+01 1.100000000000000000e+01
2.930001024448239377e+02 3.600000000000000000e+01 1.200000000000000000e+01
2.940001024448241651e+02 3.500000000000000000e+01 1.300000000000000000e+01
2.950001024448243925e+02 3.600000000000000000e+01 1.300000000000000000e+01
2.960001024448246199e+02 3.600000000000000000e+01 1.300000000000000000e+01
2.970001024448248472e+02 3.600000000000000000e+01 1.400000000000000000e+01
2.980001024448250746e+02 3.600000000000000000e+01 1.500000000000000000e+01
2.990001024448253020e+02 3.500000000000000000e+01 1.300000000000000000e+01
3.000001024448255293e+02 3.300000000000000000e+01 1.000000000000000000e+01
