0.000000000000000000e+00 0.000000000000000000e+00 0.000000000000000000e+00
1.000239603248018527e+00 0.000000000000000000e+00 0.000000000000000000e+00
2.000239603248019193e+00 1.000000000000000000e+00 1.000000000000000000e+00
3.000239603248020082e+00 3.000000000000000000e+00 3.000000000000000000e+00
4.000239603248020970e+00 1.000000000000000000e+00 1.000000000000000000e+00
5.000239603248017417e+00 2.000000000000000000e+00 2.000000000000000000e+00
6.000239603248013864e+00 4.000000000000000000e+00 4.000000000000000000e+00
7.000239603248010312e+00 6.000000000000000000e+00 6.000000000000000000e+00
8.000239603248006759e+00 7.000000000000000000e+00 7.000000000000000000e+00
9.000239603248003206e+00 7.000000000000000000e+00 7.000000000000000000e+00
1.000023960324799965e+01 7.000000000000000000e+00 7.000000000000000000e+00
1.100023960324799610e+01 9.000000000000000000e+00 9.000000000000000000e+00
1.200023960324799255e+01 1.000000000000000000e+01 1.000000000000000000e+01
1.300023960324798900e+01 1.000000000000000000e+01 1.000000000000000000e+01
1.400023960324798544e+01 1.000000000000000000e+01 1.000000000000000000e+01
1.500023960324798189e+01 1.000000000000000000e+01 1.000000000000000000e+01
1.600023960324798011e+01 1.100000000000000000e+01 1.100000000000000000e+01
1.700023960324799432e+01 9.000000000000000000e+00 1.000000000000000000e+01
1.800023960324800854e+01 1.200000000000000000e+01 1.300000000000000000e+01
1.900023960324802275e+01 1.400000000000000000e+01 1.500000000000000000e+01
2.000023960324803696e+01 1.200000000000000000e+01 1.500000000000000000e+01
2.100023960324805117e+01 1.100000000000000000e+01 1.400000000000000000e+01
2.200023960324806538e+01 1.200000000000000000e+01 1.500000000000000000e+01
2.300023960324807959e+01 1.200000000000000000e+01 1.400000000000000000e+01
2.400023960324809380e+01 1.300000000000000000e+01 1.400000000000000000e+01
2.500021028026911551e+01 1.300000000000000000e+01 1.300000000000000000e+01
2.600023960324812222e+01 1.400000000000000000e+01 1.400000000000000000e+01
2.700023960324813643e+01 1.400000000000000000e+01 1.500000000000000000e+01
2.800023960324815064e+01 1.200000000000000000e+01 1.500000000000000000e+01
2.900023960324816485e+01 6.000000000000000000e+00 1.500000000000000000e+01
3.000023960324817907e+01 6.000000000000000000e+00 1.300000000000000000e+01
3.100023960324819328e+01 6.000000000000000000e+00 1.200000000000000000e+01
3.200023960324820393e+01 5.000000000000000000e+00 9.000000000000000000e+00
3.300023960324821815e+01 5.000000000000000000e+00 9.000000000000000000e+00
3.400023960324823236e+01 5.000000000000000000e+00 8.000000000000000000e+00
3.500023960324824657e+01 6.000000000000000000e+00 9.000000000000000000e+00
3.600023960324826078e+01 7.000000000000000000e+00 9.000000000000000000e+00
3.700023960324827499e+01 8.000000000000000000e+00 1.000000000000000000e+01
3.800023960324828920e+01 7.000000000000000000e+00 1.100000000000000000e+01
3.900023960324830341e+01 7.000000000000000000e+00 1.100000000000000000e+01
4.000023960324831762e+01 7.000000000000000000e+00 1.300000000000000000e+01
4.100023960324833183e+01 7.000000000000000000e+00 1.300000000000000000e+01
4.200007307015862779e+01 8.000000000000000000e+00 1.400000000000000000e+01
4.300023960324836025e+01 9.000000000000000000e+00 1.500000000000000000e+01
4.400023960324837446e+01 8.000000000000000000e+00 1.700000000000000000e+01
4.500023960324838868e+01 9.000000000000000000e+00 1.700000000000000000e+01
4.600023960324840289e+01 1.000000000000000000e+01 1.900000000000000000e+01
4.700023960324841710e+01 9.000000000000000000e+00 1.900000000000000000e+01
4.800004169486852845e+01 9.000000000000000000e+00 2.000000000000000000e+01
4.900023960324844552e+01 9.000000000000000000e+00 2.000000000000000000e+01
5.000023960324845973e+01 9.000000000000000000e+00 1.900000000000000000e+01
5.100023960324847394e+01 1.000000000000000000e+01 2.000000000000000000e+01
5.200023960324848815e+01 1.000000000000000000e+01 2.000000000000000000e+01
5.300023960324850236e+01 1.000000000000000000e+01 1.800000000000000000e+01
5.400023960324851657e+01 1.100000000000000000e+01 1.600000000000000000e+01
5.500023960324853078e+01 1.000000000000000000e+01 1.600000000000000000e+01
5.600023960324854500e+01 9.000000000000000000e+00 1.600000000000000000e+01
5.700023960324855921e+01 9.000000000000000000e+00 1.500000000000000000e+01
5.800023960324857342e+01 1.100000000000000000e+01 1.400000000000000000e+01
5.900023960324858763e+01 1.100000000000000000e+01 1.200000000000000000e+01
6.000023960324860184e+01 1.000000000000000000e+01 1.200000000000000000e+01
6.100023960324861605e+01 7.000000000000000000e+00 1.200000000000000000e+01
6.200023960324863026e+01 6.000000000000000000e+00 1.200000000000000000e+01
6.300023960324864447e+01 7.000000000000000000e+00 1.300000000000000000e+01
6.400023960324865868e+01 8.000000000000000000e+00 1.500000000000000000e+01
6.500009194700277249e+01 9.000000000000000000e+00 1.200000000000000000e+01
6.600023960324854500e+01 6.000000000000000000e+00 1.200000000000000000e+01
6.700023960324848815e+01 6.000000000000000000e+00 1.100000000000000000e+01
6.800023960324843131e+01 6.000000000000000000e+00 1.200000000000000000e+01
6.900023960324837446e+01 7.000000000000000000e+00 1.100000000000000000e+01
7.000023960324831762e+01 9.000000000000000000e+00 1.300000000000000000e+01
7.100023960324826078e+01 8.000000000000000000e+00 1.100000000000000000e+01
7.200023960324820393e+01 9.000000000000000000e+00 1.200000000000000000e+01
7.300023960324814709e+01 1.000000000000000000e+01 1.100000000000000000e+01
7.400023960324809025e+01 1.000000000000000000e+01 1.100000000000000000e+01
7.500023960324803340e+01 1.100000000000000000e+01 1.200000000000000000e+01
7.600023960324797656e+01 1.500000000000000000e+01 1.500000000000000000e+01
7.700023960324791972e+01 1.600000000000000000e+01 1.500000000000000000e+01
7.800023960324786287e+01 1.800000000000000000e+01 1.600000000000000000e+01
7.900023960324780603e+01 1.900000000000000000e+01 1.500000000000000000e+01
8.000023960324774919e+01 1.800000000000000000e+01 1.500000000000000000e+01
8.100023960324769234e+01 1.800000000000000000e+01 1.200000000000000000e+01
8.200023960324763550e+01 1.200000000000000000e+01 1.200000000000000000e+01
8.300023960324757866e+01 1.000000000000000000e+01 9.000000000000000000e+00
8.400023960324752181e+01 1.000000000000000000e+01 8.000000000000000000e+00
8.500023960324746497e+01 1.000000000000000000e+01 6.000000000000000000e+00
8.600023960324740813e+01 1.100000000000000000e+01 8.000000000000000000e+00
8.700023960324735128e+01 1.100000000000000000e+01 8.000000000000000000e+00
8.800023960324729444e+01 1.100000000000000000e+01 8.000000000000000000e+00
8.900023960324723760e+01 1.100000000000000000e+01 8.000000000000000000e+00
9.000023960324718075e+01 1.000000000000000000e+01 7.000000000000000000e+00
9.100023960324712391e+01 1.000000000000000000e+01 6.000000000000000000e+00
9.200023960324706707e+01 1.100000000000000000e+01 8.000000000000000000e+00
9.300023960324701022e+01 9.000000000000000000e+00 8.000000000000000000e+00
9.400023960324695338e+01 5.000000000000000000e+00 8.000000000000000000e+00
9.500023960324689654e+01 5.000000000000000000e+00 7.000000000000000000e+00
9.600023960324683969e+01 5.000000000000000000e+00 7.000000000000000000e+00
9.700023960324678285e+01 7.000000000000000000e+00 9.000000000000000000e+00
9.800023960324672601e+01 9.000000000000000000e+00 1.100000000000000000e+01
9.900023960324666916e+01 9.000000000000000000e+00 1.000000000000000000e+01
1.000002396032466123e+02 1.000000000000000000e+01 1.000000000000000000e+01
1.010002396032465555e+02 8.000000000000000000e+00 1.000000000000000000e+01
1.020002396032464986e+02 8.000000000000000000e+00 1.100000000000000000e+01
1.030002396032464418e+02 9.000000000000000000e+00 1.100000000000000000e+01
1.040002396032463849e+02 9.000000000000000000e+00 1.000000000000000000e+01
1.050002396032463281e+02 1.300000000000000000e+01 1.400000000000000000e+01
1.060001489878779353e+02 1.300000000000000000e+01 1.300000000000000000e+01
1.070002396032462144e+02 1.200000000000000000e+01 1.300000000000000000e+01
1.080002396032461576e+02 1.100000000000000000e+01 1.100000000000000000e+01
1.090002396032461007e+02 1.100000000000000000e+01 1.200000000000000000e+01
1.100002396032460439e+02 1.000000000000000000e+01 1.400000000000000000e+01
1.110002396032459870e+02 1.000000000000000000e+01 1.400000000000000000e+01
1.120002396032459302e+02 1.200000000000000000e+01 1.500000000000000000e+01
1.130002396032458734e+02 1.200000000000000000e+01 1.400000000000000000e+01
1.140002396032458165e+02 1.000000000000000000e+01 1.500000000000000000e+01
1.150002396032457597e+02 1.000000000000000000e+01 1.500000000000000000e+01
1.160002396032457028e+02 1.000000000000000000e+01 1.500000000000000000e+01
1.170002396032456460e+02 1.000000000000000000e+01 1.500000000000000000e+01
1.180002396032455891e+02 4.000000000000000000e+00 1.500000000000000000e+01
1.190002396032455323e+02 4.000000000000000000e+00 1.500000000000000000e+01
1.200002396032454755e+02 4.000000000000000000e+00 1.400000000000000000e+01
1.210002396032454186e+02 6.000000000000000000e+00 1.400000000000000000e+01
1.220002396032453618e+02 5.000000000000000000e+00 1.500000000000000000e+01
1.230002396032453049e+02 7.000000000000000000e+00 1.600000000000000000e+01
1.240002396032452481e+02 7.000000000000000000e+00 1.600000000000000000e+01
1.250002396032451912e+02 6.000000000000000000e+00 1.700000000000000000e+01
1.260002396032451344e+02 7.000000000000000000e+00 1.600000000000000000e+01
1.270002396032450775e+02 9.000000000000000000e+00 1.900000000000000000e+01
1.280002396032450349e+02 9.000000000000000000e+00 1.900000000000000000e+01
1.290002396032449781e+02 9.000000000000000000e+00 1.900000000000000000e+01
1.300002396032449212e+02 1.000000000000000000e+01 2.000000000000000000e+01
1.310002396032448644e+02 9.000000000000000000e+00 2.000000000000000000e+01
1.320002396032448075e+02 1.000000000000000000e+01 2.000000000000000000e+01
1.330002396032447507e+02 1.000000000000000000e+01 2.000000000000000000e+01
1.340002396032446939e+02 1.000000000000000000e+01 2.100000000000000000e+01
1.350002396032446370e+02 9.000000000000000000e+00 2.100000000000000000e+01
1.360002396032445802e+02 9.000000000000000000e+00 2.100000000000000000e+01
1.370002396032445233e+02 1.100000000000000000e+01 1.600000000000000000e+01
1.380002396032444665e+02 9.000000000000000000e+00 1.400000000000000000e+01
1.390002396032444096e+02 9.000000000000000000e+00 1.300000000000000000e+01
1.400002396032443528e+02 9.000000000000000000e+00 1.100000000000000000e+01
1.410002396032442959e+02 9.000000000000000000e+00 1.100000000000000000e+01
1.420002396032442391e+02 9.000000000000000000e+00 1.100000000000000000e+01
1.430002396032441823e+02 1.000000000000000000e+01 1.300000000000000000e+01
1.440002396032441254e+02 1.100000000000000000e+01 1.000000000000000000e+01
1.450002396032440686e+02 1.200000000000000000e+01 1.300000000000000000e+01
1.460002396032440117e+02 1.100000000000000000e+01 1.200000000000000000e+01
1.470002396032439549e+02 1.000000000000000000e+01 1.200000000000000000e+01
1.480002396032438980e+02 8.000000000000000000e+00 1.000000000000000000e+01
1.490002396032438412e+02 1.100000000000000000e+01 1.000000000000000000e+01
1.500002396032437844e+02 1.100000000000000000e+01 7.000000000000000000e+00
1.510002396032437275e+02 1.200000000000000000e+01 2.000000000000000000e+00
1.520002396032436707e+02 1.100000000000000000e+01 3.000000000000000000e+00
1.530002396032436138e+02 1.200000000000000000e+01 4.000000000000000000e+00
1.540002396032435570e+02 1.200000000000000000e+01 3.000000000000000000e+00
1.550002396032435001e+02 1.300000000000000000e+01 5.000000000000000000e+00
1.560001278447800246e+02 1.300000000000000000e+01 5.000000000000000000e+00
1.570002396032433865e+02 1.300000000000000000e+01 5.000000000000000000e+00
1.580002396032433296e+02 1.200000000000000000e+01 5.000000000000000000e+00
1.590002396032432728e+02 1.300000000000000000e+01 5.000000000000000000e+00
1.600002396032432159e+02 1.500000000000000000e+01 7.000000000000000000e+00
1.610002396032431591e+02 1.700000000000000000e+01 7.000000000000000000e+00
1.620002396032431022e+02 1.800000000000000000e+01 9.000000000000000000e+00
1.630002396032430454e+02 1.800000000000000000e+01 9.000000000000000000e+00
1.640002396032429886e+02 1.800000000000000000e+01 9.000000000000000000e+00
1.650002396032429317e+02 1.500000000000000000e+01 9.000000000000000000e+00
1.660002396032428749e+02 1.300000000000000000e+01 9.000000000000000000e+00
1.670002396032428180e+02 1.300000000000000000e+01 1.000000000000000000e+01
1.680002396032427612e+02 9.000000000000000000e+00 1.000000000000000000e+01
1.690002396032427043e+02 9.000000000000000000e+00 1.100000000000000000e+01
1.700002396032426475e+02 9.000000000000000000e+00 1.200000000000000000e+01
1.710002396032425906e+02 9.000000000000000000e+00 1.200000000000000000e+01
1.720002396032425338e+02 9.000000000000000000e+00 1.100000000000000000e+01
1.730002396032424770e+02 1.000000000000000000e+01 1.300000000000000000e+01
1.740002396032424201e+02 1.100000000000000000e+01 1.600000000000000000e+01
1.750002396032423633e+02 1.300000000000000000e+01 1.600000000000000000e+01
1.760002396032423064e+02 1.300000000000000000e+01 1.500000000000000000e+01
1.770002396032422496e+02 1.300000000000000000e+01 1.500000000000000000e+01
1.780002396032421927e+02 1.300000000000000000e+01 1.600000000000000000e+01
1.790002396032421359e+02 1.400000000000000000e+01 1.800000000000000000e+01
1.800002396032420791e+02 1.400000000000000000e+01 1.800000000000000000e+01
1.810002396032420222e+02 1.500000000000000000e+01 1.800000000000000000e+01
1.820002396032419654e+02 1.500000000000000000e+01 1.800000000000000000e+01
1.830000694632814486e+02 1.500000000000000000e+01 1.900000000000000000e+01
1.840002396032418517e+02 1.500000000000000000e+01 2.000000000000000000e+01
1.850002396032417948e+02 1.500000000000000000e+01 1.500000000000000000e+01
1.860002396032417380e+02 2.000000000000000000e+01 1.600000000000000000e+01
1.870002396032416812e+02 1.700000000000000000e+01 1.700000000000000000e+01
1.880002396032416243e+02 1.700000000000000000e+01 1.700000000000000000e+01
1.890002396032415675e+02 1.600000000000000000e+01 1.700000000000000000e+01
1.900002396032415106e+02 1.600000000000000000e+01 1.700000000000000000e+01
1.910002396032414538e+02 1.800000000000000000e+01 1.600000000000000000e+01
1.920002396032413969e+02 1.800000000000000000e+01 1.400000000000000000e+01
1.930002396032413401e+02 1.700000000000000000e+01 9.000000000000000000e+00
1.940002396032412832e+02 1.900000000000000000e+01 7.000000000000000000e+00
1.950002396032412264e+02 1.900000000000000000e+01 6.000000000000000000e+00
1.960002396032411696e+02 1.900000000000000000e+01 7.000000000000000000e+00
1.970002396032411127e+02 1.800000000000000000e+01 7.000000000000000000e+00
1.980002396032410559e+02 1.600000000000000000e+01 7.000000000000000000e+00
1.990002396032409990e+02 1.500000000000000000e+01 6.000000000000000000e+00
2.000002396032409422e+02 1.400000000000000000e+01 6.000000000000000000e+00
2.010002396032408853e+02 1.500000000000000000e+01 7.000000000000000000e+00
2.020002396032408285e+02 1.500000000000000000e+01 5.000000000000000000e+00
2.030002396032407717e+02 1.600000000000000000e+01 6.000000000000000000e+00
2.040002396032407148e+02 1.400000000000000000e+01 7.000000000000000000e+00
2.050002396032406580e+02 1.400000000000000000e+01 7.000000000000000000e+00
2.060002396032406011e+02 1.400000000000000000e+01 1.000000000000000000e+01
2.070002396032405443e+02 1.400000000000000000e+01 9.000000000000000000e+00
2.080000757764292700e+02 1.500000000000000000e+01 1.100000000000000000e+01
2.090002396032404306e+02 1.800000000000000000e+01 1.100000000000000000e+01
2.100002396032403738e+02 1.600000000000000000e+01 1.300000000000000000e+01
2.110002396032403169e+02 1.800000000000000000e+01 1.400000000000000000e+01
2.120002396032402601e+02 1.500000000000000000e+01 1.600000000000000000e+01
2.130002396032402032e+02 1.500000000000000000e+01 1.600000000000000000e+01
2.140002396032401464e+02 1.500000000000000000e+01 1.500000000000000000e+01
2.150002396032400895e+02 1.600000000000000000e+01 1.500000000000000000e+01
2.160002396032400327e+02 1.700000000000000000e+01 1.600000000000000000e+01
2.170002396032399758e+02 1.700000000000000000e+01 1.500000000000000000e+01
2.180002396032399190e+02 1.800000000000000000e+01 1.300000000000000000e+01
2.190002396032398622e+02 2.100000000000000000e+01 1.100000000000000000e+01
2.200002396032398053e+02 2.300000000000000000e+01 1.000000000000000000e+01
2.210002396032397485e+02 2.400000000000000000e+01 1.100000000000000000e+01
2.220002396032396916e+02 2.500000000000000000e+01 1.300000000000000000e+01
2.230002396032396348e+02 2.800000000000000000e+01 1.400000000000000000e+01
2.240002396032395779e+02 2.100000000000000000e+01 1.200000000000000000e+01
2.250000099496320445e+02 1.500000000000000000e+01 1.000000000000000000e+01
2.260002396032394643e+02 1.500000000000000000e+01 1.000000000000000000e+01
2.270002396032394074e+02 1.400000000000000000e+01 9.000000000000000000e+00
2.280002396032393506e+02 1.200000000000000000e+01 1.100000000000000000e+01
2.290002396032392937e+02 1.100000000000000000e+01 1.100000000000000000e+01
2.300002396032392369e+02 1.100000000000000000e+01 1.200000000000000000e+01
2.310002396032391800e+02 9.000000000000000000e+00 1.200000000000000000e+01
2.320002396032391232e+02 1.000000000000000000e+01 1.400000000000000000e+01
2.330002396032390664e+02 1.000000000000000000e+01 1.500000000000000000e+01
2.340002396032390095e+02 9.000000000000000000e+00 1.100000000000000000e+01
2.350002396032389527e+02 9.000000000000000000e+00 1.100000000000000000e+01
2.360002396032388958e+02 1.000000000000000000e+01 1.300000000000000000e+01
2.370001173964598422e+02 1.000000000000000000e+01 1.300000000000000000e+01
2.380002396032387821e+02 8.000000000000000000e+00 1.300000000000000000e+01
2.390002396032387253e+02 8.000000000000000000e+00 1.100000000000000000e+01
2.400002396032386685e+02 1.000000000000000000e+01 1.100000000000000000e+01
2.410002396032386116e+02 1.200000000000000000e+01 1.000000000000000000e+01
2.420002396032385548e+02 1.200000000000000000e+01 1.100000000000000000e+01
2.430002396032384979e+02 1.400000000000000000e+01 1.100000000000000000e+01
2.440002396032384411e+02 1.000000000000000000e+01 1.200000000000000000e+01
2.450002396032383842e+02 7.000000000000000000e+00 1.200000000000000000e+01
2.460002396032383274e+02 7.000000000000000000e+00 1.300000000000000000e+01
2.470002396032382705e+02 7.000000000000000000e+00 1.300000000000000000e+01
2.480002396032382137e+02 8.000000000000000000e+00 1.100000000000000000e+01
2.490002396032381569e+02 8.000000000000000000e+00 1.000000000000000000e+01
2.500002396032381000e+02 8.000000000000000000e+00 1.100000000000000000e+01
2.510002396032380432e+02 9.000000000000000000e+00 1.100000000000000000e+01
2.520002396032379863e+02 9.000000000000000000e+00 1.200000000000000000e+01
2.530002396032379295e+02 1.000000000000000000e+01 1.000000000000000000e+01
2.540002396032378726e+02 1.000000000000000000e+01 9.000000000000000000e+00
2.550002396032378158e+02 1.300000000000000000e+01 9.000000000000000000e+00
2.560002396032377874e+02 1.300000000000000000e+01 9.000000000000000000e+00
2.570002396032380148e+02 1.300000000000000000e+01 9.000000000000000000e+00
2.580000080783175349e+02 1.200000000000000000e+01 1.000000000000000000e+01
2.590002396032384695e+02 1.400000000000000000e+01 9.000000000000000000e+00
2.600002396032386969e+02 1.600000000000000000e+01 8.000000000000000000e+00
2.610002396032389242e+02 1.700000000000000000e+01 8.000000000000000000e+00
2.620002396032391516e+02 1.700000000000000000e+01 8.000000000000000000e+00
2.630002396032393790e+02 1.700000000000000000e+01 9.000000000000000000e+00
2.640002396032396064e+02 1.800000000000000000e+01 1.000000000000000000e+01
2.650002396032398337e+02 1.800000000000000000e+01 1.000000000000000000e+01
2.660002396032400611e+02 2.000000000000000000e+01 1.000000000000000000e+01
2.670002396032402885e+02 2.000000000000000000e+01 1.000000000000000000e+01
2.680002396032405159e+02 2.100000000000000000e+01 9.000000000000000000e+00
2.690002396032407432e+02 2.200000000000000000e+01 9.000000000000000000e+00
2.700002396032409706e+02 2.200000000000000000e+01 9.000000000000000000e+00
2.710002396032411980e+02 2.300000000000000000e+01 9.000000000000000000e+00
2.720002396032414254e+02 2.300000000000000000e+01 1.000000000000000000e+01
2.730002396032416527e+02 2.500000000000000000e+01 9.000000000000000000e+00
2.740002396032418801e+02 2.500000000000000000e+01 7.000000000000000000e+00
2.750002396032421075e+02 2.500000000000000000e+01 5.000000000000000000e+00
2.760002396032423349e+02 2.500000000000000000e+01 5.000000000000000000e+00
2.770002396032425622e+02 2.500000000000000000e+01 6.000000000000000000e+00
2.780002396032427896e+02 2.500000000000000000e+01 6.000000000000000000e+00
2.790002396032430170e+02 2.300000000000000000e+01 8.000000000000000000e+00
2.800002396032432443e+02 2.400000000000000000e+01 8.000000000000000000e+00
2.810002396032434717e+02 2.500000000000000000e+01 7.000000000000000000e+00
2.820002396032436991e+02 2.300000000000000000e+01 7.000000000000000000e+00
2.830002396032439265e+02 1.900000000000000000e+01 7.000000000000000000e+00
2.840002396032441538e+02 2.000000000000000000e+01 8.000000000000000000e+00
2.850002396032443812e+02 1.900000000000000000e+01 9.000000000000000000e+00
2.860002396032446086e+02 1.800000000000000000e+01 8.000000000000000000e+00
2.870002396032448360e+02 1.800000000000000000e+01 9.000000000000000000e+00
2.880002396032450633e+02 1.800000000000000000e+01 1.000000000000000000e+01
2.890002396032452907e+02 1.800000000000000000e+01 9.000000000000000000e+00
2.900002396032455181e+02 1.900000000000000000e+01 1.000000000000000000e+01
2.910002396032457455e+02 1.900000000000000000e+01 1.000000000000000000e+01
2.920002396032459728e+02 2.000000000000000000e+01 9.000000000000000000e+00
2.930002396032462002e+02 1.900000000000000000e+01 8.000000000000000000e+00
2.940002396032464276e+02 2.000000000000000000e+01 8.000000000000000000e+00
2.950002396032466550e+02 2.100000000000000000e+01 7.000000000000000000e+00
2.960002396032468823e+02 2.200000000000000000e+01 7.000000000000000000e+00
2.970002396032471097e+02 2.300000000000000000e+01 7.000000000000000000e+00
2.980002396032473371e+02 2.300000000000000000e+01 8.000000000000000000e+00
2.990002396032475644e+02 2.600000000000000000e+01 8.000000000000000000e+00
3.000002373381251459e+02 2.600000000000000000e+01 8.000000000000000000e+00
