0.000000000000000000e+00 0.000000000000000000e+00 0.000000000000000000e+00
1.000124593098349779e+00 2.000000000000000000e+00 2.000000000000000000e+00
2.000124593098350445e+00 3.000000000000000000e+00 3.000000000000000000e+00
3.000124593098351333e+00 3.000000000000000000e+00 3.000000000000000000e+00
4.000124593098352221e+00 3.000000000000000000e+00 3.000000000000000000e+00
5.000124593098348669e+00 3.000000000000000000e+00 3.000000000000000000e+00
6.000124593098345116e+00 5.000000000000000000e+00 5.000000000000000000e+00
7.000124593098341563e+00 6.000000000000000000e+00 6.000000000000000000e+00
8.000124593098338011e+00 7.000000000000000000e+00 7.000000000000000000e+00
9.000124593098334458e+00 6.000000000000000000e+00 6.000000000000000000e+00
1.000012459309833091e+01 6.000000000000000000e+00 6.000000000000000000e+00
1.100012459309832735e+01 7.000000000000000000e+00 7.000000000000000000e+00
1.200012459309832380e+01 7.000000000000000000e+00 7.000000000000000000e+00
1.300012459309832025e+01 7.000000000000000000e+00 7.000000000000000000e+00
1.400012459309831669e+01 6.000000000000000000e+00 6.000000000000000000e+00
1.500012459309831314e+01 6.000000000000000000e+00 6.000000000000000000e+00
1.600012459309830959e+01 6.000000000000000000e+00 6.000000000000000000e+00
1.700012459309832380e+01 6.000000000000000000e+00 6.000000000000000000e+00
1.800012459309833801e+01 8.000000000000000000e+00 8.000000000000000000e+00
1.900012459309835222e+01 1.200000000000000000e+01 1.200000000000000000e+01
2.000012459309836643e+01 1.400000000000000000e+01 1.400000000000000000e+01
2.100012459309838064e+01 1.700000000000000000e+01 1.700000000000000000e+01
2.200012459309839485e+01 1.700000000000000000e+01 1.700000000000000000e+01
2.300012459309840906e+01 1.600000000000000000e+01 1.600000000000000000e+01
2.400012459309842328e+01 1.500000000000000000e+01 1.600000000000000000e+01
2.500012459309843749e+01 1.500000000000000000e+01 1.700000000000000000e+01
2.600012459309845170e+01 1.500000000000000000e+01 1.800000000000000000e+01
2.700012459309846591e+01 1.600000000000000000e+01 1.900000000000000000e+01
2.800012459309848012e+01 1.600000000000000000e+01 1.900000000000000000e+01
2.900012459309849433e+01 1.500000000000000000e+01 2.000000000000000000e+01
3.000012459309850854e+01 1.200000000000000000e+01 2.000000000000000000e+01
3.100012459309852275e+01 1.200000000000000000e+01 2.100000000000000000e+01
3.200012459309853341e+01 1.300000000000000000e+01 2.200000000000000000e+01
3.300012459309854762e+01 1.400000000000000000e+01 2.300000000000000000e+01
3.400012459309856183e+01 1.500000000000000000e+01 2.400000000000000000e+01
3.500012459309857604e+01 1.500000000000000000e+01 2.400000000000000000e+01
3.600012459309859025e+01 1.800000000000000000e+01 2.700000000000000000e+01
3.700012459309860446e+01 1.700000000000000000e+01 2.700000000000000000e+01
3.800012459309861867e+01 1.700000000000000000e+01 2.600000000000000000e+01
3.900012459309863289e+01 1.600000000000000000e+01 2.200000000000000000e+01
4.000012459309864710e+01 1.600000000000000000e+01 2.300000000000000000e+01
4.100012459309866131e+01 1.400000000000000000e+01 2.000000000000000000e+01
4.200012459309867552e+01 1.400000000000000000e+01 1.800000000000000000e+01
4.300012459309868973e+01 1.300000000000000000e+01 1.800000000000000000e+01
4.400012459309870394e+01 1.400000000000000000e+01 1.900000000000000000e+01
4.500012459309871815e+01 1.300000000000000000e+01 1.800000000000000000e+01
4.600012459309873236e+01 1.400000000000000000e+01 1.900000000000000000e+01
4.700012459309874657e+01 1.300000000000000000e+01 1.900000000000000000e+01
4.800012459309876078e+01 1.300000000000000000e+01 1.900000000000000000e+01
4.900012459309877499e+01 1.300000000000000000e+01 2.000000000000000000e+01
5.000012459309878921e+01 1.200000000000000000e+01 1.900000000000000000e+01
5.100012459309880342e+01 1.400000000000000000e+01 2.000000000000000000e+01
5.200012459309881763e+01 1.600000000000000000e+01 2.000000000000000000e+01
5.300012459309883184e+01 1.500000000000000000e+01 2.000000000000000000e+01
5.400012459309884605e+01 1.600000000000000000e+01 1.900000000000000000e+01
5.500012459309886026e+01 1.600000000000000000e+01 2.000000000000000000e+01
5.600012459309887447e+01 1.400000000000000000e+01 1.800000000000000000e+01
5.700012459309888868e+01 1.400000000000000000e+01 1.800000000000000000e+01
5.800012459309890289e+01 1.300000000000000000e+01 1.700000000000000000e+01
5.900012459309891710e+01 1.100000000000000000e+01 1.700000000000000000e+01
6.000012459309893131e+01 1.000000000000000000e+01 1.600000000000000000e+01
6.100012459309894552e+01 7.000000000000000000e+00 1.700000000000000000e+01
6.200012459309895974e+01 7.000000000000000000e+00 1.800000000000000000e+01
6.300012459309897395e+01 6.000000000000000000e+00 1.700000000000000000e+01
6.400012459309898816e+01 7.000000000000000000e+00 1.800000000000000000e+01
6.500012459309893131e+01 7.000000000000000000e+00 1.700000000000000000e+01
6.600012459309887447e+01 8.000000000000000000e+00 1.800000000000000000e+01
6.700012459309881763e+01 8.000000000000000000e+00 1.700000000000000000e+01
6.800012459309876078e+01 9.000000000000000000e+00 1.200000000000000000e+01
6.900012459309870394e+01 1.000000000000000000e+01 1.000000000000000000e+01
7.000012459309864710e+01 1.200000000000000000e+01 9.000000000000000000e+00
7.100012459309859025e+01 1.200000000000000000e+01 1.000000000000000000e+01
7.200012459309853341e+01 1.000000000000000000e+01 9.000000000000000000e+00
7.300012459309847657e+01 1.100000000000000000e+01 1.000000000000000000e+01
7.400012459309841972e+01 1.000000000000000000e+01 1.000000000000000000e+01
7.500012459309836288e+01 1.000000000000000000e+01 9.000000000000000000e+00
7.600012459309830604e+01 1.000000000000000000e+01 9.000000000000000000e+00
7.700012459309824919e+01 1.100000000000000000e+01 9.000000000000000000e+00
7.800012459309819235e+01 1.100000000000000000e+01 9.000000000000000000e+00
7.900012459309813551e+01 1.100000000000000000e+01 9.000000000000000000e+00
8.000012459309807866e+01 1.000000000000000000e+01 9.000000000000000000e+00
8.100012459309802182e+01 1.000000000000000000e+01 8.000000000000000000e+00
8.200012459309796498e+01 1.000000000000000000e+01 3.000000000000000000e+00
8.300012459309790813e+01 1.000000000000000000e+01 3.000000000000000000e+00
8.400012459309785129e+01 1.000000000000000000e+01 2.000000000000000000e+00
8.500012459309779445e+01 1.000000000000000000e+01 2.000000000000000000e+00
8.600012459309773760e+01 1.000000000000000000e+01 2.000000000000000000e+00
8.700012459309768076e+01 1.000000000000000000e+01 2.000000000000000000e+00
8.800012459309762392e+01 1.000000000000000000e+01 2.000000000000000000e+00
8.900012459309756707e+01 1.000000000000000000e+01 3.000000000000000000e+00
9.000012459309751023e+01 9.000000000000000000e+00 5.000000000000000000e+00
9.100012459309745338e+01 1.100000000000000000e+01 8.000000000000000000e+00
9.200012459309739654e+01 1.200000000000000000e+01 9.000000000000000000e+00
9.300012459309733970e+01 1.200000000000000000e+01 7.000000000000000000e+00
9.400012459309728285e+01 1.200000000000000000e+01 7.000000000000000000e+00
9.500012459309722601e+01 1.200000000000000000e+01 7.000000000000000000e+00
9.600012459309716917e+01 1.200000000000000000e+01 6.000000000000000000e+00
9.700012459309711232e+01 1.200000000000000000e+01 7.000000000000000000e+00
9.800012459309705548e+01 1.200000000000000000e+01 7.000000000000000000e+00
9.900012459309699864e+01 1.200000000000000000e+01 7.000000000000000000e+00
1.000001245930969418e+02 1.300000000000000000e+01 7.000000000000000000e+00
1.010001245930968850e+02 1.400000000000000000e+01 7.000000000000000000e+00
1.020001245930968281e+02 1.600000000000000000e+01 5.000000000000000000e+00
1.030001245930967713e+02 1.600000000000000000e+01 4.000000000000000000e+00
1.040001245930967144e+02 1.600000000000000000e+01 4.000000000000000000e+00
1.050001245930966576e+02 1.700000000000000000e+01 5.000000000000000000e+00
1.060001245930966007e+02 1.700000000000000000e+01 4.000000000000000000e+00
1.070001245930965439e+02 1.600000000000000000e+01 4.000000000000000000e+00
1.080001245930964870e+02 1.600000000000000000e+01 4.000000000000000000e+00
1.090001245930964302e+02 1.800000000000000000e+01 4.000000000000000000e+00
1.100001245930963734e+02 1.800000000000000000e+01 4.000000000000000000e+00
1.110001245930963165e+02 2.000000000000000000e+01 4.000000000000000000e+00
1.120001245930962597e+02 2.200000000000000000e+01 8.000000000000000000e+00
1.130001245930962028e+02 2.200000000000000000e+01 9.000000000000000000e+00
1.140001245930961460e+02 2.200000000000000000e+01 1.100000000000000000e+01
1.150001245930960891e+02 2.100000000000000000e+01 1.100000000000000000e+01
1.160001245930960323e+02 2.100000000000000000e+01 1.000000000000000000e+01
1.170001245930959755e+02 2.100000000000000000e+01 1.000000000000000000e+01
1.180001245930959186e+02 2.100000000000000000e+01 1.000000000000000000e+01
1.190001245930958618e+02 2.100000000000000000e+01 1.000000000000000000e+01
1.200001245930958049e+02 2.300000000000000000e+01 1.000000000000000000e+01
1.210001245930957481e+02 2.500000000000000000e+01 1.200000000000000000e+01
1.220001245930956912e+02 2.400000000000000000e+01 1.200000000000000000e+01
1.230001245930956344e+02 2.500000000000000000e+01 1.500000000000000000e+01
1.240001245930955776e+02 2.500000000000000000e+01 1.600000000000000000e+01
1.250001245930955207e+02 2.500000000000000000e+01 1.700000000000000000e+01
1.260001245930954639e+02 2.500000000000000000e+01 1.600000000000000000e+01
1.270001245930954070e+02 2.900000000000000000e+01 1.700000000000000000e+01
1.280001245930953644e+02 3.000000000000000000e+01 2.000000000000000000e+01
1.290001245930953075e+02 3.000000000000000000e+01 2.000000000000000000e+01
1.300001245930952507e+02 3.100000000000000000e+01 2.100000000000000000e+01
1.310001245930951939e+02 3.200000000000000000e+01 2.100000000000000000e+01
1.320001245930951370e+02 3.400000000000000000e+01 2.100000000000000000e+01
1.330001245930950802e+02 3.400000000000000000e+01 1.900000000000000000e+01
1.340001245930950233e+02 3.400000000000000000e+01 1.800000000000000000e+01
1.350001245930949665e+02 3.400000000000000000e+01 1.900000000000000000e+01
1.360001245930949096e+02 3.400000000000000000e+01 1.900000000000000000e+01
1.370000598449970823e+02 3.400000000000000000e+01 1.900000000000000000e+01
1.380001245930947960e+02 3.400000000000000000e+01 1.900000000000000000e+01
1.390001245930947391e+02 3.600000000000000000e+01 2.000000000000000000e+01
1.400001245930946823e+02 3.700000000000000000e+01 1.700000000000000000e+01
1.410001245930946254e+02 3.700000000000000000e+01 1.600000000000000000e+01
1.420001245930945686e+02 3.900000000000000000e+01 1.400000000000000000e+01
1.430001245930945117e+02 4.100000000000000000e+01 1.400000000000000000e+01
1.440001245930944549e+02 4.100000000000000000e+01 1.100000000000000000e+01
1.450001245930943981e+02 4.100000000000000000e+01 1.100000000000000000e+01
1.460001245930943412e+02 4.100000000000000000e+01 1.200000000000000000e+01
1.470001245930942844e+02 4.200000000000000000e+01 1.200000000000000000e+01
1.480001245930942275e+02 4.200000000000000000e+01 1.300000000000000000e+01
1.490001245930941707e+02 4.200000000000000000e+01 1.100000000000000000e+01
1.500001245930941138e+02 4.400000000000000000e+01 1.100000000000000000e+01
1.510001245930940570e+02 4.400000000000000000e+01 1.100000000000000000e+01
1.520001245930940001e+02 4.500000000000000000e+01 1.400000000000000000e+01
1.530001245930939433e+02 4.600000000000000000e+01 1.400000000000000000e+01
1.540001245930938865e+02 4.700000000000000000e+01 1.500000000000000000e+01
1.550001245930938296e+02 4.800000000000000000e+01 1.500000000000000000e+01
1.560001245930937728e+02 4.800000000000000000e+01 1.500000000000000000e+01
1.570001245930937159e+02 4.900000000000000000e+01 1.600000000000000000e+01
1.580001245930936591e+02 5.100000000000000000e+01 1.600000000000000000e+01
1.590001245930936022e+02 5.200000000000000000e+01 1.800000000000000000e+01
1.600001245930935454e+02 5.200000000000000000e+01 1.700000000000000000e+01
1.610001245930934886e+02 5.300000000000000000e+01 1.500000000000000000e+01
1.620001245930934317e+02 5.200000000000000000e+01 1.500000000000000000e+01
1.630001245930933749e+02 4.600000000000000000e+01 1.600000000000000000e+01
1.640001245930933180e+02 4.200000000000000000e+01 1.500000000000000000e+01
1.650001245930932612e+02 4.100000000000000000e+01 1.400000000000000000e+01
1.660001245930932043e+02 4.200000000000000000e+01 1.600000000000000000e+01
1.670001245930931475e+02 4.200000000000000000e+01 1.600000000000000000e+01
1.680001245930930907e+02 4.100000000000000000e+01 1.500000000000000000e+01
1.690001245930930338e+02 4.000000000000000000e+01 1.500000000000000000e+01
1.700001245930929770e+02 4.000000000000000000e+01 1.300000000000000000e+01
1.710001245930929201e+02 4.000000000000000000e+01 1.200000000000000000e+01
1.720001245930928633e+02 4.100000000000000000e+01 7.000000000000000000e+00
1.730001245930928064e+02 4.000000000000000000e+01 8.000000000000000000e+00
1.740001245930927496e+02 4.100000000000000000e+01 5.000000000000000000e+00
1.750001245930926927e+02 4.100000000000000000e+01 5.000000000000000000e+00
1.760001245930926359e+02 4.200000000000000000e+01 6.000000000000000000e+00
1.770001245930925791e+02 4.500000000000000000e+01 7.000000000000000000e+00
1.780001245930925222e+02 4.600000000000000000e+01 5.000000000000000000e+00
1.790001245930924654e+02 4.600000000000000000e+01 5.000000000000000000e+00
1.800001245930924085e+02 4.400000000000000000e+01 4.000000000000000000e+00
1.810001245930923517e+02 4.400000000000000000e+01 4.000000000000000000e+00
1.820001245930922948e+02 3.800000000000000000e+01 5.000000000000000000e+00
1.830001245930922380e+02 3.600000000000000000e+01 5.000000000000000000e+00
1.840001245930921812e+02 3.200000000000000000e+01 4.000000000000000000e+00
1.850001245930921243e+02 3.200000000000000000e+01 4.000000000000000000e+00
1.860001245930920675e+02 3.100000000000000000e+01 4.000000000000000000e+00
1.870001245930920106e+02 3.200000000000000000e+01 4.000000000000000000e+00
1.880001245930919538e+02 3.100000000000000000e+01 3.000000000000000000e+00
1.890001245930918969e+02 2.600000000000000000e+01 3.000000000000000000e+00
1.900001245930918401e+02 2.400000000000000000e+01 5.000000000000000000e+00
1.910001245930917833e+02 2.500000000000000000e+01 7.000000000000000000e+00
1.920001245930917264e+02 2.500000000000000000e+01 7.000000000000000000e+00
1.930001245930916696e+02 2.500000000000000000e+01 7.000000000000000000e+00
1.940001245930916127e+02 2.500000000000000000e+01 6.000000000000000000e+00
1.950001245930915559e+02 2.500000000000000000e+01 7.000000000000000000e+00
1.960001245930914990e+02 2.300000000000000000e+01 7.000000000000000000e+00
1.970001245930914422e+02 2.300000000000000000e+01 9.000000000000000000e+00
1.980001245930913853e+02 2.300000000000000000e+01 1.100000000000000000e+01
1.990001245930913285e+02 2.500000000000000000e+01 1.100000000000000000e+01
2.000001245930912717e+02 2.400000000000000000e+01 1.000000000000000000e+01
2.010001245930912148e+02 2.500000000000000000e+01 1.300000000000000000e+01
2.020001245930911580e+02 2.500000000000000000e+01 1.200000000000000000e+01
2.030001245930911011e+02 2.400000000000000000e+01 1.100000000000000000e+01
2.040001245930910443e+02 2.300000000000000000e+01 1.100000000000000000e+01
2.050001245930909874e+02 2.100000000000000000e+01 1.100000000000000000e+01
2.060001245930909306e+02 2.100000000000000000e+01 1.200000000000000000e+01
2.070001245930908738e+02 2.200000000000000000e+01 1.500000000000000000e+01
2.080001245930908169e+02 2.100000000000000000e+01 1.700000000000000000e+01
2.090001245930907601e+02 1.900000000000000000e+01 1.600000000000000000e+01
2.100001245930907032e+02 2.000000000000000000e+01 1.600000000000000000e+01
2.110001245930906464e+02 2.100000000000000000e+01 1.700000000000000000e+01
2.120001245930905895e+02 2.200000000000000000e+01 1.700000000000000000e+01
2.130001245930905327e+02 2.200000000000000000e+01 1.600000000000000000e+01
2.140001245930904759e+02 2.500000000000000000e+01 1.600000000000000000e+01
2.150001245930904190e+02 2.600000000000000000e+01 1.700000000000000000e+01
2.160001245930903622e+02 2.600000000000000000e+01 1.600000000000000000e+01
2.170001245930903053e+02 2.700000000000000000e+01 1.800000000000000000e+01
2.180001245930902485e+02 2.400000000000000000e+01 1.900000000000000000e+01
2.190000880058601638e+02 2.500000000000000000e+01 1.900000000000000000e+01
2.200001245930901348e+02 2.500000000000000000e+01 2.000000000000000000e+01
2.210001245930900780e+02 2.100000000000000000e+01 1.800000000000000000e+01
2.220001245930900211e+02 1.400000000000000000e+01 1.800000000000000000e+01
2.230001245930899643e+02 1.300000000000000000e+01 1.800000000000000000e+01
2.240001245930899074e+02 1.200000000000000000e+01 1.600000000000000000e+01
2.250001245930898506e+02 1.000000000000000000e+01 1.400000000000000000e+01
2.260001245930897937e+02 1.000000000000000000e+01 1.300000000000000000e+01
2.270001245930897369e+02 1.300000000000000000e+01 1.500000000000000000e+01
2.280001245930896800e+02 1.200000000000000000e+01 1.600000000000000000e+01
2.290001245930896232e+02 1.100000000000000000e+01 1.500000000000000000e+01
2.300001245930895664e+02 1.300000000000000000e+01 1.500000000000000000e+01
2.310001245930895095e+02 1.300000000000000000e+01 1.600000000000000000e+01
2.320001245930894527e+02 1.500000000000000000e+01 1.400000000000000000e+01
2.330001245930893958e+02 1.400000000000000000e+01 1.300000000000000000e+01
2.340001245930893390e+02 1.700000000000000000e+01 1.500000000000000000e+01
2.350001245930892821e+02 1.900000000000000000e+01 1.400000000000000000e+01
2.360001245930892253e+02 1.900000000000000000e+01 1.500000000000000000e+01
2.370001245930891685e+02 2.000000000000000000e+01 1.500000000000000000e+01
2.380001245930891116e+02 2.000000000000000000e+01 1.600000000000000000e+01
2.390001245930890548e+02 1.900000000000000000e+01 1.700000000000000000e+01
2.400001245930889979e+02 1.900000000000000000e+01 1.700000000000000000e+01
2.410001245930889411e+02 1.700000000000000000e+01 1.600000000000000000e+01
2.420001245930888842e+02 1.700000000000000000e+01 1.700000000000000000e+01
2.430001245930888274e+02 1.800000000000000000e+01 1.700000000000000000e+01
2.440001245930887706e+02 1.800000000000000000e+01 1.600000000000000000e+01
2.450001245930887137e+02 2.000000000000000000e+01 1.700000000000000000e+01
2.460001245930886569e+02 2.100000000000000000e+01 1.600000000000000000e+01
2.470001245930886000e+02 2.100000000000000000e+01 1.400000000000000000e+01
2.480001245930885432e+02 2.300000000000000000e+01 1.000000000000000000e+01
2.490001245930884863e+02 2.500000000000000000e+01 9.000000000000000000e+00
2.500001245930884295e+02 2.500000000000000000e+01 7.000000000000000000e+00
2.510001245930883726e+02 2.500000000000000000e+01 7.000000000000000000e+00
2.520001245930883158e+02 2.600000000000000000e+01 8.000000000000000000e+00
2.530001245930882590e+02 2.700000000000000000e+01 8.000000000000000000e+00
2.540001245930882021e+02 2.700000000000000000e+01 1.000000000000000000e+01
2.550001245930881453e+02 2.800000000000000000e+01 1.000000000000000000e+01
2.560001245930881169e+02 2.900000000000000000e+01 1.000000000000000000e+01
2.570001245930883442e+02 3.000000000000000000e+01 9.000000000000000000e+00
2.580001245930885716e+02 2.900000000000000000e+01 1.000000000000000000e+01
2.590001245930887990e+02 2.900000000000000000e+01 1.100000000000000000e+01
2.600001245930890263e+02 3.000000000000000000e+01 1.100000000000000000e+01
2.610001245930892537e+02 2.900000000000000000e+01 1.000000000000000000e+01
2.620001245930894811e+02 2.900000000000000000e+01 1.200000000000000000e+01
2.630001245930897085e+02 2.800000000000000000e+01 1.200000000000000000e+01
2.640001245930899358e+02 2.800000000000000000e+01 1.100000000000000000e+01
2.650001132112194000e+02 2.800000000000000000e+01 1.200000000000000000e+01
2.660001245930903906e+02 2.900000000000000000e+01 1.300000000000000000e+01
2.670001245930906180e+02 3.200000000000000000e+01 1.300000000000000000e+01
2.680001245930908453e+02 3.400000000000000000e+01 1.400000000000000000e+01
2.690001245930910727e+02 3.500000000000000000e+01 1.500000000000000000e+01
2.700001245930913001e+02 3.600000000000000000e+01 1.800000000000000000e+01
2.710001245930915275e+02 3.700000000000000000e+01 1.500000000000000000e+01
2.720001245930917548e+02 3.500000000000000000e+01 1.400000000000000000e+01
2.730001245930919822e+02 3.100000000000000000e+01 1.400000000000000000e+01
2.740001245930922096e+02 2.300000000000000000e+01 1.300000000000000000e+01
2.750001245930924370e+02 2.200000000000000000e+01 1.100000000000000000e+01
2.760001245930926643e+02 2.200000000000000000e+01 1.000000000000000000e+01
2.770001245930928917e+02 2.000000000000000000e+01 9.000000000000000000e+00
2.780001245930931191e+02 2.000000000000000000e+01 1.100000000000000000e+01
2.790001245930933464e+02 1.800000000000000000e+01 9.000000000000000000e+00
2.800001245930935738e+02 1.500000000000000000e+01 9.000000000000000000e+00
2.810001245930938012e+02 1.500000000000000000e+01 1.100000000000000000e+01
2.820001245930940286e+02 1.800000000000000000e+01 1.400000000000000000e+01
2.830001245930942559e+02 1.800000000000000000e+01 1.400000000000000000e+01
2.840001245930944833e+02 1.900000000000000000e+01 1.600000000000000000e+01
2.850001245930947107e+02 2.000000000000000000e+01 1.600000000000000000e+01
2.860001245930949381e+02 1.900000000000000000e+01 1.500000000000000000e+01
2.870001245930951654e+02 2.000000000000000000e+01 1.500000000000000000e+01
2.880001245930953928e+02 2.000000000000000000e+01 1.600000000000000000e+01
2.890001245930956202e+02 2.000000000000000000e+01 1.700000000000000000e+01
2.900001245930958476e+02 2.000000000000000000e+01 1.700000000000000000e+01
2.910001245930960749e+02 2.000000000000000000e+01 1.600000000000000000e+01
2.920001245930963023e+02 2.000000000000000000e+01 1.600000000000000000e+01
2.930001245930965297e+02 2.100000000000000000e+01 1.600000000000000000e+01
2.940001245930967571e+02 2.300000000000000000e+01 1.600000000000000000e+01
2.950001245930969844e+02 2.300000000000000000e+01 1.700000000000000000e+01
2.960001245930972118e+02 2.200000000000000000e+01 1.600000000000000000e+01
2.970001245930974392e+02 2.300000000000000000e+01 1.400000000000000000e+01
2.980001245930976665e+02 2.400000000000000000e+01 1.400000000000000000e+01
2.990001245930978939e+02 2.400000000000000000e+01 1.400000000000000000e+01
3.000001245930981213e+02 2.500000000000000000e+01 1.300000000000000000e+01
