0.000000000000000000e+00 0.000000000000000000e+00 0.000000000000000000e+00
1.000100707793614818e+00 0.000000000000000000e+00 0.000000000000000000e+00
2.000100707793615484e+00 0.000000000000000000e+00 0.000000000000000000e+00
3.000100707793616372e+00 0.000000000000000000e+00 0.000000000000000000e+00
4.000100707793617261e+00 0.000000000000000000e+00 0.000000000000000000e+00
5.000100707793613708e+00 0.000000000000000000e+00 0.000000000000000000e+00
6.000100707793610155e+00 0.000000000000000000e+00 0.000000000000000000e+00
7.000100707793606603e+00 0.000000000000000000e+00 0.000000000000000000e+00
8.000100707793603050e+00 0.000000000000000000e+00 0.000000000000000000e+00
9.000100707793599497e+00 1.000000000000000000e+00 1.000000000000000000e+00
1.000010070779359594e+01 2.000000000000000000e+00 2.000000000000000000e+00
1.100010070779359239e+01 2.000000000000000000e+00 2.000000000000000000e+00
1.200010070779358884e+01 3.000000000000000000e+00 3.000000000000000000e+00
1.300010070779358529e+01 4.000000000000000000e+00 4.000000000000000000e+00
1.400010070779358173e+01 4.000000000000000000e+00 4.000000000000000000e+00
1.500010070779357818e+01 4.000000000000000000e+00 4.000000000000000000e+00
1.600010070779357463e+01 4.000000000000000000e+00 4.000000000000000000e+00
1.700010070779358884e+01 6.000000000000000000e+00 6.000000000000000000e+00
1.800004679619571135e+01 5.000000000000000000e+00 5.000000000000000000e+00
1.900010070779361726e+01 6.000000000000000000e+00 6.000000000000000000e+00
2.000010070779363147e+01 6.000000000000000000e+00 6.000000000000000000e+00
2.100010070779364568e+01 6.000000000000000000e+00 6.000000000000000000e+00
2.200010070779365989e+01 6.000000000000000000e+00 6.000000000000000000e+00
2.300010070779367410e+01 6.000000000000000000e+00 6.000000000000000000e+00
2.400010070779368831e+01 6.000000000000000000e+00 6.000000000000000000e+00
2.500010070779370253e+01 7.000000000000000000e+00 7.000000000000000000e+00
2.600010070779371674e+01 8.000000000000000000e+00 8.000000000000000000e+00
2.700010070779373095e+01 1.000000000000000000e+01 1.000000000000000000e+01
2.800010070779374516e+01 1.200000000000000000e+01 1.200000000000000000e+01
2.900010070779375937e+01 1.200000000000000000e+01 1.300000000000000000e+01
3.000010070779377358e+01 1.400000000000000000e+01 1.400000000000000000e+01
3.100010070779378779e+01 1.500000000000000000e+01 1.400000000000000000e+01
3.200010070779379845e+01 1.600000000000000000e+01 1.300000000000000000e+01
3.300010070779381266e+01 1.600000000000000000e+01 9.000000000000000000e+00
3.400010070779382687e+01 1.100000000000000000e+01 8.000000000000000000e+00
3.500010070779384108e+01 1.100000000000000000e+01 5.000000000000000000e+00
3.600010070779385529e+01 1.100000000000000000e+01 4.000000000000000000e+00
3.700010070779386950e+01 1.100000000000000000e+01 4.000000000000000000e+00
3.800010070779388371e+01 1.200000000000000000e+01 5.000000000000000000e+00
3.900010070779389793e+01 9.000000000000000000e+00 5.000000000000000000e+00
4.000010070779391214e+01 9.000000000000000000e+00 5.000000000000000000e+00
4.100010070779392635e+01 9.000000000000000000e+00 4.000000000000000000e+00
4.200010070779394056e+01 8.000000000000000000e+00 4.000000000000000000e+00
4.300010070779395477e+01 8.000000000000000000e+00 5.000000000000000000e+00
4.400010070779396898e+01 8.000000000000000000e+00 4.000000000000000000e+00
4.500010070779398319e+01 9.000000000000000000e+00 5.000000000000000000e+00
4.600010070779399740e+01 1.000000000000000000e+01 4.000000000000000000e+00
4.700010070779401161e+01 1.000000000000000000e+01 4.000000000000000000e+00
4.800010070779402582e+01 1.000000000000000000e+01 4.000000000000000000e+00
4.900010070779404003e+01 1.000000000000000000e+01 4.000000000000000000e+00
5.000010070779405424e+01 1.000000000000000000e+01 3.000000000000000000e+00
5.100010070779406846e+01 1.000000000000000000e+01 3.000000000000000000e+00
5.200010070779408267e+01 1.200000000000000000e+01 6.000000000000000000e+00
5.300010070779409688e+01 1.300000000000000000e+01 6.000000000000000000e+00
5.400010070779411109e+01 1.400000000000000000e+01 5.000000000000000000e+00
5.500010070779412530e+01 1.500000000000000000e+01 5.000000000000000000e+00
5.600010070779413951e+01 1.800000000000000000e+01 8.000000000000000000e+00
5.700010070779415372e+01 2.000000000000000000e+01 6.000000000000000000e+00
5.800010070779416793e+01 2.000000000000000000e+01 6.000000000000000000e+00
5.900010070779418214e+01 2.000000000000000000e+01 5.000000000000000000e+00
6.000010070779419635e+01 2.100000000000000000e+01 6.000000000000000000e+00
6.100010070779421056e+01 2.200000000000000000e+01 7.000000000000000000e+00
6.200010070779422477e+01 2.400000000000000000e+01 5.000000000000000000e+00
6.300010070779423899e+01 2.500000000000000000e+01 5.000000000000000000e+00
6.400010070779424609e+01 2.300000000000000000e+01 6.000000000000000000e+00
6.500010070779418925e+01 2.500000000000000000e+01 7.000000000000000000e+00
6.600010070779413240e+01 2.300000000000000000e+01 5.000000000000000000e+00
6.700010070779407556e+01 2.200000000000000000e+01 6.000000000000000000e+00
6.800010070779401872e+01 2.200000000000000000e+01 6.000000000000000000e+00
6.900010070779396187e+01 2.400000000000000000e+01 7.000000000000000000e+00
7.000010070779390503e+01 2.400000000000000000e+01 3.000000000000000000e+00
7.100010070779384819e+01 2.600000000000000000e+01 5.000000000000000000e+00
7.200010070779379134e+01 2.600000000000000000e+01 1.000000000000000000e+00
7.300010070779373450e+01 2.700000000000000000e+01 1.000000000000000000e+00
7.400010070779367766e+01 2.800000000000000000e+01 2.000000000000000000e+00
7.500010070779362081e+01 2.800000000000000000e+01 1.000000000000000000e+00
7.600010070779356397e+01 2.400000000000000000e+01 2.000000000000000000e+00
7.700010070779350713e+01 2.100000000000000000e+01 2.000000000000000000e+00
7.800010070779345028e+01 2.300000000000000000e+01 2.000000000000000000e+00
7.900010070779339344e+01 2.200000000000000000e+01 2.000000000000000000e+00
8.000010070779333660e+01 2.200000000000000000e+01 2.000000000000000000e+00
8.100010070779327975e+01 2.200000000000000000e+01 2.000000000000000000e+00
8.200010070779322291e+01 2.200000000000000000e+01 2.000000000000000000e+00
8.300010070779316607e+01 2.200000000000000000e+01 3.000000000000000000e+00
8.400010070779310922e+01 2.300000000000000000e+01 4.000000000000000000e+00
8.500010070779305238e+01 2.100000000000000000e+01 3.000000000000000000e+00
8.600010070779299554e+01 2.200000000000000000e+01 5.000000000000000000e+00
8.700010070779293869e+01 2.200000000000000000e+01 5.000000000000000000e+00
8.800010070779288185e+01 2.200000000000000000e+01 3.000000000000000000e+00
8.900010070779282501e+01 2.300000000000000000e+01 3.000000000000000000e+00
9.000010070779276816e+01 2.300000000000000000e+01 3.000000000000000000e+00
9.100010070779271132e+01 2.300000000000000000e+01 3.000000000000000000e+00
9.200010070779265448e+01 2.200000000000000000e+01 3.000000000000000000e+00
9.300010070779259763e+01 1.600000000000000000e+01 6.000000000000000000e+00
9.400010070779254079e+01 1.600000000000000000e+01 7.000000000000000000e+00
9.500010070779248395e+01 1.200000000000000000e+01 7.000000000000000000e+00
9.600010070779242710e+01 7.000000000000000000e+00 8.000000000000000000e+00
9.700010070779237026e+01 5.000000000000000000e+00 8.000000000000000000e+00
9.800010070779231341e+01 5.000000000000000000e+00 7.000000000000000000e+00
9.900010070779225657e+01 4.000000000000000000e+00 6.000000000000000000e+00
1.000001007077921997e+02 3.000000000000000000e+00 6.000000000000000000e+00
1.010001007077921429e+02 4.000000000000000000e+00 8.000000000000000000e+00
1.020001007077920860e+02 2.000000000000000000e+00 7.000000000000000000e+00
1.030001007077920292e+02 4.000000000000000000e+00 7.000000000000000000e+00
1.040001007077919724e+02 2.000000000000000000e+00 8.000000000000000000e+00
1.050001007077919155e+02 3.000000000000000000e+00 8.000000000000000000e+00
1.060001007077918587e+02 4.000000000000000000e+00 8.000000000000000000e+00
1.070001007077918018e+02 4.000000000000000000e+00 9.000000000000000000e+00
1.080001007077917450e+02 5.000000000000000000e+00 1.000000000000000000e+01
1.090001007077916881e+02 5.000000000000000000e+00 7.000000000000000000e+00
1.100001007077916313e+02 4.000000000000000000e+00 6.000000000000000000e+00
1.110001007077915745e+02 4.000000000000000000e+00 4.000000000000000000e+00
1.120001007077915176e+02 4.000000000000000000e+00 4.000000000000000000e+00
1.130001007077914608e+02 6.000000000000000000e+00 6.000000000000000000e+00
1.140001007077914039e+02 7.000000000000000000e+00 6.000000000000000000e+00
1.150001007077913471e+02 8.000000000000000000e+00 6.000000000000000000e+00
1.160001007077912902e+02 9.000000000000000000e+00 7.000000000000000000e+00
1.170001007077912334e+02 9.000000000000000000e+00 6.000000000000000000e+00
1.180001007077911765e+02 1.100000000000000000e+01 7.000000000000000000e+00
1.190001007077911197e+02 1.100000000000000000e+01 7.000000000000000000e+00
1.200001007077910629e+02 1.100000000000000000e+01 6.000000000000000000e+00
1.210001007077910060e+02 1.000000000000000000e+01 4.000000000000000000e+00
1.220001007077909492e+02 9.000000000000000000e+00 4.000000000000000000e+00
1.230001007077908923e+02 9.000000000000000000e+00 4.000000000000000000e+00
1.240001007077908355e+02 1.200000000000000000e+01 3.000000000000000000e+00
1.250001007077907786e+02 1.000000000000000000e+01 2.000000000000000000e+00
1.260001007077907218e+02 1.100000000000000000e+01 5.000000000000000000e+00
1.270001007077906650e+02 1.000000000000000000e+01 5.000000000000000000e+00
1.280001007077906081e+02 1.000000000000000000e+01 5.000000000000000000e+00
1.290001007077905513e+02 1.000000000000000000e+01 3.000000000000000000e+00
1.300001007077904944e+02 9.000000000000000000e+00 2.000000000000000000e+00
1.310001007077904376e+02 8.000000000000000000e+00 2.000000000000000000e+00
1.320001007077903807e+02 8.000000000000000000e+00 3.000000000000000000e+00
1.330001007077903239e+02 8.000000000000000000e+00 1.000000000000000000e+00
1.340001007077902671e+02 7.000000000000000000e+00 2.000000000000000000e+00
1.350001007077902102e+02 7.000000000000000000e+00 3.000000000000000000e+00
1.360001007077901534e+02 3.000000000000000000e+00 5.000000000000000000e+00
1.370001007077900965e+02 3.000000000000000000e+00 6.000000000000000000e+00
1.380001007077900397e+02 3.000000000000000000e+00 6.000000000000000000e+00
1.390001007077899828e+02 3.000000000000000000e+00 5.000000000000000000e+00
1.400001007077899260e+02 3.000000000000000000e+00 5.000000000000000000e+00
1.410001007077898691e+02 4.000000000000000000e+00 5.000000000000000000e+00
1.420001007077898123e+02 6.000000000000000000e+00 1.000000000000000000e+00
1.430001007077897555e+02 8.000000000000000000e+00 3.000000000000000000e+00
1.440001007077896986e+02 6.000000000000000000e+00 1.000000000000000000e+00
1.450001007077896418e+02 5.000000000000000000e+00 2.000000000000000000e+00
1.460001007077895849e+02 5.000000000000000000e+00 0.000000000000000000e+00
1.470001007077895281e+02 5.000000000000000000e+00 1.000000000000000000e+00
1.480001007077894712e+02 5.000000000000000000e+00 1.000000000000000000e+00
1.490001007077894144e+02 5.000000000000000000e+00 1.000000000000000000e+00
1.500001007077893576e+02 2.000000000000000000e+00 0.000000000000000000e+00
1.510001007077893007e+02 3.000000000000000000e+00 0.000000000000000000e+00
1.520001007077892439e+02 3.000000000000000000e+00 1.000000000000000000e+00
1.530001007077891870e+02 4.000000000000000000e+00 2.000000000000000000e+00
1.540001007077891302e+02 5.000000000000000000e+00 3.000000000000000000e+00
1.550001007077890733e+02 5.000000000000000000e+00 3.000000000000000000e+00
1.560001007077890165e+02 6.000000000000000000e+00 3.000000000000000000e+00
1.570001007077889597e+02 6.000000000000000000e+00 3.000000000000000000e+00
1.580001007077889028e+02 7.000000000000000000e+00 3.000000000000000000e+00
1.590001007077888460e+02 6.000000000000000000e+00 3.000000000000000000e+00
1.600001007077887891e+02 7.000000000000000000e+00 4.000000000000000000e+00
1.610001007077887323e+02 6.000000000000000000e+00 4.000000000000000000e+00
1.620001007077886754e+02 6.000000000000000000e+00 6.000000000000000000e+00
1.630001007077886186e+02 9.000000000000000000e+00 6.000000000000000000e+00
1.640001007077885617e+02 1.000000000000000000e+01 6.000000000000000000e+00
1.650001007077885049e+02 1.000000000000000000e+01 6.000000000000000000e+00
1.660001007077884481e+02 9.000000000000000000e+00 7.000000000000000000e+00
1.670001007077883912e+02 1.000000000000000000e+01 8.000000000000000000e+00
1.680001007077883344e+02 1.000000000000000000e+01 1.000000000000000000e+01
1.690001007077882775e+02 9.000000000000000000e+00 1.100000000000000000e+01
1.700001007077882207e+02 9.000000000000000000e+00 9.000000000000000000e+00
1.710001007077881638e+02 1.100000000000000000e+01 9.000000000000000000e+00
1.720001007077881070e+02 1.100000000000000000e+01 8.000000000000000000e+00
1.730001007077880502e+02 1.100000000000000000e+01 8.000000000000000000e+00
1.740000405181534120e+02 1.100000000000000000e+01 8.000000000000000000e+00
1.750001007077879365e+02 1.000000000000000000e+01 7.000000000000000000e+00
1.760001007077878796e+02 9.000000000000000000e+00 7.000000000000000000e+00
1.770001007077878228e+02 9.000000000000000000e+00 9.000000000000000000e+00
1.780001007077877659e+02 9.000000000000000000e+00 1.000000000000000000e+01
1.790001007077877091e+02 7.000000000000000000e+00 1.200000000000000000e+01
1.800001007077876523e+02 7.000000000000000000e+00 1.300000000000000000e+01
1.810001007077875954e+02 7.000000000000000000e+00 1.300000000000000000e+01
1.820001007077875386e+02 7.000000000000000000e+00 1.200000000000000000e+01
1.830001007077874817e+02 1.000000000000000000e+01 1.400000000000000000e+01
1.840001007077874249e+02 1.000000000000000000e+01 1.400000000000000000e+01
1.850001007077873680e+02 1.000000000000000000e+01 1.400000000000000000e+01
1.860001007077873112e+02 1.000000000000000000e+01 1.400000000000000000e+01
1.870001007077872544e+02 1.000000000000000000e+01 1.400000000000000000e+01
1.880001007077871975e+02 1.000000000000000000e+01 1.300000000000000000e+01
1.890001007077871407e+02 1.000000000000000000e+01 1.400000000000000000e+01
1.900001007077870838e+02 1.000000000000000000e+01 1.400000000000000000e+01
1.910001007077870270e+02 1.000000000000000000e+01 1.400000000000000000e+01
1.920001007077869701e+02 1.000000000000000000e+01 1.500000000000000000e+01
1.930001007077869133e+02 9.000000000000000000e+00 1.500000000000000000e+01
1.940001007077868564e+02 8.000000000000000000e+00 1.500000000000000000e+01
1.950001007077867996e+02 8.000000000000000000e+00 1.600000000000000000e+01
1.960001007077867428e+02 7.000000000000000000e+00 1.700000000000000000e+01
1.970001007077866859e+02 7.000000000000000000e+00 1.700000000000000000e+01
1.980001007077866291e+02 8.000000000000000000e+00 1.600000000000000000e+01
1.990001007077865722e+02 8.000000000000000000e+00 1.800000000000000000e+01
2.000001007077865154e+02 1.000000000000000000e+01 1.700000000000000000e+01
2.010001007077864585e+02 9.000000000000000000e+00 1.300000000000000000e+01
2.020001007077864017e+02 1.000000000000000000e+01 1.100000000000000000e+01
2.030001007077863449e+02 1.000000000000000000e+01 1.200000000000000000e+01
2.040001007077862880e+02 9.000000000000000000e+00 1.100000000000000000e+01
2.050000867677963186e+02 8.000000000000000000e+00 1.100000000000000000e+01
2.060001007077861743e+02 7.000000000000000000e+00 1.100000000000000000e+01
2.070001007077861175e+02 7.000000000000000000e+00 1.200000000000000000e+01
2.080001007077860606e+02 8.000000000000000000e+00 1.200000000000000000e+01
2.090001007077860038e+02 1.200000000000000000e+01 1.200000000000000000e+01
2.100001007077859470e+02 1.100000000000000000e+01 1.200000000000000000e+01
2.110000125843745025e+02 1.100000000000000000e+01 1.200000000000000000e+01
2.120001007077858333e+02 1.100000000000000000e+01 1.300000000000000000e+01
2.130001007077857764e+02 6.000000000000000000e+00 1.100000000000000000e+01
2.140001007077857196e+02 6.000000000000000000e+00 8.000000000000000000e+00
2.150001007077856627e+02 6.000000000000000000e+00 7.000000000000000000e+00
2.160001007077856059e+02 6.000000000000000000e+00 1.000000000000000000e+01
2.170001007077855490e+02 6.000000000000000000e+00 1.300000000000000000e+01
2.180001007077854922e+02 6.000000000000000000e+00 1.200000000000000000e+01
2.190001007077854354e+02 9.000000000000000000e+00 1.300000000000000000e+01
2.200001007077853785e+02 1.000000000000000000e+01 1.300000000000000000e+01
2.210001007077853217e+02 1.100000000000000000e+01 1.500000000000000000e+01
2.220001007077852648e+02 1.100000000000000000e+01 1.600000000000000000e+01
2.230001007077852080e+02 1.200000000000000000e+01 1.700000000000000000e+01
2.240001007077851511e+02 1.400000000000000000e+01 2.000000000000000000e+01
2.250001007077850943e+02 1.400000000000000000e+01 2.000000000000000000e+01
2.260001007077850375e+02 1.600000000000000000e+01 2.100000000000000000e+01
2.270001007077849806e+02 1.600000000000000000e+01 2.000000000000000000e+01
2.280001007077849238e+02 1.700000000000000000e+01 2.000000000000000000e+01
2.290001007077848669e+02 1.600000000000000000e+01 2.000000000000000000e+01
2.300001007077848101e+02 1.500000000000000000e+01 2.100000000000000000e+01
2.310001007077847532e+02 1.400000000000000000e+01 2.200000000000000000e+01
2.320001007077846964e+02 1.500000000000000000e+01 2.300000000000000000e+01
2.330001007077846396e+02 1.500000000000000000e+01 2.300000000000000000e+01
2.340001007077845827e+02 1.500000000000000000e+01 2.500000000000000000e+01
2.350001007077845259e+02 1.600000000000000000e+01 2.600000000000000000e+01
2.360001007077844690e+02 1.600000000000000000e+01 2.400000000000000000e+01
2.370001007077844122e+02 1.800000000000000000e+01 2.500000000000000000e+01
2.380001007077843553e+02 1.900000000000000000e+01 2.500000000000000000e+01
2.390001007077842985e+02 1.900000000000000000e+01 2.400000000000000000e+01
2.400001007077842416e+02 1.800000000000000000e+01 2.400000000000000000e+01
2.410001007077841848e+02 1.800000000000000000e+01 2.300000000000000000e+01
2.420001007077841280e+02 1.800000000000000000e+01 2.400000000000000000e+01
2.430001007077840711e+02 2.000000000000000000e+01 2.400000000000000000e+01
2.440001007077840143e+02 2.100000000000000000e+01 2.400000000000000000e+01
2.450001007077839574e+02 2.100000000000000000e+01 2.400000000000000000e+01
2.460001007077839006e+02 1.900000000000000000e+01 2.400000000000000000e+01
2.470001007077838437e+02 1.800000000000000000e+01 2.400000000000000000e+01
2.480001007077837869e+02 1.400000000000000000e+01 2.500000000000000000e+01
2.490001007077837301e+02 1.100000000000000000e+01 2.600000000000000000e+01
2.500001007077836732e+02 8.000000000000000000e+00 2.700000000000000000e+01
2.510001007077836164e+02 9.000000000000000000e+00 2.700000000000000000e+01
2.520001007077835595e+02 1.000000000000000000e+01 2.700000000000000000e+01
2.530001007077835027e+02 9.000000000000000000e+00 2.700000000000000000e+01
2.540001007077834458e+02 9.000000000000000000e+00 2.300000000000000000e+01
2.550001007077833890e+02 8.000000000000000000e+00 2.200000000000000000e+01
2.560001007077833606e+02 6.000000000000000000e+00 2.200000000000000000e+01
2.570001007077835879e+02 5.000000000000000000e+00 2.200000000000000000e+01
2.580001007077838153e+02 6.000000000000000000e+00 2.200000000000000000e+01
2.590001007077840427e+02 6.000000000000000000e+00 2.200000000000000000e+01
2.600001007077842701e+02 6.000000000000000000e+00 2.200000000000000000e+01
2.610000389261780924e+02 6.000000000000000000e+00 2.200000000000000000e+01
2.620001007077847248e+02 7.000000000000000000e+00 2.200000000000000000e+01
2.630001007077849522e+02 8.000000000000000000e+00 2.200000000000000000e+01
2.640001007077851796e+02 7.000000000000000000e+00 2.400000000000000000e+01
2.650001007077854069e+02 8.000000000000000000e+00 2.400000000000000000e+01
2.660001007077856343e+02 6.000000000000000000e+00 2.400000000000000000e+01
2.670001007077858617e+02 7.000000000000000000e+00 2.400000000000000000e+01
2.680001007077860891e+02 8.000000000000000000e+00 2.500000000000000000e+01
2.690001007077863164e+02 5.000000000000000000e+00 2.500000000000000000e+01
2.700001007077865438e+02 5.000000000000000000e+00 2.600000000000000000e+01
2.710001007077867712e+02 4.000000000000000000e+00 2.600000000000000000e+01
2.720001007077869986e+02 4.000000000000000000e+00 2.600000000000000000e+01
2.730001007077872259e+02 2.000000000000000000e+00 2.700000000000000000e+01
2.740001007077874533e+02 2.000000000000000000e+00 2.700000000000000000e+01
2.750001007077876807e+02 4.000000000000000000e+00 2.700000000000000000e+01
2.760001007077879080e+02 3.000000000000000000e+00 2.700000000000000000e+01
2.770001007077881354e+02 2.000000000000000000e+00 2.800000000000000000e+01
2.780001007077883628e+02 2.000000000000000000e+00 3.000000000000000000e+01
2.790001007077885902e+02 2.000000000000000000e+00 3.000000000000000000e+01
2.800001007077888175e+02 2.000000000000000000e+00 2.600000000000000000e+01
2.810001007077890449e+02 2.000000000000000000e+00 2.600000000000000000e+01
2.820001007077892723e+02 2.000000000000000000e+00 2.400000000000000000e+01
2.830001007077894997e+02 3.000000000000000000e+00 2.100000000000000000e+01
2.840001007077897270e+02 3.000000000000000000e+00 2.000000000000000000e+01
2.850001007077899544e+02 3.000000000000000000e+00 1.700000000000000000e+01
2.860001007077901818e+02 3.000000000000000000e+00 1.500000000000000000e+01
2.870001007077904092e+02 2.000000000000000000e+00 1.400000000000000000e+01
2.880001007077906365e+02 3.000000000000000000e+00 1.500000000000000000e+01
2.890001007077908639e+02 5.000000000000000000e+00 1.400000000000000000e+01
2.900001007077910913e+02 3.000000000000000000e+00 1.200000000000000000e+01
2.910001007077913187e+02 5.000000000000000000e+00 1.200000000000000000e+01
2.920001007077915460e+02 3.000000000000000000e+00 1.200000000000000000e+01
2.930001007077917734e+02 3.000000000000000000e+00 1.200000000000000000e+01
2.940001007077920008e+02 4.000000000000000000e+00 1.300000000000000000e+01
2.950001007077922281e+02 2.000000000000000000e+00 1.000000000000000000e+01
2.960001007077924555e+02 2.000000000000000000e+00 5.000000000000000000e+00
2.970001007077926829e+02 3.000000000000000000e+00 4.000000000000000000e+00
2.980001007077929103e+02 4.000000000000000000e+00 4.000000000000000000e+00
2.990001007077931376e+02 4.000000000000000000e+00 5.000000000000000000e+00
3.000001007077933650e+02 6.000000000000000000e+00 5.000000000000000000e+00
