0.000000000000000000e+00 0.000000000000000000e+00 0.000000000000000000e+00
1.000998860593155682e+00 0.000000000000000000e+00 0.000000000000000000e+00
2.000998860593156348e+00 2.000000000000000000e+00 2.000000000000000000e+00
3.000998860593157236e+00 4.000000000000000000e+00 4.000000000000000000e+00
4.000998860593157680e+00 5.000000000000000000e+00 5.000000000000000000e+00
5.000998860593154127e+00 4.000000000000000000e+00 4.000000000000000000e+00
6.000998860593150575e+00 4.000000000000000000e+00 4.000000000000000000e+00
7.000998860593147022e+00 6.000000000000000000e+00 6.000000000000000000e+00
8.000925125751926714e+00 6.000000000000000000e+00 6.000000000000000000e+00
9.000998860593140805e+00 1.000000000000000000e+01 1.000000000000000000e+01
1.000099886059313725e+01 9.000000000000000000e+00 9.000000000000000000e+00
1.100099886059313370e+01 8.000000000000000000e+00 8.000000000000000000e+00
1.200099886059313015e+01 8.000000000000000000e+00 8.000000000000000000e+00
1.300099886059312659e+01 7.000000000000000000e+00 7.000000000000000000e+00
1.400099886059312304e+01 9.000000000000000000e+00 8.000000000000000000e+00
1.500022686017014095e+01 1.100000000000000000e+01 1.000000000000000000e+01
1.600099886059311771e+01 1.100000000000000000e+01 1.100000000000000000e+01
1.700099886059313192e+01 1.200000000000000000e+01 1.200000000000000000e+01
1.800099886059314613e+01 1.100000000000000000e+01 1.100000000000000000e+01
1.900099886059316034e+01 1.000000000000000000e+01 1.000000000000000000e+01
2.000099886059317456e+01 1.200000000000000000e+01 1.200000000000000000e+01
2.100099886059318877e+01 1.200000000000000000e+01 1.200000000000000000e+01
2.200019685845524720e+01 1.200000000000000000e+01 1.200000000000000000e+01
2.300099886059321719e+01 1.100000000000000000e+01 1.200000000000000000e+01
2.400099886059323140e+01 1.200000000000000000e+01 1.300000000000000000e+01
2.500099886059324561e+01 1.000000000000000000e+01 1.200000000000000000e+01
2.600099886059325982e+01 9.000000000000000000e+00 1.000000000000000000e+01
2.700099809760274638e+01 1.100000000000000000e+01 1.200000000000000000e+01
2.800099886059328824e+01 1.000000000000000000e+01 1.100000000000000000e+01
2.900099886059330245e+01 9.000000000000000000e+00 1.100000000000000000e+01
3.000099886059331666e+01 1.000000000000000000e+01 1.200000000000000000e+01
3.100099886059333087e+01 1.000000000000000000e+01 1.300000000000000000e+01
3.200099886059334153e+01 9.000000000000000000e+00 1.300000000000000000e+01
3.300099886059335574e+01 1.000000000000000000e+01 1.300000000000000000e+01
3.400099886059336995e+01 8.000000000000000000e+00 1.200000000000000000e+01
3.500099886059338417e+01 8.000000000000000000e+00 1.200000000000000000e+01
3.600026263850843122e+01 6.000000000000000000e+00 1.000000000000000000e+01
3.700099886059341259e+01 7.000000000000000000e+00 1.100000000000000000e+01
3.800099886059342680e+01 8.000000000000000000e+00 1.200000000000000000e+01
3.900099886059344101e+01 9.000000000000000000e+00 1.300000000000000000e+01
4.000099886059345522e+01 9.000000000000000000e+00 1.300000000000000000e+01
4.100046896230410454e+01 9.000000000000000000e+00 1.300000000000000000e+01
4.200013303135100529e+01 8.000000000000000000e+00 1.200000000000000000e+01
4.300099886059349785e+01 1.000000000000000000e+01 1.200000000000000000e+01
4.400099886059351206e+01 1.100000000000000000e+01 1.200000000000000000e+01
4.500008502146664568e+01 1.000000000000000000e+01 1.100000000000000000e+01
4.600099886059354048e+01 1.100000000000000000e+01 9.000000000000000000e+00
4.700099886059355470e+01 1.200000000000000000e+01 9.000000000000000000e+00
4.800099886059356891e+01 1.100000000000000000e+01 7.000000000000000000e+00
4.900046473388021440e+01 1.200000000000000000e+01 7.000000000000000000e+00
5.000099886059359733e+01 1.300000000000000000e+01 6.000000000000000000e+00
5.100099886059361154e+01 1.300000000000000000e+01 6.000000000000000000e+00
5.200046090232834217e+01 1.300000000000000000e+01 6.000000000000000000e+00
5.300099886059363996e+01 1.400000000000000000e+01 7.000000000000000000e+00
5.400099886059365417e+01 1.400000000000000000e+01 8.000000000000000000e+00
5.500099886059366838e+01 1.600000000000000000e+01 1.000000000000000000e+01
5.600099886059368259e+01 1.400000000000000000e+01 1.000000000000000000e+01
5.700099886059369680e+01 1.500000000000000000e+01 1.100000000000000000e+01
5.800099886059371102e+01 1.500000000000000000e+01 1.200000000000000000e+01
5.900099886059372523e+01 1.200000000000000000e+01 1.200000000000000000e+01
6.000099886059373944e+01 1.100000000000000000e+01 1.200000000000000000e+01
6.100099886059375365e+01 1.100000000000000000e+01 1.300000000000000000e+01
6.200013675632553856e+01 9.000000000000000000e+00 1.300000000000000000e+01
6.300099886059378207e+01 9.000000000000000000e+00 1.200000000000000000e+01
6.400067607781818424e+01 1.000000000000000000e+01 1.400000000000000000e+01
6.500099886059373944e+01 8.000000000000000000e+00 1.600000000000000000e+01
6.600099886059368259e+01 1.100000000000000000e+01 1.800000000000000000e+01
6.700099886059362575e+01 9.000000000000000000e+00 1.800000000000000000e+01
6.800099886059356891e+01 1.200000000000000000e+01 2.100000000000000000e+01
6.900099886059351206e+01 1.200000000000000000e+01 1.700000000000000000e+01
7.000099886059345522e+01 1.500000000000000000e+01 1.900000000000000000e+01
7.100099886059339838e+01 1.500000000000000000e+01 1.900000000000000000e+01
7.200099886059334153e+01 1.400000000000000000e+01 1.800000000000000000e+01
7.300098520824893455e+01 1.400000000000000000e+01 2.000000000000000000e+01
7.400099886059322785e+01 1.300000000000000000e+01 2.000000000000000000e+01
7.500099886059317100e+01 1.100000000000000000e+01 1.900000000000000000e+01
7.600099886059311416e+01 9.000000000000000000e+00 1.900000000000000000e+01
7.700099886059305732e+01 9.000000000000000000e+00 1.900000000000000000e+01
7.800099886059300047e+01 1.000000000000000000e+01 1.900000000000000000e+01
7.900099886059294363e+01 1.000000000000000000e+01 2.000000000000000000e+01
8.000079663772496019e+01 1.100000000000000000e+01 1.900000000000000000e+01
8.100099886059282994e+01 1.100000000000000000e+01 1.900000000000000000e+01
8.200089850300258831e+01 1.300000000000000000e+01 2.100000000000000000e+01
8.300099886059271626e+01 1.400000000000000000e+01 2.200000000000000000e+01
8.400099886059265941e+01 1.600000000000000000e+01 2.300000000000000000e+01
8.500035088124487004e+01 1.700000000000000000e+01 2.400000000000000000e+01
8.600099886059254573e+01 1.900000000000000000e+01 2.500000000000000000e+01
8.700099886059248888e+01 1.900000000000000000e+01 2.300000000000000000e+01
8.800099886059243204e+01 1.900000000000000000e+01 2.200000000000000000e+01
8.900099886059237519e+01 2.000000000000000000e+01 2.300000000000000000e+01
9.000044009493423403e+01 2.000000000000000000e+01 2.200000000000000000e+01
9.100099886059226151e+01 2.200000000000000000e+01 2.300000000000000000e+01
9.200099886059220466e+01 2.400000000000000000e+01 1.900000000000000000e+01
9.300099886059214782e+01 2.500000000000000000e+01 1.900000000000000000e+01
9.400099886059209098e+01 2.500000000000000000e+01 1.800000000000000000e+01
9.500099886059203413e+01 2.500000000000000000e+01 1.700000000000000000e+01
9.600099886059197729e+01 2.500000000000000000e+01 1.500000000000000000e+01
9.700099886059192045e+01 2.700000000000000000e+01 1.600000000000000000e+01
9.800099886059186360e+01 2.600000000000000000e+01 1.300000000000000000e+01
9.900099886059180676e+01 2.600000000000000000e+01 1.100000000000000000e+01
1.000009988605917499e+02 2.700000000000000000e+01 9.000000000000000000e+00
1.010009988605916931e+02 2.500000000000000000e+01 5.000000000000000000e+00
1.020005953164908590e+02 2.400000000000000000e+01 4.000000000000000000e+00
1.030009299713529742e+02 2.300000000000000000e+01 4.000000000000000000e+00
1.040009988605915225e+02 2.000000000000000000e+01 5.000000000000000000e+00
1.050009988605914657e+02 2.200000000000000000e+01 7.000000000000000000e+00
1.060009988605914089e+02 1.800000000000000000e+01 5.000000000000000000e+00
1.070009988605913520e+02 1.700000000000000000e+01 7.000000000000000000e+00
1.080009988605912952e+02 1.800000000000000000e+01 7.000000000000000000e+00
1.090009349140434551e+02 1.900000000000000000e+01 4.000000000000000000e+00
1.100007845181059025e+02 1.900000000000000000e+01 3.000000000000000000e+00
1.110009988605911246e+02 1.900000000000000000e+01 3.000000000000000000e+00
1.120009988605910678e+02 2.000000000000000000e+01 2.000000000000000000e+00
1.130009988605910110e+02 2.000000000000000000e+01 3.000000000000000000e+00
1.140006056812567721e+02 2.000000000000000000e+01 3.000000000000000000e+00
1.150009988605908973e+02 2.300000000000000000e+01 4.000000000000000000e+00
1.160009988605908404e+02 2.400000000000000000e+01 4.000000000000000000e+00
1.170009988605907836e+02 2.400000000000000000e+01 4.000000000000000000e+00
1.180009988605907267e+02 2.500000000000000000e+01 3.000000000000000000e+00
1.190008028554598241e+02 2.500000000000000000e+01 3.000000000000000000e+00
1.200009988605906130e+02 2.500000000000000000e+01 5.000000000000000000e+00
1.210009988605905562e+02 2.600000000000000000e+01 7.000000000000000000e+00
1.220009988605904994e+02 2.600000000000000000e+01 8.000000000000000000e+00
1.230009988605904425e+02 2.800000000000000000e+01 9.000000000000000000e+00
1.240009988605903857e+02 2.800000000000000000e+01 7.000000000000000000e+00
1.250009988605903288e+02 2.900000000000000000e+01 5.000000000000000000e+00
1.260009988605902720e+02 2.900000000000000000e+01 5.000000000000000000e+00
1.270009988605902151e+02 2.800000000000000000e+01 5.000000000000000000e+00
1.280009988605901583e+02 2.600000000000000000e+01 6.000000000000000000e+00
1.290009988605901015e+02 2.300000000000000000e+01 6.000000000000000000e+00
1.300009988605900446e+02 2.000000000000000000e+01 9.000000000000000000e+00
1.310009988605899878e+02 1.600000000000000000e+01 7.000000000000000000e+00
1.320009988605899309e+02 1.500000000000000000e+01 4.000000000000000000e+00
1.330009988605898741e+02 1.600000000000000000e+01 4.000000000000000000e+00
1.340006505239666694e+02 1.700000000000000000e+01 4.000000000000000000e+00
1.350009988605897604e+02 1.900000000000000000e+01 5.000000000000000000e+00
1.360009988605897036e+02 2.000000000000000000e+01 7.000000000000000000e+00
1.370003186625480112e+02 2.000000000000000000e+01 7.000000000000000000e+00
1.380009988605895899e+02 2.100000000000000000e+01 8.000000000000000000e+00
1.390009988605895330e+02 1.800000000000000000e+01 9.000000000000000000e+00
1.400009988605894762e+02 1.700000000000000000e+01 8.000000000000000000e+00
1.410009988605894193e+02 1.600000000000000000e+01 1.000000000000000000e+01
1.420009988605893625e+02 1.600000000000000000e+01 8.000000000000000000e+00
1.430009378382142700e+02 1.400000000000000000e+01 8.000000000000000000e+00
1.440009988605892488e+02 1.400000000000000000e+01 6.000000000000000000e+00
1.450009988605891920e+02 1.500000000000000000e+01 5.000000000000000000e+00
1.460009988605891351e+02 1.500000000000000000e+01 5.000000000000000000e+00
1.470009988605890783e+02 1.600000000000000000e+01 6.000000000000000000e+00
1.480009988605890214e+02 1.700000000000000000e+01 5.000000000000000000e+00
1.490009988605889646e+02 1.800000000000000000e+01 5.000000000000000000e+00
1.500009988605889077e+02 2.000000000000000000e+01 6.000000000000000000e+00
1.510009988605888509e+02 2.100000000000000000e+01 7.000000000000000000e+00
1.520001907395448768e+02 1.700000000000000000e+01 7.000000000000000000e+00
1.530009988605887372e+02 1.700000000000000000e+01 7.000000000000000000e+00
1.540009988605886804e+02 1.800000000000000000e+01 7.000000000000000000e+00
1.550009988605886235e+02 2.000000000000000000e+01 8.000000000000000000e+00
1.560009988605885667e+02 2.100000000000000000e+01 8.000000000000000000e+00
1.570009988605885098e+02 2.200000000000000000e+01 9.000000000000000000e+00
1.580009988605884530e+02 2.100000000000000000e+01 8.000000000000000000e+00
1.590009988605883962e+02 2.100000000000000000e+01 7.000000000000000000e+00
1.600004950372318149e+02 2.300000000000000000e+01 9.000000000000000000e+00
1.610009988605882825e+02 2.300000000000000000e+01 1.100000000000000000e+01
1.620009988605882256e+02 2.500000000000000000e+01 1.000000000000000000e+01
1.630009988605881688e+02 2.400000000000000000e+01 1.100000000000000000e+01
1.640009988605881119e+02 2.400000000000000000e+01 1.100000000000000000e+01
1.650009988605880551e+02 2.400000000000000000e+01 1.100000000000000000e+01
1.660009988605879983e+02 2.000000000000000000e+01 1.200000000000000000e+01
1.670009988605879414e+02 2.000000000000000000e+01 1.200000000000000000e+01
1.680009988605878846e+02 1.800000000000000000e+01 1.200000000000000000e+01
1.690009988605878277e+02 1.400000000000000000e+01 1.300000000000000000e+01
1.700009988605877709e+02 9.000000000000000000e+00 1.300000000000000000e+01
1.710009988605877140e+02 9.000000000000000000e+00 1.500000000000000000e+01
1.720009988605876572e+02 8.000000000000000000e+00 1.600000000000000000e+01
1.730004888155477829e+02 6.000000000000000000e+00 1.700000000000000000e+01
1.740009988605875435e+02 6.000000000000000000e+00 1.700000000000000000e+01
1.750006929509551981e+02 6.000000000000000000e+00 1.800000000000000000e+01
1.760009988605874298e+02 7.000000000000000000e+00 1.700000000000000000e+01
1.770002141518997405e+02 7.000000000000000000e+00 1.700000000000000000e+01
1.780006455592335328e+02 6.000000000000000000e+00 1.700000000000000000e+01
1.790009988605872593e+02 7.000000000000000000e+00 1.700000000000000000e+01
1.800009988605872024e+02 9.000000000000000000e+00 1.900000000000000000e+01
1.810009988605871456e+02 1.000000000000000000e+01 2.000000000000000000e+01
1.820009988605870888e+02 9.000000000000000000e+00 2.000000000000000000e+01
1.830009988605870319e+02 1.000000000000000000e+01 2.000000000000000000e+01
1.840009988605869751e+02 9.000000000000000000e+00 2.000000000000000000e+01
1.850002298113863901e+02 7.000000000000000000e+00 2.000000000000000000e+01
1.860009988605868614e+02 7.000000000000000000e+00 2.100000000000000000e+01
1.870009988605868045e+02 8.000000000000000000e+00 2.200000000000000000e+01
1.880009988605867477e+02 7.000000000000000000e+00 2.100000000000000000e+01
1.890009988605866909e+02 7.000000000000000000e+00 2.000000000000000000e+01
1.900002936536376978e+02 8.000000000000000000e+00 1.900000000000000000e+01
1.910008528320583139e+02 9.000000000000000000e+00 1.800000000000000000e+01
1.920009988605865203e+02 9.000000000000000000e+00 1.800000000000000000e+01
1.930009988605864635e+02 1.100000000000000000e+01 2.000000000000000000e+01
1.940009988605864066e+02 1.100000000000000000e+01 1.900000000000000000e+01
1.950009988605863498e+02 1.100000000000000000e+01 1.800000000000000000e+01
1.960004178615091064e+02 1.100000000000000000e+01 1.800000000000000000e+01
1.970009988605862361e+02 1.200000000000000000e+01 1.900000000000000000e+01
1.980009988605861793e+02 1.100000000000000000e+01 1.900000000000000000e+01
1.990009988605861224e+02 9.000000000000000000e+00 1.900000000000000000e+01
2.000006636950610641e+02 9.000000000000000000e+00 1.900000000000000000e+01
2.010002389174080974e+02 1.000000000000000000e+01 2.000000000000000000e+01
2.020009988605859519e+02 1.200000000000000000e+01 2.100000000000000000e+01
2.030009988605858950e+02 1.300000000000000000e+01 2.000000000000000000e+01
2.040009988605858382e+02 1.400000000000000000e+01 2.200000000000000000e+01
2.050009988605857814e+02 1.400000000000000000e+01 2.100000000000000000e+01
2.060009988605857245e+02 1.600000000000000000e+01 2.200000000000000000e+01
2.070009988605856677e+02 1.600000000000000000e+01 2.200000000000000000e+01
2.080009988605856108e+02 1.600000000000000000e+01 2.200000000000000000e+01
2.090009988605855540e+02 1.300000000000000000e+01 2.300000000000000000e+01
2.100009988605854971e+02 1.000000000000000000e+01 2.400000000000000000e+01
2.110009988605854403e+02 1.000000000000000000e+01 2.400000000000000000e+01
2.120009988605853835e+02 9.000000000000000000e+00 2.400000000000000000e+01
2.130009988605853266e+02 7.000000000000000000e+00 2.400000000000000000e+01
2.140009988605852698e+02 6.000000000000000000e+00 2.500000000000000000e+01
2.150009988605852129e+02 4.000000000000000000e+00 2.700000000000000000e+01
2.160009988605851561e+02 2.000000000000000000e+00 2.700000000000000000e+01
2.170009988605850992e+02 5.000000000000000000e+00 2.800000000000000000e+01
2.180009988605850424e+02 3.000000000000000000e+00 2.900000000000000000e+01
2.190005722280770044e+02 2.000000000000000000e+00 3.000000000000000000e+01
2.200009988605849287e+02 2.000000000000000000e+00 3.000000000000000000e+01
2.210009988605848719e+02 2.000000000000000000e+00 2.900000000000000000e+01
2.220003939618623008e+02 1.000000000000000000e+00 2.900000000000000000e+01
2.230009988605847582e+02 1.000000000000000000e+00 2.900000000000000000e+01
2.240009988605847013e+02 0.000000000000000000e+00 3.000000000000000000e+01
2.250009988605846445e+02 1.000000000000000000e+00 3.000000000000000000e+01
2.260009988605845876e+02 2.000000000000000000e+00 3.000000000000000000e+01
2.270009988605845308e+02 2.000000000000000000e+00 3.000000000000000000e+01
2.280009759494565174e+02 3.000000000000000000e+00 3.100000000000000000e+01
2.290009988605844171e+02 5.000000000000000000e+00 3.100000000000000000e+01
2.300007388131979553e+02 5.000000000000000000e+00 3.200000000000000000e+01
2.310003893673802224e+02 5.000000000000000000e+00 3.200000000000000000e+01
2.320009988605842466e+02 4.000000000000000000e+00 3.100000000000000000e+01
2.330009988605841897e+02 4.000000000000000000e+00 3.100000000000000000e+01
2.340009988605841329e+02 4.000000000000000000e+00 3.200000000000000000e+01
2.350009988605840761e+02 4.000000000000000000e+00 3.400000000000000000e+01
2.360009988605840192e+02 4.000000000000000000e+00 3.400000000000000000e+01
2.370000813722668624e+02 4.000000000000000000e+00 3.400000000000000000e+01
2.380004611702416355e+02 4.000000000000000000e+00 3.400000000000000000e+01
2.390009988605838487e+02 5.000000000000000000e+00 3.100000000000000000e+01
2.400009988605837918e+02 5.000000000000000000e+00 3.100000000000000000e+01
2.410009988605837350e+02 7.000000000000000000e+00 3.200000000000000000e+01
2.420009988605836782e+02 8.000000000000000000e+00 3.200000000000000000e+01
2.430009988605836213e+02 8.000000000000000000e+00 3.100000000000000000e+01
2.440009988605835645e+02 9.000000000000000000e+00 3.300000000000000000e+01
2.450009988605835076e+02 9.000000000000000000e+00 3.100000000000000000e+01
2.460009988605834508e+02 9.000000000000000000e+00 3.100000000000000000e+01
2.470009988605833939e+02 1.000000000000000000e+01 3.300000000000000000e+01
2.480009988605833371e+02 1.000000000000000000e+01 3.200000000000000000e+01
2.490005913365003209e+02 1.000000000000000000e+01 3.200000000000000000e+01
2.500009988605832234e+02 1.000000000000000000e+01 3.200000000000000000e+01
2.510009988605831666e+02 1.100000000000000000e+01 3.500000000000000000e+01
2.520009988605831097e+02 1.200000000000000000e+01 3.600000000000000000e+01
2.530009988605830529e+02 1.400000000000000000e+01 3.500000000000000000e+01
2.540009988605829960e+02 1.500000000000000000e+01 3.600000000000000000e+01
2.550009988605829392e+02 1.600000000000000000e+01 3.600000000000000000e+01
2.560009988605829108e+02 1.600000000000000000e+01 3.600000000000000000e+01
2.570009988605831381e+02 1.400000000000000000e+01 3.600000000000000000e+01
2.580009988605833655e+02 1.400000000000000000e+01 3.600000000000000000e+01
2.590009988605835929e+02 1.500000000000000000e+01 3.700000000000000000e+01
2.600009988605838203e+02 1.500000000000000000e+01 3.700000000000000000e+01
2.610009988605840476e+02 1.500000000000000000e+01 3.800000000000000000e+01
2.620009988605842750e+02 1.500000000000000000e+01 3.800000000000000000e+01
2.630002977560591830e+02 1.700000000000000000e+01 3.800000000000000000e+01
2.640009988605847298e+02 1.500000000000000000e+01 3.800000000000000000e+01
2.650000351787769546e+02 1.400000000000000000e+01 3.800000000000000000e+01
2.660009988605851845e+02 1.400000000000000000e+01 3.800000000000000000e+01
2.670009988605854119e+02 1.400000000000000000e+01 3.400000000000000000e+01
2.680009988605856392e+02 1.400000000000000000e+01 3.200000000000000000e+01
2.690009988605858666e+02 1.300000000000000000e+01 3.100000000000000000e+01
2.700009988605860940e+02 1.300000000000000000e+01 3.100000000000000000e+01
2.710009988605863214e+02 1.100000000000000000e+01 3.100000000000000000e+01
2.720009988605865487e+02 1.000000000000000000e+01 3.000000000000000000e+01
2.730009988605867761e+02 1.000000000000000000e+01 3.000000000000000000e+01
2.740009988605870035e+02 1.100000000000000000e+01 2.000000000000000000e+01
2.750009988605872309e+02 1.100000000000000000e+01 2.000000000000000000e+01
2.760009988605874582e+02 1.100000000000000000e+01 2.000000000000000000e+01
2.770000158121644631e+02 1.100000000000000000e+01 2.100000000000000000e+01
2.780009988605879130e+02 1.100000000000000000e+01 2.000000000000000000e+01
2.790009988605881404e+02 1.200000000000000000e+01 1.900000000000000000e+01
2.800009988605883677e+02 1.200000000000000000e+01 1.800000000000000000e+01
2.810009988605885951e+02 1.200000000000000000e+01 1.800000000000000000e+01
2.820009988605888225e+02 9.000000000000000000e+00 1.500000000000000000e+01
2.830009988605890499e+02 1.000000000000000000e+01 1.300000000000000000e+01
2.840009988605892772e+02 1.000000000000000000e+01 1.300000000000000000e+01
2.850009988605895046e+02 1.000000000000000000e+01 1.300000000000000000e+01
2.860009988605897320e+02 1.100000000000000000e+01 1.400000000000000000e+01
2.870009988605899593e+02 1.100000000000000000e+01 1.500000000000000000e+01
2.880009988605901867e+02 1.100000000000000000e+01 1.500000000000000000e+01
2.890009988605904141e+02 9.000000000000000000e+00 1.800000000000000000e+01
2.900009988605906415e+02 9.000000000000000000e+00 1.800000000000000000e+01
2.910009988605908688e+02 9.000000000000000000e+00 1.900000000000000000e+01
2.920003533910241913e+02 1.000000000000000000e+01 1.900000000000000000e+01
2.930009988605913236e+02 1.100000000000000000e+01 2.100000000000000000e+01
2.940009988605915510e+02 1.200000000000000000e+01 2.000000000000000000e+01
2.950009988605917783e+02 1.200000000000000000e+01 2.400000000000000000e+01
2.960009988605920057e+02 1.300000000000000000e+01 2.200000000000000000e+01
2.970009988605922331e+02 1.300000000000000000e+01 2.100000000000000000e+01
2.980009988605924605e+02 1.400000000000000000e+01 2.100000000000000000e+01
2.990009988605926878e+02 1.400000000000000000e+01 2.200000000000000000e+01
3.000004557090572916e+02 1.600000000000000000e+01 2.300000000000000000e+01
