0.000000000000000000e+00 0.000000000000000000e+00 0.000000000000000000e+00
1.000487391293635620e+00 0.000000000000000000e+00 0.000000000000000000e+00
2.000487391293636286e+00 0.000000000000000000e+00 0.000000000000000000e+00
3.000487391293637174e+00 0.000000000000000000e+00 0.000000000000000000e+00
4.000487391293638062e+00 0.000000000000000000e+00 0.000000000000000000e+00
5.000487391293634509e+00 0.000000000000000000e+00 0.000000000000000000e+00
6.000487391293630957e+00 1.000000000000000000e+00 1.000000000000000000e+00
7.000333698637136948e+00 1.000000000000000000e+00 1.000000000000000000e+00
8.000487391293624739e+00 2.000000000000000000e+00 2.000000000000000000e+00
9.000487391293621187e+00 2.000000000000000000e+00 2.000000000000000000e+00
1.000048739129361763e+01 2.000000000000000000e+00 2.000000000000000000e+00
1.100048739129361408e+01 2.000000000000000000e+00 2.000000000000000000e+00
1.200048739129361053e+01 2.000000000000000000e+00 2.000000000000000000e+00
1.300048739129360698e+01 2.000000000000000000e+00 2.000000000000000000e+00
1.400048739129360342e+01 2.000000000000000000e+00 2.000000000000000000e+00
1.500048739129359987e+01 3.000000000000000000e+00 3.000000000000000000e+00
1.600048739129359632e+01 2.000000000000000000e+00 2.000000000000000000e+00
1.700048739129361053e+01 2.000000000000000000e+00 2.000000000000000000e+00
1.800009892399234701e+01 1.000000000000000000e+00 1.000000000000000000e+00
1.900022472567620468e+01 2.000000000000000000e+00 2.000000000000000000e+00
2.000048739129365316e+01 1.000000000000000000e+00 1.000000000000000000e+00
2.100048739129366737e+01 1.000000000000000000e+00 1.000000000000000000e+00
2.200048739129368158e+01 1.000000000000000000e+00 1.000000000000000000e+00
2.300048739129369579e+01 1.000000000000000000e+00 1.000000000000000000e+00
2.400048739129371000e+01 1.000000000000000000e+00 1.000000000000000000e+00
2.500048739129372422e+01 1.000000000000000000e+00 1.000000000000000000e+00
2.600001844965411379e+01 4.000000000000000000e+00 3.000000000000000000e+00
2.700048739129375264e+01 3.000000000000000000e+00 3.000000000000000000e+00
2.800048739129376685e+01 5.000000000000000000e+00 3.000000000000000000e+00
2.900048739129378106e+01 4.000000000000000000e+00 5.000000000000000000e+00
3.000048739129379527e+01 3.000000000000000000e+00 5.000000000000000000e+00
3.100048739129380948e+01 4.000000000000000000e+00 4.000000000000000000e+00
3.200048739129382369e+01 3.000000000000000000e+00 3.000000000000000000e+00
3.300048739129383790e+01 4.000000000000000000e+00 4.000000000000000000e+00
3.400048739129385211e+01 7.000000000000000000e+00 6.000000000000000000e+00
3.500048739129386632e+01 6.000000000000000000e+00 5.000000000000000000e+00
3.600048739129388053e+01 6.000000000000000000e+00 5.000000000000000000e+00
3.700048739129389475e+01 6.000000000000000000e+00 5.000000000000000000e+00
3.800048739129390896e+01 7.000000000000000000e+00 6.000000000000000000e+00
3.900048739129392317e+01 9.000000000000000000e+00 7.000000000000000000e+00
4.000048739129393738e+01 9.000000000000000000e+00 7.000000000000000000e+00
4.100048739129395159e+01 1.000000000000000000e+01 7.000000000000000000e+00
4.200048739129396580e+01 1.000000000000000000e+01 8.000000000000000000e+00
4.300048739129398001e+01 1.000000000000000000e+01 7.000000000000000000e+00
4.400048739129399422e+01 1.100000000000000000e+01 9.000000000000000000e+00
4.500048739129400843e+01 1.100000000000000000e+01 1.100000000000000000e+01
4.600048739129402264e+01 1.200000000000000000e+01 1.300000000000000000e+01
4.700048739129403685e+01 9.000000000000000000e+00 1.300000000000000000e+01
4.800048739129405106e+01 9.000000000000000000e+00 1.300000000000000000e+01
4.900048739129406528e+01 9.000000000000000000e+00 1.400000000000000000e+01
5.000048739129407949e+01 7.000000000000000000e+00 1.400000000000000000e+01
5.100048739129409370e+01 8.000000000000000000e+00 1.100000000000000000e+01
5.200048739129410791e+01 7.000000000000000000e+00 6.000000000000000000e+00
5.300048739129412212e+01 7.000000000000000000e+00 4.000000000000000000e+00
5.400048739129413633e+01 7.000000000000000000e+00 4.000000000000000000e+00
5.500048739129415054e+01 8.000000000000000000e+00 5.000000000000000000e+00
5.600048739129416475e+01 8.000000000000000000e+00 5.000000000000000000e+00
5.700048739129417896e+01 7.000000000000000000e+00 6.000000000000000000e+00
5.800048739129419317e+01 6.000000000000000000e+00 6.000000000000000000e+00
5.900048739129420738e+01 6.000000000000000000e+00 6.000000000000000000e+00
6.000048739129422160e+01 4.000000000000000000e+00 4.000000000000000000e+00
6.100048739129423581e+01 4.000000000000000000e+00 5.000000000000000000e+00
6.200048739129425002e+01 4.000000000000000000e+00 4.000000000000000000e+00
6.300048739129426423e+01 4.000000000000000000e+00 1.000000000000000000e+00
6.400048739129427133e+01 4.000000000000000000e+00 1.000000000000000000e+00
6.500038376989567723e+01 4.000000000000000000e+00 1.000000000000000000e+00
6.600048739129415765e+01 4.000000000000000000e+00 2.000000000000000000e+00
6.700048739129410080e+01 4.000000000000000000e+00 1.000000000000000000e+00
6.800048739129404396e+01 6.000000000000000000e+00 4.000000000000000000e+00
6.900048739129398712e+01 8.000000000000000000e+00 4.000000000000000000e+00
7.000022469593524477e+01 9.000000000000000000e+00 6.000000000000000000e+00
7.100048739129387343e+01 5.000000000000000000e+00 5.000000000000000000e+00
7.200048739129381659e+01 4.000000000000000000e+00 7.000000000000000000e+00
7.300048739129375974e+01 4.000000000000000000e+00 7.000000000000000000e+00
7.400048739129370290e+01 6.000000000000000000e+00 9.000000000000000000e+00
7.500003984967331405e+01 3.000000000000000000e+00 9.000000000000000000e+00
7.600048739129358921e+01 4.000000000000000000e+00 9.000000000000000000e+00
7.700048739129353237e+01 6.000000000000000000e+00 1.000000000000000000e+01
7.800048739129347553e+01 6.000000000000000000e+00 1.100000000000000000e+01
7.900048739129341868e+01 4.000000000000000000e+00 1.000000000000000000e+01
8.000048739129336184e+01 4.000000000000000000e+00 9.000000000000000000e+00
8.100048739129330500e+01 5.000000000000000000e+00 9.000000000000000000e+00
8.200048739129324815e+01 5.000000000000000000e+00 9.000000000000000000e+00
8.300048739129319131e+01 5.000000000000000000e+00 9.000000000000000000e+00
8.400048739129313446e+01 5.000000000000000000e+00 8.000000000000000000e+00
8.500030567491117495e+01 5.000000000000000000e+00 8.000000000000000000e+00
8.600048739129302078e+01 6.000000000000000000e+00 8.000000000000000000e+00
8.700048739129296393e+01 7.000000000000000000e+00 8.000000000000000000e+00
8.800048739129290709e+01 9.000000000000000000e+00 8.000000000000000000e+00
8.900048739129285025e+01 1.100000000000000000e+01 9.000000000000000000e+00
9.000048739129279340e+01 1.200000000000000000e+01 6.000000000000000000e+00
9.100048739129273656e+01 1.200000000000000000e+01 7.000000000000000000e+00
9.200048739129267972e+01 1.200000000000000000e+01 6.000000000000000000e+00
9.300048739129262287e+01 1.300000000000000000e+01 7.000000000000000000e+00
9.400048739129256603e+01 1.300000000000000000e+01 8.000000000000000000e+00
9.500048739129250919e+01 8.000000000000000000e+00 8.000000000000000000e+00
9.600048739129245234e+01 6.000000000000000000e+00 9.000000000000000000e+00
9.700048739129239550e+01 6.000000000000000000e+00 1.000000000000000000e+01
9.800048739129233866e+01 8.000000000000000000e+00 9.000000000000000000e+00
9.900048739129228181e+01 9.000000000000000000e+00 8.000000000000000000e+00
1.000004873912922250e+02 1.000000000000000000e+01 7.000000000000000000e+00
1.010004873912921681e+02 1.000000000000000000e+01 8.000000000000000000e+00
1.020004873912921113e+02 1.000000000000000000e+01 2.000000000000000000e+00
1.030004873912920544e+02 1.100000000000000000e+01 4.000000000000000000e+00
1.040004873912919976e+02 1.100000000000000000e+01 6.000000000000000000e+00
1.050004873912919408e+02 1.100000000000000000e+01 6.000000000000000000e+00
1.060004873912918839e+02 1.100000000000000000e+01 6.000000000000000000e+00
1.070004873912918271e+02 1.100000000000000000e+01 6.000000000000000000e+00
1.080004873912917702e+02 1.100000000000000000e+01 3.000000000000000000e+00
1.090004873912917134e+02 1.100000000000000000e+01 5.000000000000000000e+00
1.100004873912916565e+02 1.300000000000000000e+01 5.000000000000000000e+00
1.110004873912915997e+02 1.200000000000000000e+01 5.000000000000000000e+00
1.120004873912915428e+02 1.300000000000000000e+01 6.000000000000000000e+00
1.130004873912914860e+02 1.400000000000000000e+01 7.000000000000000000e+00
1.140004873912914292e+02 1.300000000000000000e+01 7.000000000000000000e+00
1.150004873912913723e+02 1.300000000000000000e+01 7.000000000000000000e+00
1.160004873912913155e+02 1.300000000000000000e+01 8.000000000000000000e+00
1.170004873912912586e+02 1.300000000000000000e+01 8.000000000000000000e+00
1.180004873912912018e+02 1.300000000000000000e+01 8.000000000000000000e+00
1.190004873912911449e+02 1.400000000000000000e+01 1.000000000000000000e+01
1.200004377852379918e+02 1.400000000000000000e+01 1.200000000000000000e+01
1.210004873912910313e+02 1.400000000000000000e+01 1.200000000000000000e+01
1.220004873912909744e+02 1.400000000000000000e+01 1.200000000000000000e+01
1.230004873912909176e+02 1.300000000000000000e+01 1.200000000000000000e+01
1.240004873912908607e+02 1.300000000000000000e+01 1.000000000000000000e+01
1.250004873912908039e+02 1.500000000000000000e+01 1.200000000000000000e+01
1.260004873912907470e+02 1.400000000000000000e+01 1.200000000000000000e+01
1.270004873912906902e+02 1.400000000000000000e+01 1.200000000000000000e+01
1.280004162896923390e+02 1.500000000000000000e+01 1.400000000000000000e+01
1.290004873912905907e+02 1.600000000000000000e+01 1.000000000000000000e+01
1.300004873912905339e+02 1.200000000000000000e+01 8.000000000000000000e+00
1.310004873912904770e+02 1.000000000000000000e+01 1.100000000000000000e+01
1.320004873912904202e+02 8.000000000000000000e+00 1.000000000000000000e+01
1.330004873912903633e+02 8.000000000000000000e+00 1.200000000000000000e+01
1.340004873912903065e+02 7.000000000000000000e+00 1.400000000000000000e+01
1.350004873912902497e+02 6.000000000000000000e+00 1.400000000000000000e+01
1.360004873912901928e+02 3.000000000000000000e+00 1.400000000000000000e+01
1.370004873912901360e+02 2.000000000000000000e+00 1.600000000000000000e+01
1.380004873912900791e+02 2.000000000000000000e+00 1.200000000000000000e+01
1.390004873912900223e+02 2.000000000000000000e+00 1.300000000000000000e+01
1.400004873912899654e+02 2.000000000000000000e+00 1.100000000000000000e+01
1.410004873912899086e+02 1.000000000000000000e+00 1.000000000000000000e+01
1.420004873912898518e+02 3.000000000000000000e+00 1.100000000000000000e+01
1.430004873912897949e+02 2.000000000000000000e+00 1.000000000000000000e+01
1.440004873912897381e+02 4.000000000000000000e+00 9.000000000000000000e+00
1.450004873912896812e+02 5.000000000000000000e+00 8.000000000000000000e+00
1.460004873912896244e+02 7.000000000000000000e+00 8.000000000000000000e+00
1.470004873912895675e+02 5.000000000000000000e+00 1.000000000000000000e+01
1.480004873912895107e+02 4.000000000000000000e+00 1.100000000000000000e+01
1.490004873912894539e+02 4.000000000000000000e+00 1.000000000000000000e+01
1.500003908890233788e+02 4.000000000000000000e+00 1.100000000000000000e+01
1.510002189024255301e+02 5.000000000000000000e+00 1.100000000000000000e+01
1.520004873912892833e+02 6.000000000000000000e+00 1.100000000000000000e+01
1.530004873912892265e+02 8.000000000000000000e+00 1.100000000000000000e+01
1.540004873912891696e+02 8.000000000000000000e+00 1.200000000000000000e+01
1.550004873912891128e+02 9.000000000000000000e+00 1.300000000000000000e+01
1.560004873912890559e+02 9.000000000000000000e+00 1.200000000000000000e+01
1.570004873912889991e+02 8.000000000000000000e+00 9.000000000000000000e+00
1.580004873912889423e+02 7.000000000000000000e+00 1.100000000000000000e+01
1.590004873912888854e+02 7.000000000000000000e+00 1.400000000000000000e+01
1.600004873912888286e+02 1.100000000000000000e+01 1.500000000000000000e+01
1.610004873912887717e+02 1.000000000000000000e+01 1.400000000000000000e+01
1.620004873912887149e+02 1.200000000000000000e+01 1.200000000000000000e+01
1.630004873912886580e+02 1.200000000000000000e+01 1.000000000000000000e+01
1.640004873912886012e+02 1.100000000000000000e+01 1.000000000000000000e+01
1.650004873912885444e+02 1.100000000000000000e+01 9.000000000000000000e+00
1.660004873912884875e+02 1.200000000000000000e+01 9.000000000000000000e+00
1.670004873912884307e+02 1.200000000000000000e+01 1.000000000000000000e+01
1.680004873912883738e+02 1.200000000000000000e+01 1.100000000000000000e+01
1.690004224007830658e+02 1.200000000000000000e+01 1.100000000000000000e+01
1.700004873912882601e+02 7.000000000000000000e+00 1.200000000000000000e+01
1.710004873912882033e+02 7.000000000000000000e+00 1.200000000000000000e+01
1.720004873912881465e+02 8.000000000000000000e+00 1.100000000000000000e+01
1.730004873912880896e+02 1.100000000000000000e+01 1.200000000000000000e+01
1.740004873912880328e+02 1.000000000000000000e+01 1.200000000000000000e+01
1.750004873912879759e+02 1.200000000000000000e+01 1.200000000000000000e+01
1.760004873912879191e+02 1.300000000000000000e+01 1.200000000000000000e+01
1.770002983964752730e+02 1.200000000000000000e+01 9.000000000000000000e+00
1.780004873912878054e+02 1.200000000000000000e+01 1.000000000000000000e+01
1.790004873912877486e+02 1.200000000000000000e+01 8.000000000000000000e+00
1.800004873912876917e+02 1.500000000000000000e+01 8.000000000000000000e+00
1.810004873912876349e+02 1.600000000000000000e+01 9.000000000000000000e+00
1.820003063237109870e+02 1.600000000000000000e+01 8.000000000000000000e+00
1.830004873912875212e+02 1.700000000000000000e+01 8.000000000000000000e+00
1.840004873912874643e+02 1.900000000000000000e+01 9.000000000000000000e+00
1.850004873912874075e+02 1.800000000000000000e+01 1.000000000000000000e+01
1.860004873912873506e+02 1.900000000000000000e+01 1.200000000000000000e+01
1.870004873912872938e+02 1.800000000000000000e+01 1.100000000000000000e+01
1.880000412482570766e+02 1.900000000000000000e+01 1.000000000000000000e+01
1.890004873912871801e+02 1.900000000000000000e+01 1.000000000000000000e+01
1.900004873912871233e+02 1.900000000000000000e+01 1.100000000000000000e+01
1.910004873912870664e+02 2.000000000000000000e+01 1.200000000000000000e+01
1.920004873912870096e+02 2.000000000000000000e+01 1.300000000000000000e+01
1.930004873912869527e+02 2.000000000000000000e+01 1.400000000000000000e+01
1.940004873912868959e+02 1.800000000000000000e+01 1.500000000000000000e+01
1.950002112990711964e+02 1.800000000000000000e+01 1.400000000000000000e+01
1.960004873912867822e+02 1.200000000000000000e+01 1.300000000000000000e+01
1.970004873912867254e+02 1.100000000000000000e+01 1.300000000000000000e+01
1.980004873912866685e+02 1.100000000000000000e+01 1.200000000000000000e+01
1.990004873912866117e+02 1.100000000000000000e+01 9.000000000000000000e+00
2.000004873912865548e+02 1.100000000000000000e+01 8.000000000000000000e+00
2.010004787272208091e+02 9.000000000000000000e+00 6.000000000000000000e+00
2.020004873912864412e+02 1.000000000000000000e+01 6.000000000000000000e+00
2.030004032794361706e+02 1.200000000000000000e+01 8.000000000000000000e+00
2.040004873912863275e+02 1.000000000000000000e+01 7.000000000000000000e+00
2.050004873912862706e+02 1.100000000000000000e+01 7.000000000000000000e+00
2.060004873912862138e+02 1.100000000000000000e+01 8.000000000000000000e+00
2.070004873912861569e+02 1.000000000000000000e+01 7.000000000000000000e+00
2.080004873912861001e+02 8.000000000000000000e+00 9.000000000000000000e+00
2.090000792973086732e+02 7.000000000000000000e+00 1.000000000000000000e+01
2.100004873912859864e+02 7.000000000000000000e+00 1.100000000000000000e+01
2.110004873912859296e+02 4.000000000000000000e+00 1.200000000000000000e+01
2.120004873912858727e+02 5.000000000000000000e+00 1.300000000000000000e+01
2.130001117067035068e+02 3.000000000000000000e+00 1.100000000000000000e+01
2.140004873912857590e+02 3.000000000000000000e+00 9.000000000000000000e+00
2.150004873912857022e+02 2.000000000000000000e+00 1.000000000000000000e+01
2.160004873912856453e+02 5.000000000000000000e+00 1.100000000000000000e+01
2.170004873912855885e+02 4.000000000000000000e+00 1.000000000000000000e+01
2.180003896621863646e+02 4.000000000000000000e+00 1.100000000000000000e+01
2.190004873912854748e+02 6.000000000000000000e+00 1.100000000000000000e+01
2.200004873912854180e+02 7.000000000000000000e+00 1.200000000000000000e+01
2.210004873912853611e+02 8.000000000000000000e+00 1.300000000000000000e+01
2.220004873912853043e+02 7.000000000000000000e+00 1.300000000000000000e+01
2.230004873912852474e+02 6.000000000000000000e+00 1.400000000000000000e+01
2.240000072008166114e+02 6.000000000000000000e+00 1.400000000000000000e+01
2.250004873912851338e+02 6.000000000000000000e+00 1.500000000000000000e+01
2.260004873912850769e+02 5.000000000000000000e+00 1.800000000000000000e+01
2.270004873912850201e+02 8.000000000000000000e+00 1.700000000000000000e+01
2.280004873912849632e+02 8.000000000000000000e+00 1.800000000000000000e+01
2.290004873912849064e+02 8.000000000000000000e+00 1.600000000000000000e+01
2.300004873912848495e+02 8.000000000000000000e+00 1.600000000000000000e+01
2.310004873912847927e+02 9.000000000000000000e+00 1.300000000000000000e+01
2.320004873912847358e+02 8.000000000000000000e+00 1.200000000000000000e+01
2.330004873912846790e+02 8.000000000000000000e+00 1.000000000000000000e+01
2.340004873912846222e+02 8.000000000000000000e+00 8.000000000000000000e+00
2.350004873912845653e+02 8.000000000000000000e+00 7.000000000000000000e+00
2.360004873912845085e+02 8.000000000000000000e+00 7.000000000000000000e+00
2.370004873912844516e+02 7.000000000000000000e+00 9.000000000000000000e+00
2.380004873912843948e+02 6.000000000000000000e+00 8.000000000000000000e+00
2.390004873912843379e+02 6.000000000000000000e+00 8.000000000000000000e+00
2.400004873912842811e+02 7.000000000000000000e+00 1.000000000000000000e+01
2.410004873912842243e+02 7.000000000000000000e+00 9.000000000000000000e+00
2.420004873912841674e+02 7.000000000000000000e+00 7.000000000000000000e+00
2.430004873912841106e+02 6.000000000000000000e+00 6.000000000000000000e+00
2.440004873912840537e+02 7.000000000000000000e+00 7.000000000000000000e+00
2.450004873912839969e+02 6.000000000000000000e+00 8.000000000000000000e+00
2.460004873912839400e+02 6.000000000000000000e+00 8.000000000000000000e+00
2.470004873912838832e+02 7.000000000000000000e+00 9.000000000000000000e+00
2.480004760879193384e+02 6.000000000000000000e+00 7.000000000000000000e+00
2.490004873912837695e+02 6.000000000000000000e+00 9.000000000000000000e+00
2.500004873912837127e+02 8.000000000000000000e+00 1.000000000000000000e+01
2.510004873912836558e+02 8.000000000000000000e+00 7.000000000000000000e+00
2.520004873912835990e+02 8.000000000000000000e+00 6.000000000000000000e+00
2.530004873912835421e+02 1.000000000000000000e+01 6.000000000000000000e+00
2.540004873912834853e+02 1.100000000000000000e+01 7.000000000000000000e+00
2.550004873912834285e+02 8.000000000000000000e+00 7.000000000000000000e+00
2.560004873912834000e+02 8.000000000000000000e+00 5.000000000000000000e+00
2.570002947113726464e+02 5.000000000000000000e+00 7.000000000000000000e+00
2.580004873912838548e+02 4.000000000000000000e+00 7.000000000000000000e+00
2.590004873912840822e+02 6.000000000000000000e+00 7.000000000000000000e+00
2.600004873912843095e+02 6.000000000000000000e+00 9.000000000000000000e+00
2.610004873912845369e+02 4.000000000000000000e+00 1.000000000000000000e+01
2.620004873912847643e+02 3.000000000000000000e+00 1.000000000000000000e+01
2.630004873912849916e+02 4.000000000000000000e+00 1.100000000000000000e+01
2.640004873912852190e+02 4.000000000000000000e+00 1.200000000000000000e+01
2.650004873912854464e+02 3.000000000000000000e+00 1.200000000000000000e+01
2.660004873912856738e+02 3.000000000000000000e+00 1.100000000000000000e+01
2.670004873912859011e+02 4.000000000000000000e+00 1.200000000000000000e+01
2.680004873912861285e+02 2.000000000000000000e+00 1.200000000000000000e+01
2.690004873912863559e+02 3.000000000000000000e+00 1.200000000000000000e+01
2.700004873912865833e+02 3.000000000000000000e+00 1.100000000000000000e+01
2.710004873912868106e+02 3.000000000000000000e+00 1.500000000000000000e+01
2.720004873912870380e+02 4.000000000000000000e+00 1.500000000000000000e+01
2.730004873912872654e+02 3.000000000000000000e+00 1.600000000000000000e+01
2.740004873912874928e+02 3.000000000000000000e+00 1.700000000000000000e+01
2.750004873912877201e+02 4.000000000000000000e+00 1.700000000000000000e+01
2.760004873912879475e+02 5.000000000000000000e+00 1.800000000000000000e+01
2.770000196648013002e+02 5.000000000000000000e+00 1.800000000000000000e+01
2.780004873912884023e+02 6.000000000000000000e+00 1.900000000000000000e+01
2.790004491024054687e+02 6.000000000000000000e+00 1.900000000000000000e+01
2.800003801761747582e+02 6.000000000000000000e+00 1.900000000000000000e+01
2.810004873912890844e+02 8.000000000000000000e+00 1.900000000000000000e+01
2.820000620866913437e+02 8.000000000000000000e+00 2.000000000000000000e+01
2.830004873912895391e+02 8.000000000000000000e+00 2.100000000000000000e+01
2.840004873912897665e+02 8.000000000000000000e+00 2.200000000000000000e+01
2.850004873912899939e+02 8.000000000000000000e+00 2.200000000000000000e+01
2.860004873912902212e+02 6.000000000000000000e+00 2.000000000000000000e+01
2.870004873912904486e+02 7.000000000000000000e+00 2.200000000000000000e+01
2.880004873912906760e+02 7.000000000000000000e+00 2.200000000000000000e+01
2.890004873912909034e+02 6.000000000000000000e+00 2.200000000000000000e+01
2.900004873912911307e+02 4.000000000000000000e+00 2.300000000000000000e+01
2.910004873912913581e+02 6.000000000000000000e+00 2.300000000000000000e+01
2.920004873912915855e+02 4.000000000000000000e+00 2.300000000000000000e+01
2.930004873912918129e+02 4.000000000000000000e+00 2.100000000000000000e+01
2.940004873912920402e+02 4.000000000000000000e+00 1.000000000000000000e+01
2.950004873912922676e+02 6.000000000000000000e+00 8.000000000000000000e+00
2.960004873912924950e+02 5.000000000000000000e+00 8.000000000000000000e+00
2.970004873912927224e+02 6.000000000000000000e+00 6.000000000000000000e+00
2.980004873912929497e+02 5.000000000000000000e+00 4.000000000000000000e+00
2.990004483171914558e+02 5.000000000000000000e+00 7.000000000000000000e+00
3.000004873912934045e+02 5.000000000000000000e+00 7.000000000000000000e+00
