0.000000000000000000e+00 0.000000000000000000e+00 0.000000000000000000e+00
1.000422179878115214e+00 2.000000000000000000e+00 2.000000000000000000e+00
2.000422179878115880e+00 3.000000000000000000e+00 3.000000000000000000e+00
3.000422179878116768e+00 4.000000000000000000e+00 4.000000000000000000e+00
4.000422179878117213e+00 5.000000000000000000e+00 5.000000000000000000e+00
5.000422179878113660e+00 5.000000000000000000e+00 5.000000000000000000e+00
6.000422179878110107e+00 5.000000000000000000e+00 5.000000000000000000e+00
7.000005165823997011e+00 5.000000000000000000e+00 5.000000000000000000e+00
8.000422179878103890e+00 5.000000000000000000e+00 5.000000000000000000e+00
9.000422179878100337e+00 6.000000000000000000e+00 6.000000000000000000e+00
1.000042217987809678e+01 7.000000000000000000e+00 7.000000000000000000e+00
1.100042217987809323e+01 8.000000000000000000e+00 8.000000000000000000e+00
1.200042217987808968e+01 9.000000000000000000e+00 9.000000000000000000e+00
1.300042217987808613e+01 8.000000000000000000e+00 7.000000000000000000e+00
1.400042217987808257e+01 9.000000000000000000e+00 8.000000000000000000e+00
1.500042217987807902e+01 8.000000000000000000e+00 7.000000000000000000e+00
1.600020882610132134e+01 9.000000000000000000e+00 8.000000000000000000e+00
1.700042217987808968e+01 9.000000000000000000e+00 8.000000000000000000e+00
1.800042217987810389e+01 7.000000000000000000e+00 6.000000000000000000e+00
1.900042217987811810e+01 7.000000000000000000e+00 6.000000000000000000e+00
2.000009224522762707e+01 6.000000000000000000e+00 5.000000000000000000e+00
2.100042217987814652e+01 7.000000000000000000e+00 6.000000000000000000e+00
2.200042217987816073e+01 7.000000000000000000e+00 6.000000000000000000e+00
2.300042217987817494e+01 9.000000000000000000e+00 8.000000000000000000e+00
2.400042217987818916e+01 9.000000000000000000e+00 8.000000000000000000e+00
2.500042217987820337e+01 9.000000000000000000e+00 8.000000000000000000e+00
2.600042217987821758e+01 9.000000000000000000e+00 8.000000000000000000e+00
2.700042217987823179e+01 9.000000000000000000e+00 8.000000000000000000e+00
2.800042217987824600e+01 9.000000000000000000e+00 8.000000000000000000e+00
2.900042217987826021e+01 1.000000000000000000e+01 9.000000000000000000e+00
3.000042217987827442e+01 9.000000000000000000e+00 8.000000000000000000e+00
3.100042217987828863e+01 1.100000000000000000e+01 1.000000000000000000e+01
3.200042217987829929e+01 1.100000000000000000e+01 1.000000000000000000e+01
3.300042217987831350e+01 1.100000000000000000e+01 1.100000000000000000e+01
3.400042217987832771e+01 1.100000000000000000e+01 1.100000000000000000e+01
3.500042217987834192e+01 1.100000000000000000e+01 1.000000000000000000e+01
3.600042217987835613e+01 1.300000000000000000e+01 1.200000000000000000e+01
3.700042217987837034e+01 1.400000000000000000e+01 1.300000000000000000e+01
3.800042217987838455e+01 1.400000000000000000e+01 1.300000000000000000e+01
3.900042217987839877e+01 1.500000000000000000e+01 1.300000000000000000e+01
4.000042217987841298e+01 1.600000000000000000e+01 1.400000000000000000e+01
4.100042217987842719e+01 1.600000000000000000e+01 1.400000000000000000e+01
4.200042217987844140e+01 1.700000000000000000e+01 1.500000000000000000e+01
4.300042217987845561e+01 1.800000000000000000e+01 1.600000000000000000e+01
4.400042217987846982e+01 1.900000000000000000e+01 1.700000000000000000e+01
4.500042217987848403e+01 1.900000000000000000e+01 1.700000000000000000e+01
4.600042217987849824e+01 1.900000000000000000e+01 1.600000000000000000e+01
4.700042217987851245e+01 2.100000000000000000e+01 1.800000000000000000e+01
4.800042217987852666e+01 2.200000000000000000e+01 1.900000000000000000e+01
4.900042217987854087e+01 2.200000000000000000e+01 1.800000000000000000e+01
5.000042217987855508e+01 2.200000000000000000e+01 1.800000000000000000e+01
5.100042217987856930e+01 2.000000000000000000e+01 1.800000000000000000e+01
5.200042217987858351e+01 2.000000000000000000e+01 1.800000000000000000e+01
5.300002253663683405e+01 2.100000000000000000e+01 2.200000000000000000e+01
5.400042217987861193e+01 2.000000000000000000e+01 2.100000000000000000e+01
5.500042217987862614e+01 1.600000000000000000e+01 1.900000000000000000e+01
5.600042217987864035e+01 1.700000000000000000e+01 2.000000000000000000e+01
5.700042217987865456e+01 1.600000000000000000e+01 2.000000000000000000e+01
5.800013595498722907e+01 1.900000000000000000e+01 2.100000000000000000e+01
5.900042217987868298e+01 1.800000000000000000e+01 2.200000000000000000e+01
6.000042217987869719e+01 1.700000000000000000e+01 2.300000000000000000e+01
6.100042217987871140e+01 1.700000000000000000e+01 2.300000000000000000e+01
6.200009937307225272e+01 1.500000000000000000e+01 2.300000000000000000e+01
6.300042217987873983e+01 1.500000000000000000e+01 2.300000000000000000e+01
6.400042217987875404e+01 1.400000000000000000e+01 2.300000000000000000e+01
6.500042217987869719e+01 1.300000000000000000e+01 2.500000000000000000e+01
6.600042217987864035e+01 1.100000000000000000e+01 2.600000000000000000e+01
6.700042217987858351e+01 1.000000000000000000e+01 2.700000000000000000e+01
6.800042217987852666e+01 1.000000000000000000e+01 2.700000000000000000e+01
6.900042217987846982e+01 1.300000000000000000e+01 3.000000000000000000e+01
7.000042217987841298e+01 1.200000000000000000e+01 3.100000000000000000e+01
7.100042217987835613e+01 1.100000000000000000e+01 3.100000000000000000e+01
7.200042217987829929e+01 1.000000000000000000e+01 2.800000000000000000e+01
7.300042217987824245e+01 1.300000000000000000e+01 2.900000000000000000e+01
7.400042217987818560e+01 1.400000000000000000e+01 3.100000000000000000e+01
7.500042217987812876e+01 1.600000000000000000e+01 3.100000000000000000e+01
7.600042217987807192e+01 1.600000000000000000e+01 3.200000000000000000e+01
7.700042217987801507e+01 1.500000000000000000e+01 3.400000000000000000e+01
7.800042217987795823e+01 1.300000000000000000e+01 3.500000000000000000e+01
7.900042217987790139e+01 1.200000000000000000e+01 3.500000000000000000e+01
8.000042217987784454e+01 1.400000000000000000e+01 3.200000000000000000e+01
8.100042217987778770e+01 1.300000000000000000e+01 3.100000000000000000e+01
8.200042217987773085e+01 1.400000000000000000e+01 3.200000000000000000e+01
8.300042217987767401e+01 1.400000000000000000e+01 3.400000000000000000e+01
8.400042217987761717e+01 1.400000000000000000e+01 3.500000000000000000e+01
8.500042217987756032e+01 1.400000000000000000e+01 3.400000000000000000e+01
8.600042217987750348e+01 1.400000000000000000e+01 3.400000000000000000e+01
8.700042217987744664e+01 1.500000000000000000e+01 3.500000000000000000e+01
8.800042217987738979e+01 1.800000000000000000e+01 3.600000000000000000e+01
8.900042217987733295e+01 1.900000000000000000e+01 3.600000000000000000e+01
9.000042217987727611e+01 1.800000000000000000e+01 3.600000000000000000e+01
9.100042217987721926e+01 1.400000000000000000e+01 3.600000000000000000e+01
9.200042217987716242e+01 1.300000000000000000e+01 3.800000000000000000e+01
9.300042217987710558e+01 1.400000000000000000e+01 3.800000000000000000e+01
9.400036027180711073e+01 1.500000000000000000e+01 3.900000000000000000e+01
9.500042217987699189e+01 1.600000000000000000e+01 3.900000000000000000e+01
9.600042217987693505e+01 1.600000000000000000e+01 3.900000000000000000e+01
9.700042217987687820e+01 1.700000000000000000e+01 3.900000000000000000e+01
9.800009450999128546e+01 1.700000000000000000e+01 3.900000000000000000e+01
9.900042217987676452e+01 1.800000000000000000e+01 4.000000000000000000e+01
1.000004221798767077e+02 2.200000000000000000e+01 3.900000000000000000e+01
1.010004221798766508e+02 2.200000000000000000e+01 3.700000000000000000e+01
1.020004221798765940e+02 2.200000000000000000e+01 3.500000000000000000e+01
1.030004221798765371e+02 2.200000000000000000e+01 3.500000000000000000e+01
1.040004221798764803e+02 2.200000000000000000e+01 3.500000000000000000e+01
1.050004221798764235e+02 2.400000000000000000e+01 3.800000000000000000e+01
1.060004221798763666e+02 2.700000000000000000e+01 3.900000000000000000e+01
1.070000939973544547e+02 2.600000000000000000e+01 3.900000000000000000e+01
1.080004221798762529e+02 2.300000000000000000e+01 3.900000000000000000e+01
1.090004221798761961e+02 2.200000000000000000e+01 4.000000000000000000e+01
1.100004221798761392e+02 2.200000000000000000e+01 3.600000000000000000e+01
1.110004221798760824e+02 1.900000000000000000e+01 3.200000000000000000e+01
1.120004221798760256e+02 1.900000000000000000e+01 2.900000000000000000e+01
1.130001224464641609e+02 1.500000000000000000e+01 2.800000000000000000e+01
1.140004221798759119e+02 1.400000000000000000e+01 2.800000000000000000e+01
1.150004221798758550e+02 1.400000000000000000e+01 2.900000000000000000e+01
1.160004221798757982e+02 1.600000000000000000e+01 2.800000000000000000e+01
1.170004221798757413e+02 1.500000000000000000e+01 2.700000000000000000e+01
1.180004221798756845e+02 1.800000000000000000e+01 3.000000000000000000e+01
1.190004221798756276e+02 1.800000000000000000e+01 2.600000000000000000e+01
1.200004221798755708e+02 1.800000000000000000e+01 2.500000000000000000e+01
1.210004221798755140e+02 1.700000000000000000e+01 2.500000000000000000e+01
1.220004221798754571e+02 1.700000000000000000e+01 2.500000000000000000e+01
1.230004221798754003e+02 1.600000000000000000e+01 2.500000000000000000e+01
1.240004221798753434e+02 1.600000000000000000e+01 2.400000000000000000e+01
1.250004221798752866e+02 1.400000000000000000e+01 2.200000000000000000e+01
1.260004221798752297e+02 1.200000000000000000e+01 2.200000000000000000e+01
1.270004221798751729e+02 1.300000000000000000e+01 2.200000000000000000e+01
1.280004221798751303e+02 1.300000000000000000e+01 1.600000000000000000e+01
1.290004221798750734e+02 1.300000000000000000e+01 1.600000000000000000e+01
1.300004221798750166e+02 1.400000000000000000e+01 1.700000000000000000e+01
1.310004221798749597e+02 1.400000000000000000e+01 1.700000000000000000e+01
1.320004221798749029e+02 1.500000000000000000e+01 1.400000000000000000e+01
1.330004221798748461e+02 1.500000000000000000e+01 1.200000000000000000e+01
1.340004221798747892e+02 1.600000000000000000e+01 1.200000000000000000e+01
1.350004221798747324e+02 1.600000000000000000e+01 1.200000000000000000e+01
1.360004221798746755e+02 1.600000000000000000e+01 1.300000000000000000e+01
1.370004221798746187e+02 1.600000000000000000e+01 1.200000000000000000e+01
1.380004221798745618e+02 1.600000000000000000e+01 1.100000000000000000e+01
1.390004221798745050e+02 1.600000000000000000e+01 7.000000000000000000e+00
1.400004221798744481e+02 1.600000000000000000e+01 4.000000000000000000e+00
1.410002545759653003e+02 1.500000000000000000e+01 4.000000000000000000e+00
1.420004221798743345e+02 1.500000000000000000e+01 5.000000000000000000e+00
1.430001215985992644e+02 1.500000000000000000e+01 7.000000000000000000e+00
1.440004221798742208e+02 1.500000000000000000e+01 7.000000000000000000e+00
1.450004221798741639e+02 1.500000000000000000e+01 7.000000000000000000e+00
1.460004221798741071e+02 1.400000000000000000e+01 8.000000000000000000e+00
1.470004221798740502e+02 1.300000000000000000e+01 8.000000000000000000e+00
1.480004221798739934e+02 9.000000000000000000e+00 8.000000000000000000e+00
1.490004221798739366e+02 1.100000000000000000e+01 9.000000000000000000e+00
1.500004221798738797e+02 7.000000000000000000e+00 9.000000000000000000e+00
1.510004221798738229e+02 6.000000000000000000e+00 9.000000000000000000e+00
1.520004221798737660e+02 6.000000000000000000e+00 9.000000000000000000e+00
1.530004221798737092e+02 5.000000000000000000e+00 1.100000000000000000e+01
1.540004221798736523e+02 6.000000000000000000e+00 1.100000000000000000e+01
1.550004221798735955e+02 5.000000000000000000e+00 1.100000000000000000e+01
1.560004221798735387e+02 5.000000000000000000e+00 1.200000000000000000e+01
1.570004221798734818e+02 8.000000000000000000e+00 1.400000000000000000e+01
1.580004221798734250e+02 9.000000000000000000e+00 1.300000000000000000e+01
1.590004221798733681e+02 8.000000000000000000e+00 1.300000000000000000e+01
1.600004221798733113e+02 8.000000000000000000e+00 1.300000000000000000e+01
1.610004221798732544e+02 8.000000000000000000e+00 1.300000000000000000e+01
1.620004221798731976e+02 1.100000000000000000e+01 1.500000000000000000e+01
1.630004221798731407e+02 1.300000000000000000e+01 1.300000000000000000e+01
1.640004221798730839e+02 1.200000000000000000e+01 1.100000000000000000e+01
1.650004221798730271e+02 1.200000000000000000e+01 1.200000000000000000e+01
1.660004221798729702e+02 1.400000000000000000e+01 1.300000000000000000e+01
1.670004221798729134e+02 1.600000000000000000e+01 1.300000000000000000e+01
1.680004221798728565e+02 1.800000000000000000e+01 1.000000000000000000e+01
1.690004221798727997e+02 1.800000000000000000e+01 8.000000000000000000e+00
1.700002385612246769e+02 1.900000000000000000e+01 4.000000000000000000e+00
1.710004221798726860e+02 1.800000000000000000e+01 5.000000000000000000e+00
1.720004221798726292e+02 1.800000000000000000e+01 5.000000000000000000e+00
1.730004221798725723e+02 1.800000000000000000e+01 1.000000000000000000e+00
1.740004221798725155e+02 1.800000000000000000e+01 0.000000000000000000e+00
1.750004221798724586e+02 1.700000000000000000e+01 0.000000000000000000e+00
1.760001182270775359e+02 1.300000000000000000e+01 0.000000000000000000e+00
1.770004221798723449e+02 1.100000000000000000e+01 0.000000000000000000e+00
1.780004221798722881e+02 1.200000000000000000e+01 1.000000000000000000e+00
1.790004221798722313e+02 1.300000000000000000e+01 1.000000000000000000e+00
1.800004221798721744e+02 1.400000000000000000e+01 1.000000000000000000e+00
1.810004221798721176e+02 1.500000000000000000e+01 1.000000000000000000e+00
1.820004221798720607e+02 1.500000000000000000e+01 2.000000000000000000e+00
1.830004221798720039e+02 1.400000000000000000e+01 4.000000000000000000e+00
1.840004221798719470e+02 1.400000000000000000e+01 4.000000000000000000e+00
1.850004221798718902e+02 1.500000000000000000e+01 3.000000000000000000e+00
1.860004221798718334e+02 1.300000000000000000e+01 2.000000000000000000e+00
1.870004221798717765e+02 1.400000000000000000e+01 2.000000000000000000e+00
1.880004221798717197e+02 1.200000000000000000e+01 5.000000000000000000e+00
1.890004221798716628e+02 1.200000000000000000e+01 5.000000000000000000e+00
1.900004221798716060e+02 1.200000000000000000e+01 4.000000000000000000e+00
1.910004221798715491e+02 1.100000000000000000e+01 5.000000000000000000e+00
1.920004221798714923e+02 1.200000000000000000e+01 5.000000000000000000e+00
1.930004221798714354e+02 1.200000000000000000e+01 5.000000000000000000e+00
1.940004221798713786e+02 1.200000000000000000e+01 5.000000000000000000e+00
1.950000435274083941e+02 1.200000000000000000e+01 6.000000000000000000e+00
1.960004221798712649e+02 1.300000000000000000e+01 6.000000000000000000e+00
1.970004221798712081e+02 1.300000000000000000e+01 6.000000000000000000e+00
1.980004221798711512e+02 1.400000000000000000e+01 6.000000000000000000e+00
1.990004221798710944e+02 1.400000000000000000e+01 7.000000000000000000e+00
2.000004221798710375e+02 1.500000000000000000e+01 6.000000000000000000e+00
2.010004221798709807e+02 1.700000000000000000e+01 4.000000000000000000e+00
2.020004221798709239e+02 1.700000000000000000e+01 5.000000000000000000e+00
2.030004221798708670e+02 1.800000000000000000e+01 3.000000000000000000e+00
2.040004221798708102e+02 1.800000000000000000e+01 3.000000000000000000e+00
2.050004221798707533e+02 1.800000000000000000e+01 5.000000000000000000e+00
2.060000542767109835e+02 1.900000000000000000e+01 5.000000000000000000e+00
2.070004221798706396e+02 1.800000000000000000e+01 5.000000000000000000e+00
2.080004221798705828e+02 1.800000000000000000e+01 5.000000000000000000e+00
2.090004221798705260e+02 1.800000000000000000e+01 7.000000000000000000e+00
2.100004221798704691e+02 2.000000000000000000e+01 8.000000000000000000e+00
2.110004221798704123e+02 1.800000000000000000e+01 8.000000000000000000e+00
2.120004221798703554e+02 1.800000000000000000e+01 1.000000000000000000e+01
2.130004221798702986e+02 1.700000000000000000e+01 9.000000000000000000e+00
2.140004221798702417e+02 1.700000000000000000e+01 7.000000000000000000e+00
2.150004221798701849e+02 1.700000000000000000e+01 6.000000000000000000e+00
2.160004221798701280e+02 1.800000000000000000e+01 7.000000000000000000e+00
2.170004221798700712e+02 1.900000000000000000e+01 7.000000000000000000e+00
2.180004221798700144e+02 1.800000000000000000e+01 9.000000000000000000e+00
2.190004221798699575e+02 1.800000000000000000e+01 9.000000000000000000e+00
2.200001633502212144e+02 1.900000000000000000e+01 9.000000000000000000e+00
2.210004221798698438e+02 1.600000000000000000e+01 9.000000000000000000e+00
2.220004221798697870e+02 1.500000000000000000e+01 9.000000000000000000e+00
2.230004221798697301e+02 1.600000000000000000e+01 1.000000000000000000e+01
2.240004221798696733e+02 1.700000000000000000e+01 1.000000000000000000e+01
2.250004221798696165e+02 1.700000000000000000e+01 1.300000000000000000e+01
2.260004221798695596e+02 2.000000000000000000e+01 1.000000000000000000e+01
2.270004221798695028e+02 2.000000000000000000e+01 1.000000000000000000e+01
2.280004221798694459e+02 2.100000000000000000e+01 1.100000000000000000e+01
2.290004221798693891e+02 2.100000000000000000e+01 9.000000000000000000e+00
2.300004221798693322e+02 2.100000000000000000e+01 9.000000000000000000e+00
2.310000462765805196e+02 2.200000000000000000e+01 9.000000000000000000e+00
2.320000241536317560e+02 2.200000000000000000e+01 1.200000000000000000e+01
2.330004221798691617e+02 2.300000000000000000e+01 1.300000000000000000e+01
2.340004221798691049e+02 2.400000000000000000e+01 1.100000000000000000e+01
2.350004221798690480e+02 2.400000000000000000e+01 1.100000000000000000e+01
2.360004221798689912e+02 2.500000000000000000e+01 9.000000000000000000e+00
2.370004016649334631e+02 2.500000000000000000e+01 9.000000000000000000e+00
2.380004221798688775e+02 2.600000000000000000e+01 9.000000000000000000e+00
2.390004221798688206e+02 2.600000000000000000e+01 8.000000000000000000e+00
2.400004221798687638e+02 2.600000000000000000e+01 8.000000000000000000e+00
2.410004221798687070e+02 2.700000000000000000e+01 6.000000000000000000e+00
2.420004221798686501e+02 2.500000000000000000e+01 2.000000000000000000e+00
2.430004221798685933e+02 2.400000000000000000e+01 1.000000000000000000e+00
2.440004221798685364e+02 2.400000000000000000e+01 1.000000000000000000e+00
2.450004221798684796e+02 2.600000000000000000e+01 1.000000000000000000e+00
2.460004221798684227e+02 2.700000000000000000e+01 3.000000000000000000e+00
2.470004221798683659e+02 2.700000000000000000e+01 1.000000000000000000e+00
2.480003063346299825e+02 2.700000000000000000e+01 1.000000000000000000e+00
2.490004221798682522e+02 2.800000000000000000e+01 3.000000000000000000e+00
2.500004221798681954e+02 2.800000000000000000e+01 2.000000000000000000e+00
2.510004221798681385e+02 2.600000000000000000e+01 2.000000000000000000e+00
2.520004221798680817e+02 2.400000000000000000e+01 3.000000000000000000e+00
2.530004221798680248e+02 2.300000000000000000e+01 4.000000000000000000e+00
2.540004221798679680e+02 1.400000000000000000e+01 2.000000000000000000e+00
2.550004221798679112e+02 1.200000000000000000e+01 2.000000000000000000e+00
2.560004221798678827e+02 9.000000000000000000e+00 4.000000000000000000e+00
2.570004221798681101e+02 9.000000000000000000e+00 6.000000000000000000e+00
2.580001480406855308e+02 7.000000000000000000e+00 6.000000000000000000e+00
2.590004221798685649e+02 3.000000000000000000e+00 6.000000000000000000e+00
2.600004221798687922e+02 3.000000000000000000e+00 7.000000000000000000e+00
2.610004221798690196e+02 3.000000000000000000e+00 8.000000000000000000e+00
2.620004221798692470e+02 6.000000000000000000e+00 9.000000000000000000e+00
2.630004221798694743e+02 5.000000000000000000e+00 9.000000000000000000e+00
2.640004221798697017e+02 4.000000000000000000e+00 9.000000000000000000e+00
2.650004221798699291e+02 5.000000000000000000e+00 1.000000000000000000e+01
2.660004221798701565e+02 5.000000000000000000e+00 1.100000000000000000e+01
2.670004221798703838e+02 7.000000000000000000e+00 1.100000000000000000e+01
2.680004221798706112e+02 8.000000000000000000e+00 1.300000000000000000e+01
2.690004221798708386e+02 1.100000000000000000e+01 1.300000000000000000e+01
2.700004221798710660e+02 1.300000000000000000e+01 1.300000000000000000e+01
2.710004221798712933e+02 1.400000000000000000e+01 1.300000000000000000e+01
2.720004221798715207e+02 1.500000000000000000e+01 1.600000000000000000e+01
2.730004221798717481e+02 1.700000000000000000e+01 1.700000000000000000e+01
2.740004221798719755e+02 1.700000000000000000e+01 1.700000000000000000e+01
2.750004221798722028e+02 1.700000000000000000e+01 1.800000000000000000e+01
2.760004221798724302e+02 1.800000000000000000e+01 1.900000000000000000e+01
2.770004221798726576e+02 1.700000000000000000e+01 1.700000000000000000e+01
2.780004221798728850e+02 2.000000000000000000e+01 1.900000000000000000e+01
2.790004221798731123e+02 2.100000000000000000e+01 1.600000000000000000e+01
2.800004221798733397e+02 2.000000000000000000e+01 1.500000000000000000e+01
2.810004221798735671e+02 1.800000000000000000e+01 1.400000000000000000e+01
2.820004221798737944e+02 1.800000000000000000e+01 1.400000000000000000e+01
2.830004221798740218e+02 1.800000000000000000e+01 1.200000000000000000e+01
2.840004221798742492e+02 2.000000000000000000e+01 9.000000000000000000e+00
2.850004221798744766e+02 2.000000000000000000e+01 9.000000000000000000e+00
2.860004221798747039e+02 2.000000000000000000e+01 9.000000000000000000e+00
2.870004221798749313e+02 2.000000000000000000e+01 1.000000000000000000e+01
2.880004221798751587e+02 1.700000000000000000e+01 1.000000000000000000e+01
2.890004221798753861e+02 1.800000000000000000e+01 8.000000000000000000e+00
2.900004221798756134e+02 1.800000000000000000e+01 6.000000000000000000e+00
2.910004221798758408e+02 1.900000000000000000e+01 6.000000000000000000e+00
2.920004221798760682e+02 2.000000000000000000e+01 3.000000000000000000e+00
2.930004221798762956e+02 2.000000000000000000e+01 4.000000000000000000e+00
2.940004221798765229e+02 2.100000000000000000e+01 2.000000000000000000e+00
2.950004221798767503e+02 2.200000000000000000e+01 2.000000000000000000e+00
2.960000073348657565e+02 2.400000000000000000e+01 3.000000000000000000e+00
2.970004221798772051e+02 2.300000000000000000e+01 1.000000000000000000e+00
2.980004221798774324e+02 2.500000000000000000e+01 1.000000000000000000e+00
2.990004221798776598e+02 2.700000000000000000e+01 2.000000000000000000e+00
3.000003924690762460e+02 2.700000000000000000e+01 4.000000000000000000e+00
