0.000000000000000000e+00 0.000000000000000000e+00 0.000000000000000000e+00
1.000092888049183726e+00 2.000000000000000000e+00 2.000000000000000000e+00
2.000092888049184392e+00 3.000000000000000000e+00 3.000000000000000000e+00
3.000092888049185280e+00 2.000000000000000000e+00 2.000000000000000000e+00
4.000092888049185724e+00 2.000000000000000000e+00 2.000000000000000000e+00
5.000092888049182172e+00 4.000000000000000000e+00 4.000000000000000000e+00
6.000092888049178619e+00 3.000000000000000000e+00 3.000000000000000000e+00
7.000092888049175066e+00 3.000000000000000000e+00 3.000000000000000000e+00
8.000092888049172402e+00 5.000000000000000000e+00 5.000000000000000000e+00
9.000092888049168849e+00 5.000000000000000000e+00 5.000000000000000000e+00
1.000009288804916530e+01 5.000000000000000000e+00 5.000000000000000000e+00
1.100009288804916174e+01 5.000000000000000000e+00 5.000000000000000000e+00
1.200009288804915819e+01 5.000000000000000000e+00 5.000000000000000000e+00
1.300009288804915464e+01 6.000000000000000000e+00 6.000000000000000000e+00
1.400009288804915109e+01 7.000000000000000000e+00 7.000000000000000000e+00
1.500009288804914753e+01 9.000000000000000000e+00 9.000000000000000000e+00
1.600009288804914576e+01 8.000000000000000000e+00 5.000000000000000000e+00
1.700009288804915997e+01 7.000000000000000000e+00 4.000000000000000000e+00
1.800009288804917418e+01 7.000000000000000000e+00 5.000000000000000000e+00
1.900009288804918839e+01 7.000000000000000000e+00 5.000000000000000000e+00
2.000009288804920260e+01 6.000000000000000000e+00 5.000000000000000000e+00
2.100009288804921681e+01 7.000000000000000000e+00 5.000000000000000000e+00
2.200009288804923102e+01 7.000000000000000000e+00 6.000000000000000000e+00
2.300009288804924523e+01 8.000000000000000000e+00 8.000000000000000000e+00
2.400009288804925944e+01 1.100000000000000000e+01 1.100000000000000000e+01
2.500009288804927365e+01 1.200000000000000000e+01 1.400000000000000000e+01
2.600009288804928786e+01 1.200000000000000000e+01 1.400000000000000000e+01
2.700009288804930208e+01 1.300000000000000000e+01 1.500000000000000000e+01
2.800009288804931629e+01 1.400000000000000000e+01 1.600000000000000000e+01
2.900009288804933050e+01 1.400000000000000000e+01 1.700000000000000000e+01
3.000009288804934471e+01 1.300000000000000000e+01 1.600000000000000000e+01
3.100009288804935892e+01 1.100000000000000000e+01 1.600000000000000000e+01
3.200009288804937313e+01 1.000000000000000000e+01 1.600000000000000000e+01
3.300009288804938734e+01 1.100000000000000000e+01 1.700000000000000000e+01
3.400009288804940155e+01 1.200000000000000000e+01 1.800000000000000000e+01
3.500009288804941576e+01 1.200000000000000000e+01 1.700000000000000000e+01
3.600009288804942997e+01 1.300000000000000000e+01 1.700000000000000000e+01
3.700009288804944418e+01 1.400000000000000000e+01 1.800000000000000000e+01
3.800009288804945840e+01 1.700000000000000000e+01 2.000000000000000000e+01
3.900009288804947261e+01 1.800000000000000000e+01 2.000000000000000000e+01
4.000007107779097737e+01 1.400000000000000000e+01 2.000000000000000000e+01
4.100009288804950103e+01 1.200000000000000000e+01 2.000000000000000000e+01
4.200009288804951524e+01 1.200000000000000000e+01 2.000000000000000000e+01
4.300009288804952945e+01 1.200000000000000000e+01 2.000000000000000000e+01
4.400009288804954366e+01 1.200000000000000000e+01 2.000000000000000000e+01
4.500009288804955787e+01 1.200000000000000000e+01 2.000000000000000000e+01
4.600009288804957208e+01 1.200000000000000000e+01 2.000000000000000000e+01
4.700009288804958629e+01 1.300000000000000000e+01 2.000000000000000000e+01
4.800009288804960050e+01 1.300000000000000000e+01 2.000000000000000000e+01
4.900009288804961471e+01 1.300000000000000000e+01 2.000000000000000000e+01
5.000009288804962893e+01 1.600000000000000000e+01 2.300000000000000000e+01
5.100009288804964314e+01 1.600000000000000000e+01 2.300000000000000000e+01
5.200009288804965735e+01 1.600000000000000000e+01 2.300000000000000000e+01
5.300009288804967156e+01 1.600000000000000000e+01 2.400000000000000000e+01
5.400009288804968577e+01 1.700000000000000000e+01 2.600000000000000000e+01
5.500009288804969998e+01 1.600000000000000000e+01 2.600000000000000000e+01
5.600009288804971419e+01 1.600000000000000000e+01 2.700000000000000000e+01
5.700009288804972840e+01 1.700000000000000000e+01 2.800000000000000000e+01
5.800009288804974261e+01 1.900000000000000000e+01 3.000000000000000000e+01
5.900009288804975682e+01 1.900000000000000000e+01 3.000000000000000000e+01
6.000009288804977103e+01 2.100000000000000000e+01 3.200000000000000000e+01
6.100009288804978524e+01 2.100000000000000000e+01 3.200000000000000000e+01
6.200009288804979946e+01 2.000000000000000000e+01 3.200000000000000000e+01
6.300009288804981367e+01 1.900000000000000000e+01 3.200000000000000000e+01
6.400009288804982077e+01 1.900000000000000000e+01 3.300000000000000000e+01
6.500009288804976393e+01 1.600000000000000000e+01 3.200000000000000000e+01
6.600009288804970708e+01 1.500000000000000000e+01 3.100000000000000000e+01
6.700009288804965024e+01 1.600000000000000000e+01 3.100000000000000000e+01
6.800009288804959340e+01 1.500000000000000000e+01 3.100000000000000000e+01
6.900009288804953655e+01 1.600000000000000000e+01 2.900000000000000000e+01
7.000009288804947971e+01 1.800000000000000000e+01 2.900000000000000000e+01
7.100009288804942287e+01 1.900000000000000000e+01 3.100000000000000000e+01
7.200009288804936602e+01 1.900000000000000000e+01 3.100000000000000000e+01
7.300005180438658670e+01 1.800000000000000000e+01 3.000000000000000000e+01
7.400009288804925234e+01 1.800000000000000000e+01 3.000000000000000000e+01
7.500009288804919549e+01 1.900000000000000000e+01 3.100000000000000000e+01
7.600009288804913865e+01 1.700000000000000000e+01 3.100000000000000000e+01
7.700009288804908181e+01 1.200000000000000000e+01 3.200000000000000000e+01
7.800009288804902496e+01 5.000000000000000000e+00 3.000000000000000000e+01
7.900009288804896812e+01 7.000000000000000000e+00 2.800000000000000000e+01
8.000009288804891128e+01 6.000000000000000000e+00 3.100000000000000000e+01
8.100009288804885443e+01 2.000000000000000000e+00 3.000000000000000000e+01
8.200009288804879759e+01 2.000000000000000000e+00 3.000000000000000000e+01
8.300009288804874075e+01 2.000000000000000000e+00 2.800000000000000000e+01
8.400009288804868390e+01 2.000000000000000000e+00 2.800000000000000000e+01
8.500009288804862706e+01 3.000000000000000000e+00 2.800000000000000000e+01
8.600009288804857022e+01 4.000000000000000000e+00 3.000000000000000000e+01
8.700009288804851337e+01 4.000000000000000000e+00 3.000000000000000000e+01
8.800009288804845653e+01 5.000000000000000000e+00 2.800000000000000000e+01
8.900009288804839969e+01 4.000000000000000000e+00 2.800000000000000000e+01
9.000009288804834284e+01 5.000000000000000000e+00 3.100000000000000000e+01
9.100009288804828600e+01 5.000000000000000000e+00 3.100000000000000000e+01
9.200009288804822916e+01 4.000000000000000000e+00 3.100000000000000000e+01
9.300009288804817231e+01 5.000000000000000000e+00 3.200000000000000000e+01
9.400009288804811547e+01 5.000000000000000000e+00 3.200000000000000000e+01
9.500009288804805863e+01 6.000000000000000000e+00 2.400000000000000000e+01
9.600002492789016628e+01 6.000000000000000000e+00 1.900000000000000000e+01
9.700009288804794494e+01 6.000000000000000000e+00 1.400000000000000000e+01
9.800009288804788810e+01 9.000000000000000000e+00 1.400000000000000000e+01
9.900009288804783125e+01 1.000000000000000000e+01 9.000000000000000000e+00
1.000000928880477744e+02 1.200000000000000000e+01 8.000000000000000000e+00
1.010000928880477176e+02 1.200000000000000000e+01 3.000000000000000000e+00
1.020000928880476607e+02 1.200000000000000000e+01 2.000000000000000000e+00
1.030000928880476039e+02 1.200000000000000000e+01 1.000000000000000000e+00
1.040000928880475470e+02 1.200000000000000000e+01 1.000000000000000000e+00
1.050000928880474902e+02 1.200000000000000000e+01 1.000000000000000000e+00
1.060000928880474333e+02 1.200000000000000000e+01 1.000000000000000000e+00
1.070000928880473765e+02 1.200000000000000000e+01 1.000000000000000000e+00
1.080000928880473197e+02 1.100000000000000000e+01 1.000000000000000000e+00
1.090000928880472628e+02 1.100000000000000000e+01 2.000000000000000000e+00
1.100000928880472060e+02 1.300000000000000000e+01 5.000000000000000000e+00
1.110000928880471491e+02 1.300000000000000000e+01 3.000000000000000000e+00
1.120000928880470923e+02 1.300000000000000000e+01 2.000000000000000000e+00
1.130000928880470354e+02 1.400000000000000000e+01 2.000000000000000000e+00
1.140000476181907203e+02 1.300000000000000000e+01 2.000000000000000000e+00
1.150000928880469218e+02 1.100000000000000000e+01 3.000000000000000000e+00
1.160000928880468649e+02 8.000000000000000000e+00 3.000000000000000000e+00
1.170000928880468081e+02 8.000000000000000000e+00 4.000000000000000000e+00
1.180000928880467512e+02 9.000000000000000000e+00 5.000000000000000000e+00
1.190000928880466944e+02 9.000000000000000000e+00 4.000000000000000000e+00
1.200000928880466375e+02 9.000000000000000000e+00 3.000000000000000000e+00
1.210000928880465807e+02 7.000000000000000000e+00 4.000000000000000000e+00
1.220000928880465239e+02 7.000000000000000000e+00 6.000000000000000000e+00
1.230000928880464670e+02 8.000000000000000000e+00 5.000000000000000000e+00
1.240000928880464102e+02 1.000000000000000000e+01 6.000000000000000000e+00
1.250000928880463533e+02 1.000000000000000000e+01 6.000000000000000000e+00
1.260000928880462965e+02 9.000000000000000000e+00 6.000000000000000000e+00
1.270000928880462396e+02 6.000000000000000000e+00 6.000000000000000000e+00
1.280000928880461970e+02 5.000000000000000000e+00 7.000000000000000000e+00
1.290000928880461402e+02 7.000000000000000000e+00 7.000000000000000000e+00
1.300000928880460833e+02 6.000000000000000000e+00 7.000000000000000000e+00
1.310000928880460265e+02 7.000000000000000000e+00 7.000000000000000000e+00
1.320000928880459696e+02 8.000000000000000000e+00 5.000000000000000000e+00
1.330000928880459128e+02 7.000000000000000000e+00 4.000000000000000000e+00
1.340000928880458559e+02 8.000000000000000000e+00 5.000000000000000000e+00
1.350000928880457991e+02 6.000000000000000000e+00 4.000000000000000000e+00
1.360000928880457423e+02 3.000000000000000000e+00 4.000000000000000000e+00
1.370000928880456854e+02 3.000000000000000000e+00 4.000000000000000000e+00
1.380000928880456286e+02 3.000000000000000000e+00 5.000000000000000000e+00
1.390000928880455717e+02 4.000000000000000000e+00 7.000000000000000000e+00
1.400000928880455149e+02 3.000000000000000000e+00 8.000000000000000000e+00
1.410000928880454580e+02 3.000000000000000000e+00 9.000000000000000000e+00
1.420000928880454012e+02 3.000000000000000000e+00 1.100000000000000000e+01
1.430000928880453444e+02 6.000000000000000000e+00 1.300000000000000000e+01
1.440000928880452875e+02 6.000000000000000000e+00 1.300000000000000000e+01
1.450000928880452307e+02 6.000000000000000000e+00 1.100000000000000000e+01
1.460000928880451738e+02 7.000000000000000000e+00 1.200000000000000000e+01
1.470000928880451170e+02 8.000000000000000000e+00 1.400000000000000000e+01
1.480000928880450601e+02 9.000000000000000000e+00 1.300000000000000000e+01
1.490000928880450033e+02 9.000000000000000000e+00 1.400000000000000000e+01
1.500000928880449464e+02 9.000000000000000000e+00 1.400000000000000000e+01
1.510000928880448896e+02 9.000000000000000000e+00 1.400000000000000000e+01
1.520000928880448328e+02 1.000000000000000000e+01 1.300000000000000000e+01
1.530000928880447759e+02 1.000000000000000000e+01 1.400000000000000000e+01
1.540000928880447191e+02 1.100000000000000000e+01 1.300000000000000000e+01
1.550000928880446622e+02 1.100000000000000000e+01 1.300000000000000000e+01
1.560000928880446054e+02 1.200000000000000000e+01 1.300000000000000000e+01
1.570000928880445485e+02 1.000000000000000000e+01 1.200000000000000000e+01
1.580000928880444917e+02 1.100000000000000000e+01 1.200000000000000000e+01
1.590000928880444349e+02 1.100000000000000000e+01 1.200000000000000000e+01
1.600000928880443780e+02 1.000000000000000000e+01 1.200000000000000000e+01
1.610000928880443212e+02 1.000000000000000000e+01 1.200000000000000000e+01
1.620000928880442643e+02 1.000000000000000000e+01 1.300000000000000000e+01
1.630000928880442075e+02 1.000000000000000000e+01 1.200000000000000000e+01
1.640000928880441506e+02 9.000000000000000000e+00 1.200000000000000000e+01
1.650000928880440938e+02 1.100000000000000000e+01 1.200000000000000000e+01
1.660000928880440370e+02 1.200000000000000000e+01 1.300000000000000000e+01
1.670000928880439801e+02 1.100000000000000000e+01 1.300000000000000000e+01
1.680000928880439233e+02 1.200000000000000000e+01 7.000000000000000000e+00
1.690000928880438664e+02 1.300000000000000000e+01 3.000000000000000000e+00
1.700000928880438096e+02 1.300000000000000000e+01 4.000000000000000000e+00
1.710000928880437527e+02 1.300000000000000000e+01 4.000000000000000000e+00
1.720000928880436959e+02 1.300000000000000000e+01 3.000000000000000000e+00
1.730000928880436391e+02 1.200000000000000000e+01 4.000000000000000000e+00
1.740000928880435822e+02 1.200000000000000000e+01 4.000000000000000000e+00
1.750000928880435254e+02 1.200000000000000000e+01 5.000000000000000000e+00
1.760000928880434685e+02 1.100000000000000000e+01 6.000000000000000000e+00
1.770000928880434117e+02 9.000000000000000000e+00 5.000000000000000000e+00
1.780000928880433548e+02 1.000000000000000000e+01 6.000000000000000000e+00
1.790000928880432980e+02 1.100000000000000000e+01 7.000000000000000000e+00
1.800000928880432411e+02 1.200000000000000000e+01 7.000000000000000000e+00
1.810000928880431843e+02 1.300000000000000000e+01 7.000000000000000000e+00
1.820000928880431275e+02 1.400000000000000000e+01 7.000000000000000000e+00
1.830000928880430706e+02 1.300000000000000000e+01 7.000000000000000000e+00
1.840000928880430138e+02 1.100000000000000000e+01 7.000000000000000000e+00
1.850000928880429569e+02 1.200000000000000000e+01 7.000000000000000000e+00
1.860000928880429001e+02 1.400000000000000000e+01 8.000000000000000000e+00
1.870000928880428432e+02 1.400000000000000000e+01 7.000000000000000000e+00
1.880000928880427864e+02 1.300000000000000000e+01 8.000000000000000000e+00
1.890000928880427296e+02 1.400000000000000000e+01 7.000000000000000000e+00
1.900000928880426727e+02 1.600000000000000000e+01 8.000000000000000000e+00
1.910000928880426159e+02 1.700000000000000000e+01 8.000000000000000000e+00
1.920000928880425590e+02 1.500000000000000000e+01 9.000000000000000000e+00
1.930000928880425022e+02 1.400000000000000000e+01 8.000000000000000000e+00
1.940000928880424453e+02 1.100000000000000000e+01 8.000000000000000000e+00
1.950000928880423885e+02 8.000000000000000000e+00 1.000000000000000000e+01
1.960000928880423317e+02 8.000000000000000000e+00 9.000000000000000000e+00
1.970000928880422748e+02 8.000000000000000000e+00 6.000000000000000000e+00
1.980000928880422180e+02 9.000000000000000000e+00 6.000000000000000000e+00
1.990000928880421611e+02 1.200000000000000000e+01 8.000000000000000000e+00
2.000000928880421043e+02 1.400000000000000000e+01 8.000000000000000000e+00
2.010000928880420474e+02 1.200000000000000000e+01 8.000000000000000000e+00
2.020000928880419906e+02 1.200000000000000000e+01 9.000000000000000000e+00
2.030000928880419337e+02 1.100000000000000000e+01 9.000000000000000000e+00
2.040000928880418769e+02 1.100000000000000000e+01 9.000000000000000000e+00
2.050000928880418201e+02 1.000000000000000000e+01 9.000000000000000000e+00
2.060000928880417632e+02 1.000000000000000000e+01 9.000000000000000000e+00
2.070000928880417064e+02 1.000000000000000000e+01 1.100000000000000000e+01
2.080000928880416495e+02 1.100000000000000000e+01 1.200000000000000000e+01
2.090000928880415927e+02 1.200000000000000000e+01 1.200000000000000000e+01
2.100000928880415358e+02 1.200000000000000000e+01 1.200000000000000000e+01
2.110000928880414790e+02 1.100000000000000000e+01 1.200000000000000000e+01
2.120000928880414222e+02 1.200000000000000000e+01 1.200000000000000000e+01
2.130000928880413653e+02 1.200000000000000000e+01 1.100000000000000000e+01
2.140000928880413085e+02 1.400000000000000000e+01 1.100000000000000000e+01
2.150000928880412516e+02 1.400000000000000000e+01 1.000000000000000000e+01
2.160000928880411948e+02 1.500000000000000000e+01 1.100000000000000000e+01
2.170000928880411379e+02 1.500000000000000000e+01 1.200000000000000000e+01
2.180000928880410811e+02 1.500000000000000000e+01 7.000000000000000000e+00
2.190000928880410243e+02 1.600000000000000000e+01 8.000000000000000000e+00
2.200000928880409674e+02 1.600000000000000000e+01 7.000000000000000000e+00
2.210000928880409106e+02 1.600000000000000000e+01 7.000000000000000000e+00
2.220000928880408537e+02 1.500000000000000000e+01 6.000000000000000000e+00
2.230000928880407969e+02 1.500000000000000000e+01 5.000000000000000000e+00
2.240000928880407400e+02 1.500000000000000000e+01 6.000000000000000000e+00
2.250000928880406832e+02 1.600000000000000000e+01 7.000000000000000000e+00
2.260000928880406263e+02 1.300000000000000000e+01 6.000000000000000000e+00
2.270000928880405695e+02 1.200000000000000000e+01 9.000000000000000000e+00
2.280000928880405127e+02 1.300000000000000000e+01 1.000000000000000000e+01
2.290000928880404558e+02 1.400000000000000000e+01 1.100000000000000000e+01
2.300000928880403990e+02 1.400000000000000000e+01 1.000000000000000000e+01
2.310000928880403421e+02 1.500000000000000000e+01 1.100000000000000000e+01
2.320000928880402853e+02 1.600000000000000000e+01 1.300000000000000000e+01
2.330000928880402284e+02 1.600000000000000000e+01 1.100000000000000000e+01
2.340000928880401716e+02 1.600000000000000000e+01 1.000000000000000000e+01
2.350000928880401148e+02 1.700000000000000000e+01 9.000000000000000000e+00
2.360000928880400579e+02 1.800000000000000000e+01 1.000000000000000000e+01
2.370000928880400011e+02 1.700000000000000000e+01 9.000000000000000000e+00
2.380000928880399442e+02 1.900000000000000000e+01 8.000000000000000000e+00
2.390000928880398874e+02 2.000000000000000000e+01 9.000000000000000000e+00
2.400000928880398305e+02 2.200000000000000000e+01 8.000000000000000000e+00
2.410000928880397737e+02 2.300000000000000000e+01 9.000000000000000000e+00
2.420000928880397169e+02 2.200000000000000000e+01 1.100000000000000000e+01
2.430000928880396600e+02 2.100000000000000000e+01 1.100000000000000000e+01
2.440000928880396032e+02 2.100000000000000000e+01 1.000000000000000000e+01
2.450000928880395463e+02 2.200000000000000000e+01 6.000000000000000000e+00
2.460000928880394895e+02 2.300000000000000000e+01 3.000000000000000000e+00
2.470000928880394326e+02 2.600000000000000000e+01 3.000000000000000000e+00
2.480000928880393758e+02 2.800000000000000000e+01 4.000000000000000000e+00
2.490000928880393190e+02 2.900000000000000000e+01 3.000000000000000000e+00
2.500000552372516154e+02 2.900000000000000000e+01 2.000000000000000000e+00
2.510000928880392053e+02 3.200000000000000000e+01 3.000000000000000000e+00
2.520000928880391484e+02 3.200000000000000000e+01 1.000000000000000000e+00
2.530000928880390916e+02 3.400000000000000000e+01 0.000000000000000000e+00
2.540000928880390347e+02 3.300000000000000000e+01 0.000000000000000000e+00
2.550000928880389779e+02 3.300000000000000000e+01 0.000000000000000000e+00
2.560000928880389210e+02 3.500000000000000000e+01 2.000000000000000000e+00
2.570000928880391484e+02 3.700000000000000000e+01 2.000000000000000000e+00
2.580000928880393758e+02 3.800000000000000000e+01 3.000000000000000000e+00
2.590000928880396032e+02 3.800000000000000000e+01 3.000000000000000000e+00
2.600000928880398305e+02 3.900000000000000000e+01 2.000000000000000000e+00
2.610000928880400579e+02 3.800000000000000000e+01 3.000000000000000000e+00
2.620000928880402853e+02 3.800000000000000000e+01 2.000000000000000000e+00
2.630000928880405127e+02 3.800000000000000000e+01 3.000000000000000000e+00
2.640000928880407400e+02 4.000000000000000000e+01 4.000000000000000000e+00
2.650000928880409674e+02 3.800000000000000000e+01 5.000000000000000000e+00
2.660000928880411948e+02 3.600000000000000000e+01 4.000000000000000000e+00
2.670000928880414222e+02 3.400000000000000000e+01 3.000000000000000000e+00
2.680000928880416495e+02 3.300000000000000000e+01 2.000000000000000000e+00
2.690000928880418769e+02 3.300000000000000000e+01 4.000000000000000000e+00
2.700000928880421043e+02 2.900000000000000000e+01 5.000000000000000000e+00
2.710000928880423317e+02 2.800000000000000000e+01 5.000000000000000000e+00
2.720000928880425590e+02 2.800000000000000000e+01 5.000000000000000000e+00
2.730000928880427864e+02 2.800000000000000000e+01 6.000000000000000000e+00
2.740000928880430138e+02 2.700000000000000000e+01 7.000000000000000000e+00
2.750000928880432411e+02 2.700000000000000000e+01 6.000000000000000000e+00
2.760000928880434685e+02 2.700000000000000000e+01 6.000000000000000000e+00
2.770000928880436959e+02 2.500000000000000000e+01 7.000000000000000000e+00
2.780000928880439233e+02 2.400000000000000000e+01 1.100000000000000000e+01
2.790000928880441506e+02 2.400000000000000000e+01 1.200000000000000000e+01
2.800000928880443780e+02 2.500000000000000000e+01 1.400000000000000000e+01
2.810000928880446054e+02 2.500000000000000000e+01 1.400000000000000000e+01
2.820000928880448328e+02 2.500000000000000000e+01 1.400000000000000000e+01
2.830000928880450601e+02 2.000000000000000000e+01 1.400000000000000000e+01
2.840000928880452875e+02 1.000000000000000000e+01 1.400000000000000000e+01
2.850000928880455149e+02 5.000000000000000000e+00 1.600000000000000000e+01
2.860000928880457423e+02 4.000000000000000000e+00 1.600000000000000000e+01
2.870000928880459696e+02 5.000000000000000000e+00 1.700000000000000000e+01
2.880000928880461970e+02 4.000000000000000000e+00 1.900000000000000000e+01
2.890000928880464244e+02 5.000000000000000000e+00 1.800000000000000000e+01
2.900000928880466518e+02 6.000000000000000000e+00 1.700000000000000000e+01
2.910000928880468791e+02 7.000000000000000000e+00 1.800000000000000000e+01
2.920000928880471065e+02 6.000000000000000000e+00 1.700000000000000000e+01
2.930000928880473339e+02 7.000000000000000000e+00 1.600000000000000000e+01
2.940000791983469526e+02 7.000000000000000000e+00 1.400000000000000000e+01
2.950000928880477886e+02 7.000000000000000000e+00 1.200000000000000000e+01
2.960000928880480160e+02 9.000000000000000000e+00 1.100000000000000000e+01
2.970000928880482434e+02 9.000000000000000000e+00 1.200000000000000000e+01
2.980000928880484707e+02 7.000000000000000000e+00 1.200000000000000000e+01
2.990000928880486981e+02 5.000000000000000000e+00 1.300000000000000000e+01
3.000000928880489255e+02 6.000000000000000000e+00 1.300000000000000000e+01
