0.000000000000000000e+00 0.000000000000000000e+00 0.000000000000000000e+00
1.000078183892352479e+00 2.000000000000000000e+00 2.000000000000000000e+00
2.000078183892353145e+00 4.000000000000000000e+00 4.000000000000000000e+00
3.000078183892354033e+00 4.000000000000000000e+00 4.000000000000000000e+00
4.000078183892354922e+00 4.000000000000000000e+00 4.000000000000000000e+00
5.000078183892351369e+00 6.000000000000000000e+00 6.000000000000000000e+00
6.000078183892347816e+00 8.000000000000000000e+00 8.000000000000000000e+00
7.000078183892344263e+00 8.000000000000000000e+00 8.000000000000000000e+00
8.000078183892341599e+00 1.000000000000000000e+01 1.000000000000000000e+01
9.000078183892338046e+00 1.400000000000000000e+01 1.400000000000000000e+01
1.000007818389233449e+01 1.500000000000000000e+01 1.500000000000000000e+01
1.100007818389233094e+01 1.600000000000000000e+01 1.600000000000000000e+01
1.200007818389232739e+01 1.500000000000000000e+01 1.500000000000000000e+01
1.300007818389232384e+01 1.500000000000000000e+01 1.500000000000000000e+01
1.400007818389232028e+01 1.600000000000000000e+01 1.600000000000000000e+01
1.500007818389231673e+01 1.600000000000000000e+01 1.600000000000000000e+01
1.600007818389231318e+01 1.700000000000000000e+01 1.700000000000000000e+01
1.700007818389232739e+01 1.800000000000000000e+01 1.900000000000000000e+01
1.800007818389234160e+01 1.800000000000000000e+01 1.800000000000000000e+01
1.900007818389235581e+01 1.900000000000000000e+01 1.800000000000000000e+01
2.000007818389237002e+01 2.000000000000000000e+01 1.900000000000000000e+01
2.100007818389238423e+01 1.900000000000000000e+01 1.800000000000000000e+01
2.200007818389239844e+01 1.300000000000000000e+01 1.500000000000000000e+01
2.300007818389241265e+01 1.000000000000000000e+01 1.000000000000000000e+01
2.400007818389242686e+01 6.000000000000000000e+00 1.000000000000000000e+01
2.500007818389244107e+01 8.000000000000000000e+00 1.000000000000000000e+01
2.600007818389245529e+01 8.000000000000000000e+00 8.000000000000000000e+00
2.700007818389246950e+01 9.000000000000000000e+00 8.000000000000000000e+00
2.800007818389248371e+01 1.000000000000000000e+01 8.000000000000000000e+00
2.900007818389249792e+01 1.100000000000000000e+01 8.000000000000000000e+00
3.000007818389251213e+01 1.000000000000000000e+01 8.000000000000000000e+00
3.100007818389252634e+01 1.100000000000000000e+01 8.000000000000000000e+00
3.200007818389254055e+01 1.300000000000000000e+01 8.000000000000000000e+00
3.300007818389255476e+01 1.300000000000000000e+01 9.000000000000000000e+00
3.400007818389256897e+01 1.000000000000000000e+01 1.100000000000000000e+01
3.500007818389258318e+01 1.100000000000000000e+01 1.300000000000000000e+01
3.600007818389259739e+01 1.000000000000000000e+01 1.300000000000000000e+01
3.700007818389261161e+01 1.100000000000000000e+01 1.500000000000000000e+01
3.800007818389262582e+01 1.100000000000000000e+01 1.000000000000000000e+01
3.900007818389264003e+01 1.100000000000000000e+01 8.000000000000000000e+00
4.000007818389265424e+01 9.000000000000000000e+00 5.000000000000000000e+00
4.100007818389266845e+01 9.000000000000000000e+00 4.000000000000000000e+00
4.200007818389268266e+01 1.000000000000000000e+01 5.000000000000000000e+00
4.300007818389269687e+01 1.000000000000000000e+01 4.000000000000000000e+00
4.400007818389271108e+01 1.000000000000000000e+01 1.000000000000000000e+00
4.500007818389272529e+01 1.000000000000000000e+01 2.000000000000000000e+00
4.600004815111503831e+01 1.100000000000000000e+01 4.000000000000000000e+00
4.700007818389275371e+01 1.300000000000000000e+01 7.000000000000000000e+00
4.800007818389276792e+01 1.400000000000000000e+01 7.000000000000000000e+00
4.900007818389278214e+01 1.400000000000000000e+01 6.000000000000000000e+00
5.000007818389279635e+01 1.500000000000000000e+01 6.000000000000000000e+00
5.100007818389281056e+01 1.400000000000000000e+01 6.000000000000000000e+00
5.200007818389282477e+01 1.600000000000000000e+01 7.000000000000000000e+00
5.300007818389283898e+01 1.800000000000000000e+01 1.000000000000000000e+01
5.400007818389285319e+01 1.600000000000000000e+01 1.000000000000000000e+01
5.500007818389286740e+01 1.400000000000000000e+01 9.000000000000000000e+00
5.600007818389288161e+01 1.500000000000000000e+01 1.100000000000000000e+01
5.700007818389289582e+01 1.500000000000000000e+01 1.100000000000000000e+01
5.800007818389291003e+01 1.600000000000000000e+01 1.200000000000000000e+01
5.900007818389292424e+01 1.500000000000000000e+01 1.400000000000000000e+01
6.000007818389293845e+01 1.600000000000000000e+01 1.400000000000000000e+01
6.100007818389295267e+01 1.500000000000000000e+01 1.400000000000000000e+01
6.200007818389296688e+01 1.500000000000000000e+01 1.500000000000000000e+01
6.300007818389298109e+01 1.400000000000000000e+01 1.700000000000000000e+01
6.400007818389299530e+01 1.500000000000000000e+01 1.800000000000000000e+01
6.500007818389293845e+01 1.500000000000000000e+01 1.700000000000000000e+01
6.600007818389288161e+01 1.500000000000000000e+01 1.700000000000000000e+01
6.700007818389282477e+01 1.600000000000000000e+01 1.800000000000000000e+01
6.800007818389276792e+01 1.700000000000000000e+01 1.900000000000000000e+01
6.900007818389271108e+01 1.600000000000000000e+01 1.900000000000000000e+01
7.000007818389265424e+01 1.800000000000000000e+01 2.000000000000000000e+01
7.100007818389259739e+01 1.500000000000000000e+01 1.800000000000000000e+01
7.200007818389254055e+01 1.200000000000000000e+01 1.700000000000000000e+01
7.300007818389248371e+01 1.400000000000000000e+01 1.900000000000000000e+01
7.400007818389242686e+01 1.300000000000000000e+01 2.000000000000000000e+01
7.500007818389237002e+01 1.400000000000000000e+01 2.100000000000000000e+01
7.600000023775172053e+01 1.400000000000000000e+01 2.200000000000000000e+01
7.700007818389225633e+01 1.500000000000000000e+01 2.200000000000000000e+01
7.800007818389219949e+01 1.400000000000000000e+01 2.200000000000000000e+01
7.900007818389214265e+01 1.400000000000000000e+01 2.200000000000000000e+01
8.000007818389208580e+01 1.400000000000000000e+01 2.200000000000000000e+01
8.100007818389202896e+01 1.500000000000000000e+01 2.100000000000000000e+01
8.200007818389197212e+01 1.800000000000000000e+01 2.100000000000000000e+01
8.300007818389191527e+01 1.500000000000000000e+01 2.000000000000000000e+01
8.400007818389185843e+01 1.400000000000000000e+01 2.000000000000000000e+01
8.500007818389180159e+01 1.400000000000000000e+01 1.900000000000000000e+01
8.600007818389174474e+01 1.500000000000000000e+01 1.500000000000000000e+01
8.700007818389168790e+01 1.600000000000000000e+01 1.000000000000000000e+01
8.800007818389163106e+01 1.600000000000000000e+01 8.000000000000000000e+00
8.900007818389157421e+01 1.400000000000000000e+01 7.000000000000000000e+00
9.000007818389151737e+01 1.600000000000000000e+01 8.000000000000000000e+00
9.100007818389146053e+01 1.600000000000000000e+01 7.000000000000000000e+00
9.200007818389140368e+01 1.700000000000000000e+01 6.000000000000000000e+00
9.300007818389134684e+01 1.800000000000000000e+01 6.000000000000000000e+00
9.400007818389129000e+01 2.000000000000000000e+01 8.000000000000000000e+00
9.500007818389123315e+01 1.900000000000000000e+01 8.000000000000000000e+00
9.600007818389117631e+01 1.900000000000000000e+01 8.000000000000000000e+00
9.700007818389111947e+01 1.900000000000000000e+01 8.000000000000000000e+00
9.800007818389106262e+01 1.900000000000000000e+01 8.000000000000000000e+00
9.900007818389100578e+01 2.000000000000000000e+01 7.000000000000000000e+00
1.000000781838909489e+02 2.100000000000000000e+01 7.000000000000000000e+00
1.010000781838908921e+02 2.200000000000000000e+01 7.000000000000000000e+00
1.020000781838908352e+02 2.100000000000000000e+01 7.000000000000000000e+00
1.030000781838907784e+02 1.900000000000000000e+01 7.000000000000000000e+00
1.040000781838907216e+02 2.000000000000000000e+01 7.000000000000000000e+00
1.050000781838906647e+02 2.100000000000000000e+01 8.000000000000000000e+00
1.060000781838906079e+02 2.200000000000000000e+01 9.000000000000000000e+00
1.070000781838905510e+02 2.200000000000000000e+01 8.000000000000000000e+00
1.080000781838904942e+02 2.400000000000000000e+01 9.000000000000000000e+00
1.090000781838904373e+02 2.500000000000000000e+01 9.000000000000000000e+00
1.100000781838903805e+02 2.700000000000000000e+01 1.000000000000000000e+01
1.110000781838903237e+02 2.800000000000000000e+01 1.200000000000000000e+01
1.120000781838902668e+02 2.800000000000000000e+01 1.200000000000000000e+01
1.130000781838902100e+02 2.700000000000000000e+01 1.300000000000000000e+01
1.140000781838901531e+02 2.700000000000000000e+01 1.300000000000000000e+01
1.150000781838900963e+02 2.700000000000000000e+01 1.300000000000000000e+01
1.160000781838900394e+02 2.700000000000000000e+01 1.300000000000000000e+01
1.170000781838899826e+02 2.800000000000000000e+01 1.300000000000000000e+01
1.180000781838899258e+02 2.700000000000000000e+01 1.300000000000000000e+01
1.190000781838898689e+02 2.700000000000000000e+01 1.300000000000000000e+01
1.200000781838898121e+02 2.600000000000000000e+01 1.300000000000000000e+01
1.210000781838897552e+02 2.300000000000000000e+01 1.000000000000000000e+01
1.220000781838896984e+02 1.600000000000000000e+01 9.000000000000000000e+00
1.230000781838896415e+02 1.200000000000000000e+01 8.000000000000000000e+00
1.240000781838895847e+02 1.000000000000000000e+01 7.000000000000000000e+00
1.250000781838895278e+02 9.000000000000000000e+00 8.000000000000000000e+00
1.260000781838894710e+02 9.000000000000000000e+00 9.000000000000000000e+00
1.270000781838894142e+02 8.000000000000000000e+00 1.000000000000000000e+01
1.280000781838893715e+02 8.000000000000000000e+00 1.200000000000000000e+01
1.290000781838893147e+02 7.000000000000000000e+00 1.600000000000000000e+01
1.300000781838892578e+02 8.000000000000000000e+00 1.700000000000000000e+01
1.310000781838892010e+02 8.000000000000000000e+00 1.700000000000000000e+01
1.320000781838891442e+02 9.000000000000000000e+00 1.800000000000000000e+01
1.330000781838890873e+02 1.000000000000000000e+01 1.900000000000000000e+01
1.340000781838890305e+02 8.000000000000000000e+00 2.100000000000000000e+01
1.350000781838889736e+02 9.000000000000000000e+00 1.900000000000000000e+01
1.360000781838889168e+02 1.000000000000000000e+01 1.700000000000000000e+01
1.370000781838888599e+02 6.000000000000000000e+00 1.800000000000000000e+01
1.380000781838888031e+02 3.000000000000000000e+00 1.700000000000000000e+01
1.390000781838887463e+02 3.000000000000000000e+00 1.600000000000000000e+01
1.400000781838886894e+02 3.000000000000000000e+00 1.400000000000000000e+01
1.410000781838886326e+02 3.000000000000000000e+00 1.400000000000000000e+01
1.420000781838885757e+02 3.000000000000000000e+00 1.500000000000000000e+01
1.430000781838885189e+02 3.000000000000000000e+00 1.500000000000000000e+01
1.440000781838884620e+02 3.000000000000000000e+00 1.400000000000000000e+01
1.450000781838884052e+02 3.000000000000000000e+00 1.400000000000000000e+01
1.460000781838883483e+02 5.000000000000000000e+00 1.500000000000000000e+01
1.470000781838882915e+02 5.000000000000000000e+00 1.600000000000000000e+01
1.480000781838882347e+02 5.000000000000000000e+00 1.700000000000000000e+01
1.490000781838881778e+02 6.000000000000000000e+00 1.800000000000000000e+01
1.500000781838881210e+02 7.000000000000000000e+00 1.800000000000000000e+01
1.510000781838880641e+02 6.000000000000000000e+00 1.900000000000000000e+01
1.520000781838880073e+02 6.000000000000000000e+00 1.900000000000000000e+01
1.530000781838879504e+02 6.000000000000000000e+00 2.100000000000000000e+01
1.540000781838878936e+02 8.000000000000000000e+00 2.200000000000000000e+01
1.550000781838878368e+02 7.000000000000000000e+00 2.400000000000000000e+01
1.560000781838877799e+02 5.000000000000000000e+00 2.400000000000000000e+01
1.570000781838877231e+02 5.000000000000000000e+00 2.500000000000000000e+01
1.580000781838876662e+02 8.000000000000000000e+00 2.600000000000000000e+01
1.590000781838876094e+02 7.000000000000000000e+00 2.700000000000000000e+01
1.600000781838875525e+02 7.000000000000000000e+00 2.900000000000000000e+01
1.610000781838874957e+02 7.000000000000000000e+00 2.900000000000000000e+01
1.620000781838874389e+02 8.000000000000000000e+00 2.400000000000000000e+01
1.630000749246346459e+02 8.000000000000000000e+00 2.400000000000000000e+01
1.640000781838873252e+02 8.000000000000000000e+00 2.100000000000000000e+01
1.650000781838872683e+02 8.000000000000000000e+00 1.900000000000000000e+01
1.660000781838872115e+02 1.100000000000000000e+01 1.700000000000000000e+01
1.670000781838871546e+02 1.300000000000000000e+01 1.600000000000000000e+01
1.680000781838870978e+02 1.300000000000000000e+01 1.700000000000000000e+01
1.690000781838870410e+02 1.400000000000000000e+01 1.700000000000000000e+01
1.700000781838869841e+02 1.400000000000000000e+01 1.600000000000000000e+01
1.710000781838869273e+02 1.500000000000000000e+01 1.600000000000000000e+01
1.720000781838868704e+02 1.700000000000000000e+01 1.800000000000000000e+01
1.730000781838868136e+02 1.800000000000000000e+01 1.800000000000000000e+01
1.740000781838867567e+02 1.800000000000000000e+01 1.800000000000000000e+01
1.750000781838866999e+02 2.000000000000000000e+01 1.800000000000000000e+01
1.760000781838866430e+02 2.000000000000000000e+01 1.900000000000000000e+01
1.770000781838865862e+02 2.000000000000000000e+01 2.100000000000000000e+01
1.780000781838865294e+02 2.000000000000000000e+01 2.100000000000000000e+01
1.790000781838864725e+02 2.100000000000000000e+01 2.100000000000000000e+01
1.800000781838864157e+02 2.200000000000000000e+01 2.300000000000000000e+01
1.810000781838863588e+02 2.200000000000000000e+01 2.300000000000000000e+01
1.820000781838863020e+02 2.300000000000000000e+01 2.300000000000000000e+01
1.830000781838862451e+02 2.300000000000000000e+01 2.200000000000000000e+01
1.840000781838861883e+02 2.200000000000000000e+01 2.100000000000000000e+01
1.850000781838861315e+02 2.100000000000000000e+01 2.200000000000000000e+01
1.860000781838860746e+02 2.200000000000000000e+01 2.300000000000000000e+01
1.870000781838860178e+02 2.200000000000000000e+01 2.300000000000000000e+01
1.880000781838859609e+02 2.200000000000000000e+01 2.300000000000000000e+01
1.890000781838859041e+02 2.000000000000000000e+01 2.300000000000000000e+01
1.900000781838858472e+02 1.900000000000000000e+01 2.400000000000000000e+01
1.910000781838857904e+02 1.900000000000000000e+01 2.400000000000000000e+01
1.920000781838857336e+02 1.900000000000000000e+01 2.400000000000000000e+01
1.930000781838856767e+02 1.900000000000000000e+01 2.300000000000000000e+01
1.940000781838856199e+02 1.900000000000000000e+01 2.300000000000000000e+01
1.950000781838855630e+02 1.900000000000000000e+01 2.300000000000000000e+01
1.960000781838855062e+02 1.900000000000000000e+01 2.300000000000000000e+01
1.970000781838854493e+02 2.100000000000000000e+01 2.400000000000000000e+01
1.980000781838853925e+02 2.100000000000000000e+01 2.500000000000000000e+01
1.990000781838853356e+02 2.100000000000000000e+01 2.500000000000000000e+01
2.000000781838852788e+02 2.100000000000000000e+01 2.500000000000000000e+01
2.010000491291023934e+02 2.100000000000000000e+01 2.600000000000000000e+01
2.020000781838851651e+02 2.200000000000000000e+01 2.500000000000000000e+01
2.030000781838851083e+02 2.200000000000000000e+01 2.400000000000000000e+01
2.040000781838850514e+02 2.200000000000000000e+01 1.600000000000000000e+01
2.050000781838849946e+02 2.300000000000000000e+01 1.400000000000000000e+01
2.060000781838849377e+02 2.300000000000000000e+01 1.000000000000000000e+01
2.070000781838848809e+02 2.400000000000000000e+01 8.000000000000000000e+00
2.080000781838848241e+02 2.500000000000000000e+01 3.000000000000000000e+00
2.090000781838847672e+02 2.800000000000000000e+01 1.000000000000000000e+00
2.100000781838847104e+02 2.900000000000000000e+01 3.000000000000000000e+00
2.110000781838846535e+02 3.000000000000000000e+01 2.000000000000000000e+00
2.120000781838845967e+02 3.000000000000000000e+01 1.000000000000000000e+00
2.130000781838845398e+02 3.000000000000000000e+01 3.000000000000000000e+00
2.140000781838844830e+02 3.100000000000000000e+01 4.000000000000000000e+00
2.150000781838844262e+02 2.900000000000000000e+01 7.000000000000000000e+00
2.160000781838843693e+02 2.800000000000000000e+01 8.000000000000000000e+00
2.170000781838843125e+02 2.600000000000000000e+01 7.000000000000000000e+00
2.180000459281037308e+02 2.500000000000000000e+01 7.000000000000000000e+00
2.190000781838841988e+02 2.400000000000000000e+01 7.000000000000000000e+00
2.200000781838841419e+02 2.000000000000000000e+01 7.000000000000000000e+00
2.210000781838840851e+02 1.800000000000000000e+01 9.000000000000000000e+00
2.220000781838840282e+02 1.900000000000000000e+01 9.000000000000000000e+00
2.230000781838839714e+02 1.900000000000000000e+01 8.000000000000000000e+00
2.240000781838839146e+02 1.500000000000000000e+01 1.000000000000000000e+01
2.250000781838838577e+02 1.500000000000000000e+01 1.000000000000000000e+01
2.260000781838838009e+02 1.500000000000000000e+01 1.000000000000000000e+01
2.270000781838837440e+02 1.500000000000000000e+01 1.000000000000000000e+01
2.280000781838836872e+02 1.500000000000000000e+01 1.000000000000000000e+01
2.290000781838836303e+02 1.600000000000000000e+01 1.100000000000000000e+01
2.300000781838835735e+02 1.800000000000000000e+01 1.100000000000000000e+01
2.310000781838835167e+02 1.800000000000000000e+01 1.300000000000000000e+01
2.320000166885629369e+02 1.800000000000000000e+01 1.300000000000000000e+01
2.330000781838834030e+02 1.800000000000000000e+01 1.400000000000000000e+01
2.340000781838833461e+02 1.700000000000000000e+01 1.400000000000000000e+01
2.350000781838832893e+02 1.800000000000000000e+01 1.400000000000000000e+01
2.360000781838832324e+02 1.700000000000000000e+01 1.500000000000000000e+01
2.370000781838831756e+02 1.800000000000000000e+01 1.500000000000000000e+01
2.380000781838831188e+02 1.700000000000000000e+01 1.600000000000000000e+01
2.390000781838830619e+02 1.700000000000000000e+01 1.600000000000000000e+01
2.400000781838830051e+02 1.600000000000000000e+01 1.800000000000000000e+01
2.410000781838829482e+02 1.600000000000000000e+01 1.900000000000000000e+01
2.420000781838828914e+02 1.700000000000000000e+01 1.800000000000000000e+01
2.430000781838828345e+02 1.700000000000000000e+01 1.900000000000000000e+01
2.440000781838827777e+02 1.800000000000000000e+01 2.000000000000000000e+01
2.450000781838827209e+02 1.700000000000000000e+01 1.900000000000000000e+01
2.460000781838826640e+02 1.800000000000000000e+01 1.700000000000000000e+01
2.470000781838826072e+02 1.800000000000000000e+01 1.600000000000000000e+01
2.480000781838825503e+02 1.800000000000000000e+01 1.400000000000000000e+01
2.490000781838824935e+02 1.900000000000000000e+01 1.500000000000000000e+01
2.500000781838824366e+02 1.900000000000000000e+01 1.500000000000000000e+01
2.510000781838823798e+02 1.900000000000000000e+01 1.400000000000000000e+01
2.520000781838823229e+02 1.900000000000000000e+01 1.500000000000000000e+01
2.530000781838822661e+02 1.900000000000000000e+01 1.300000000000000000e+01
2.540000781838822093e+02 2.000000000000000000e+01 1.400000000000000000e+01
2.550000781838821524e+02 2.000000000000000000e+01 1.400000000000000000e+01
2.560000781838821240e+02 2.100000000000000000e+01 1.400000000000000000e+01
2.570000781838823514e+02 2.000000000000000000e+01 1.400000000000000000e+01
2.580000781838825787e+02 2.300000000000000000e+01 1.700000000000000000e+01
2.590000781838828061e+02 2.300000000000000000e+01 1.700000000000000000e+01
2.600000781838830335e+02 2.300000000000000000e+01 1.600000000000000000e+01
2.610000781838832609e+02 2.200000000000000000e+01 1.700000000000000000e+01
2.620000102750761926e+02 2.200000000000000000e+01 1.700000000000000000e+01
2.630000391569696490e+02 2.200000000000000000e+01 1.700000000000000000e+01
2.640000781838839430e+02 2.000000000000000000e+01 1.700000000000000000e+01
2.650000781838841704e+02 1.800000000000000000e+01 1.600000000000000000e+01
2.660000781838843977e+02 1.600000000000000000e+01 1.500000000000000000e+01
2.670000781838846251e+02 1.700000000000000000e+01 1.600000000000000000e+01
2.680000781838848525e+02 1.700000000000000000e+01 1.600000000000000000e+01
2.690000781838850799e+02 1.800000000000000000e+01 1.800000000000000000e+01
2.700000781838853072e+02 1.900000000000000000e+01 1.700000000000000000e+01
2.710000781838855346e+02 2.000000000000000000e+01 1.800000000000000000e+01
2.720000781838857620e+02 1.900000000000000000e+01 1.700000000000000000e+01
2.730000781838859893e+02 2.000000000000000000e+01 1.700000000000000000e+01
2.740000781838862167e+02 2.100000000000000000e+01 1.700000000000000000e+01
2.750000781838864441e+02 2.200000000000000000e+01 1.700000000000000000e+01
2.760000781838866715e+02 2.200000000000000000e+01 1.700000000000000000e+01
2.770000781838868988e+02 2.400000000000000000e+01 1.800000000000000000e+01
2.780000781838871262e+02 2.500000000000000000e+01 1.900000000000000000e+01
2.790000781838873536e+02 2.300000000000000000e+01 2.000000000000000000e+01
2.800000781838875810e+02 2.400000000000000000e+01 2.200000000000000000e+01
2.810000389943957089e+02 2.400000000000000000e+01 2.200000000000000000e+01
2.820000781838880357e+02 2.400000000000000000e+01 2.300000000000000000e+01
2.830000781838882631e+02 2.500000000000000000e+01 2.300000000000000000e+01
2.840000781838884905e+02 2.100000000000000000e+01 2.200000000000000000e+01
2.850000781838887178e+02 1.700000000000000000e+01 2.200000000000000000e+01
2.860000781838889452e+02 1.600000000000000000e+01 1.800000000000000000e+01
2.870000781838891726e+02 1.700000000000000000e+01 1.800000000000000000e+01
2.880000781838894000e+02 1.600000000000000000e+01 1.800000000000000000e+01
2.890000781838896273e+02 1.500000000000000000e+01 1.900000000000000000e+01
2.900000781838898547e+02 1.600000000000000000e+01 1.900000000000000000e+01
2.910000781838900821e+02 1.500000000000000000e+01 1.900000000000000000e+01
2.920000037234226511e+02 1.500000000000000000e+01 2.000000000000000000e+01
2.930000781838905368e+02 1.500000000000000000e+01 1.900000000000000000e+01
2.940000781838907642e+02 1.600000000000000000e+01 2.000000000000000000e+01
2.950000562099331205e+02 2.100000000000000000e+01 2.000000000000000000e+01
2.960000781838912189e+02 2.100000000000000000e+01 1.800000000000000000e+01
2.970000781838914463e+02 2.100000000000000000e+01 1.900000000000000000e+01
2.980000781838916737e+02 2.100000000000000000e+01 1.900000000000000000e+01
2.990000781838919011e+02 2.100000000000000000e+01 1.900000000000000000e+01
3.000000781838921284e+02 2.100000000000000000e+01 1.900000000000000000e+01
