0.000000000000000000e+00 0.000000000000000000e+00 0.000000000000000000e+00
1.000179858344617978e+00 3.000000000000000000e+00 3.000000000000000000e+00
2.000179858344618644e+00 3.000000000000000000e+00 3.000000000000000000e+00
3.000179858344619532e+00 3.000000000000000000e+00 3.000000000000000000e+00
4.000179858344620420e+00 3.000000000000000000e+00 3.000000000000000000e+00
5.000179858344616868e+00 3.000000000000000000e+00 3.000000000000000000e+00
6.000179858344613315e+00 3.000000000000000000e+00 3.000000000000000000e+00
7.000179858344609762e+00 3.000000000000000000e+00 3.000000000000000000e+00
8.000179858344607098e+00 3.000000000000000000e+00 3.000000000000000000e+00
9.000179858344603545e+00 3.000000000000000000e+00 3.000000000000000000e+00
1.000017985834459999e+01 3.000000000000000000e+00 3.000000000000000000e+00
1.100017985834459644e+01 2.000000000000000000e+00 2.000000000000000000e+00
1.200017985834459289e+01 2.000000000000000000e+00 2.000000000000000000e+00
1.300017985834458933e+01 2.000000000000000000e+00 2.000000000000000000e+00
1.400017985834458578e+01 1.000000000000000000e+00 1.000000000000000000e+00
1.500017985834458223e+01 1.000000000000000000e+00 1.000000000000000000e+00
1.600017985834458045e+01 1.000000000000000000e+00 1.000000000000000000e+00
1.700017985834459466e+01 2.000000000000000000e+00 2.000000000000000000e+00
1.800017985834460887e+01 1.000000000000000000e+00 1.000000000000000000e+00
1.900017985834462309e+01 1.000000000000000000e+00 1.000000000000000000e+00
2.000017985834463730e+01 5.000000000000000000e+00 5.000000000000000000e+00
2.100017985834465151e+01 2.000000000000000000e+00 2.000000000000000000e+00
2.200017985834466572e+01 2.000000000000000000e+00 2.000000000000000000e+00
2.300017985834467993e+01 2.000000000000000000e+00 2.000000000000000000e+00
2.400017985834469414e+01 2.000000000000000000e+00 1.000000000000000000e+00
2.500017985834470835e+01 2.000000000000000000e+00 1.000000000000000000e+00
2.600017985834472256e+01 0.000000000000000000e+00 0.000000000000000000e+00
2.700017985834473677e+01 0.000000000000000000e+00 0.000000000000000000e+00
2.800017985834475098e+01 2.000000000000000000e+00 2.000000000000000000e+00
2.900017985834476519e+01 2.000000000000000000e+00 2.000000000000000000e+00
3.000017985834477940e+01 1.000000000000000000e+00 1.000000000000000000e+00
3.100017985834479362e+01 2.000000000000000000e+00 2.000000000000000000e+00
3.200007204846375686e+01 2.000000000000000000e+00 3.000000000000000000e+00
3.300017985834482204e+01 2.000000000000000000e+00 3.000000000000000000e+00
3.400017985834483625e+01 4.000000000000000000e+00 6.000000000000000000e+00
3.500017985834485046e+01 2.000000000000000000e+00 5.000000000000000000e+00
3.600017985834486467e+01 2.000000000000000000e+00 5.000000000000000000e+00
3.700017985834487888e+01 2.000000000000000000e+00 5.000000000000000000e+00
3.800017985834489309e+01 4.000000000000000000e+00 7.000000000000000000e+00
3.900017985834490730e+01 4.000000000000000000e+00 5.000000000000000000e+00
4.000016977058680112e+01 5.000000000000000000e+00 6.000000000000000000e+00
4.100017985834493572e+01 6.000000000000000000e+00 5.000000000000000000e+00
4.200017985834494993e+01 7.000000000000000000e+00 6.000000000000000000e+00
4.300017985834496415e+01 8.000000000000000000e+00 7.000000000000000000e+00
4.400017985834497836e+01 9.000000000000000000e+00 8.000000000000000000e+00
4.500017985834499257e+01 1.000000000000000000e+01 9.000000000000000000e+00
4.600017985834500678e+01 1.100000000000000000e+01 9.000000000000000000e+00
4.700017985834502099e+01 1.100000000000000000e+01 9.000000000000000000e+00
4.800017985834503520e+01 1.200000000000000000e+01 1.100000000000000000e+01
4.900017985834504941e+01 1.300000000000000000e+01 1.200000000000000000e+01
5.000017985834506362e+01 1.400000000000000000e+01 1.400000000000000000e+01
5.100017985834507783e+01 1.200000000000000000e+01 1.400000000000000000e+01
5.200017985834509204e+01 1.100000000000000000e+01 1.300000000000000000e+01
5.300017985834510625e+01 1.300000000000000000e+01 1.500000000000000000e+01
5.400017985834512046e+01 1.200000000000000000e+01 1.500000000000000000e+01
5.500017985834513468e+01 1.400000000000000000e+01 1.700000000000000000e+01
5.600017985834514889e+01 1.400000000000000000e+01 1.700000000000000000e+01
5.700017985834516310e+01 1.300000000000000000e+01 1.800000000000000000e+01
5.800017985834517731e+01 1.400000000000000000e+01 2.000000000000000000e+01
5.900017985834519152e+01 1.600000000000000000e+01 2.200000000000000000e+01
6.000017985834520573e+01 1.500000000000000000e+01 2.200000000000000000e+01
6.100017985834521994e+01 1.600000000000000000e+01 2.300000000000000000e+01
6.200017985834523415e+01 1.600000000000000000e+01 2.200000000000000000e+01
6.300017985834524836e+01 2.000000000000000000e+01 2.500000000000000000e+01
6.400017985834526257e+01 2.100000000000000000e+01 2.600000000000000000e+01
6.500017985834520573e+01 1.700000000000000000e+01 2.500000000000000000e+01
6.600017985834514889e+01 1.600000000000000000e+01 2.500000000000000000e+01
6.700017985834509204e+01 1.600000000000000000e+01 2.100000000000000000e+01
6.800017985834503520e+01 1.600000000000000000e+01 1.600000000000000000e+01
6.900017985834497836e+01 1.700000000000000000e+01 1.300000000000000000e+01
7.000017985834492151e+01 1.900000000000000000e+01 1.500000000000000000e+01
7.100017985834486467e+01 1.800000000000000000e+01 1.300000000000000000e+01
7.200017985834480783e+01 1.500000000000000000e+01 1.300000000000000000e+01
7.300017985834475098e+01 1.500000000000000000e+01 1.300000000000000000e+01
7.400017985834469414e+01 1.400000000000000000e+01 1.400000000000000000e+01
7.500017985834463730e+01 1.300000000000000000e+01 9.000000000000000000e+00
7.600017985834458045e+01 1.000000000000000000e+01 7.000000000000000000e+00
7.700017985834452361e+01 1.000000000000000000e+01 6.000000000000000000e+00
7.800017985834446677e+01 1.100000000000000000e+01 7.000000000000000000e+00
7.900010807318088268e+01 1.000000000000000000e+01 7.000000000000000000e+00
8.000017985834435308e+01 1.200000000000000000e+01 7.000000000000000000e+00
8.100017985834429624e+01 1.100000000000000000e+01 7.000000000000000000e+00
8.200017985834423939e+01 1.100000000000000000e+01 6.000000000000000000e+00
8.300013000632947069e+01 1.100000000000000000e+01 6.000000000000000000e+00
8.400017985834412571e+01 9.000000000000000000e+00 6.000000000000000000e+00
8.500017985834406886e+01 8.000000000000000000e+00 8.000000000000000000e+00
8.600017985834401202e+01 6.000000000000000000e+00 7.000000000000000000e+00
8.700017985834395517e+01 7.000000000000000000e+00 7.000000000000000000e+00
8.800017985834389833e+01 8.000000000000000000e+00 7.000000000000000000e+00
8.900017985834384149e+01 8.000000000000000000e+00 8.000000000000000000e+00
9.000017985834378464e+01 8.000000000000000000e+00 8.000000000000000000e+00
9.100017985834372780e+01 5.000000000000000000e+00 9.000000000000000000e+00
9.200017985834367096e+01 3.000000000000000000e+00 7.000000000000000000e+00
9.300017985834361411e+01 1.000000000000000000e+00 8.000000000000000000e+00
9.400017985834355727e+01 0.000000000000000000e+00 9.000000000000000000e+00
9.500017985834350043e+01 0.000000000000000000e+00 9.000000000000000000e+00
9.600017985834344358e+01 2.000000000000000000e+00 1.200000000000000000e+01
9.700017985834338674e+01 3.000000000000000000e+00 1.200000000000000000e+01
9.800017985834332990e+01 3.000000000000000000e+00 1.200000000000000000e+01
9.900017985834327305e+01 4.000000000000000000e+00 1.200000000000000000e+01
1.000001798583432162e+02 3.000000000000000000e+00 1.200000000000000000e+01
1.010001798583431594e+02 3.000000000000000000e+00 1.100000000000000000e+01
1.020001798583431025e+02 2.000000000000000000e+00 1.100000000000000000e+01
1.030001798583430457e+02 2.000000000000000000e+00 1.100000000000000000e+01
1.040001798583429888e+02 4.000000000000000000e+00 1.200000000000000000e+01
1.050001798583429320e+02 4.000000000000000000e+00 9.000000000000000000e+00
1.060001798583428751e+02 4.000000000000000000e+00 9.000000000000000000e+00
1.070001798583428183e+02 5.000000000000000000e+00 9.000000000000000000e+00
1.080001798583427615e+02 4.000000000000000000e+00 5.000000000000000000e+00
1.090001798583427046e+02 6.000000000000000000e+00 8.000000000000000000e+00
1.100001798583426478e+02 6.000000000000000000e+00 9.000000000000000000e+00
1.110001798583425909e+02 6.000000000000000000e+00 1.000000000000000000e+01
1.120001798583425341e+02 8.000000000000000000e+00 1.400000000000000000e+01
1.130001798583424772e+02 8.000000000000000000e+00 1.400000000000000000e+01
1.140001798583424204e+02 9.000000000000000000e+00 1.400000000000000000e+01
1.150001798583423636e+02 9.000000000000000000e+00 1.500000000000000000e+01
1.160001798583423067e+02 9.000000000000000000e+00 1.600000000000000000e+01
1.170001798583422499e+02 9.000000000000000000e+00 1.700000000000000000e+01
1.180001798583421930e+02 8.000000000000000000e+00 1.800000000000000000e+01
1.190001798583421362e+02 9.000000000000000000e+00 1.800000000000000000e+01
1.200001798583420793e+02 1.100000000000000000e+01 1.600000000000000000e+01
1.210001798583420225e+02 1.200000000000000000e+01 1.000000000000000000e+01
1.220001798583419657e+02 1.200000000000000000e+01 1.000000000000000000e+01
1.230001798583419088e+02 1.200000000000000000e+01 1.100000000000000000e+01
1.240001798583418520e+02 1.200000000000000000e+01 1.300000000000000000e+01
1.250001798583417951e+02 1.300000000000000000e+01 1.400000000000000000e+01
1.260001798583417383e+02 1.400000000000000000e+01 1.400000000000000000e+01
1.270001798583416814e+02 1.300000000000000000e+01 1.100000000000000000e+01
1.280001798583416246e+02 1.200000000000000000e+01 9.000000000000000000e+00
1.290001798583415678e+02 1.300000000000000000e+01 8.000000000000000000e+00
1.300001798583415109e+02 1.300000000000000000e+01 7.000000000000000000e+00
1.310001798583414541e+02 1.400000000000000000e+01 7.000000000000000000e+00
1.320001798583413972e+02 1.300000000000000000e+01 7.000000000000000000e+00
1.330001798583413404e+02 1.100000000000000000e+01 7.000000000000000000e+00
1.340001798583412835e+02 8.000000000000000000e+00 6.000000000000000000e+00
1.350001798583412267e+02 4.000000000000000000e+00 8.000000000000000000e+00
1.360001798583411698e+02 2.000000000000000000e+00 6.000000000000000000e+00
1.370000439888317203e+02 1.000000000000000000e+00 6.000000000000000000e+00
1.380001798583410562e+02 1.000000000000000000e+00 5.000000000000000000e+00
1.390001798583409993e+02 0.000000000000000000e+00 5.000000000000000000e+00
1.400001798583409425e+02 0.000000000000000000e+00 7.000000000000000000e+00
1.410001798583408856e+02 1.000000000000000000e+00 7.000000000000000000e+00
1.420001798583408288e+02 1.000000000000000000e+00 7.000000000000000000e+00
1.430001798583407719e+02 2.000000000000000000e+00 7.000000000000000000e+00
1.440001798583407151e+02 4.000000000000000000e+00 1.000000000000000000e+01
1.450001798583406583e+02 2.000000000000000000e+00 1.000000000000000000e+01
1.460001798583406014e+02 3.000000000000000000e+00 1.000000000000000000e+01
1.470001798583405446e+02 3.000000000000000000e+00 8.000000000000000000e+00
1.480001798583404877e+02 3.000000000000000000e+00 8.000000000000000000e+00
1.490001798583404309e+02 5.000000000000000000e+00 7.000000000000000000e+00
1.500001798583403740e+02 6.000000000000000000e+00 1.000000000000000000e+01
1.510001798583403172e+02 9.000000000000000000e+00 1.100000000000000000e+01
1.520001798583402604e+02 1.000000000000000000e+01 1.100000000000000000e+01
1.530001798583402035e+02 1.000000000000000000e+01 1.100000000000000000e+01
1.540001798583401467e+02 1.000000000000000000e+01 1.100000000000000000e+01
1.550001798583400898e+02 1.000000000000000000e+01 1.300000000000000000e+01
1.560001798583400330e+02 1.200000000000000000e+01 1.300000000000000000e+01
1.570001798583399761e+02 1.100000000000000000e+01 1.300000000000000000e+01
1.580001798583399193e+02 1.100000000000000000e+01 9.000000000000000000e+00
1.590001798583398624e+02 1.100000000000000000e+01 8.000000000000000000e+00
1.600001798583398056e+02 1.000000000000000000e+01 5.000000000000000000e+00
1.610001798583397488e+02 1.000000000000000000e+01 2.000000000000000000e+00
1.620001798583396919e+02 9.000000000000000000e+00 2.000000000000000000e+00
1.630001798583396351e+02 9.000000000000000000e+00 3.000000000000000000e+00
1.640001798583395782e+02 1.100000000000000000e+01 5.000000000000000000e+00
1.650001798583395214e+02 1.200000000000000000e+01 4.000000000000000000e+00
1.660001798583394645e+02 1.100000000000000000e+01 5.000000000000000000e+00
1.670001798583394077e+02 1.200000000000000000e+01 6.000000000000000000e+00
1.680001798583393509e+02 1.200000000000000000e+01 5.000000000000000000e+00
1.690001798583392940e+02 1.200000000000000000e+01 6.000000000000000000e+00
1.700001798583392372e+02 1.400000000000000000e+01 6.000000000000000000e+00
1.710001798583391803e+02 1.400000000000000000e+01 9.000000000000000000e+00
1.720001798583391235e+02 1.600000000000000000e+01 1.000000000000000000e+01
1.730001798583390666e+02 1.800000000000000000e+01 1.200000000000000000e+01
1.740001798583390098e+02 1.900000000000000000e+01 1.100000000000000000e+01
1.750001798583389530e+02 2.000000000000000000e+01 1.200000000000000000e+01
1.760001798583388961e+02 1.900000000000000000e+01 1.100000000000000000e+01
1.770001798583388393e+02 2.000000000000000000e+01 1.000000000000000000e+01
1.780001798583387824e+02 2.100000000000000000e+01 1.200000000000000000e+01
1.790001798583387256e+02 2.100000000000000000e+01 1.200000000000000000e+01
1.800001798583386687e+02 2.200000000000000000e+01 1.400000000000000000e+01
1.810001798583386119e+02 2.200000000000000000e+01 1.300000000000000000e+01
1.820001798583385551e+02 2.600000000000000000e+01 1.400000000000000000e+01
1.830001798583384982e+02 2.700000000000000000e+01 1.300000000000000000e+01
1.840001798583384414e+02 2.900000000000000000e+01 1.400000000000000000e+01
1.850001798583383845e+02 2.600000000000000000e+01 1.300000000000000000e+01
1.860001798583383277e+02 2.400000000000000000e+01 1.200000000000000000e+01
1.870001798583382708e+02 2.200000000000000000e+01 1.000000000000000000e+01
1.880001798583382140e+02 2.400000000000000000e+01 9.000000000000000000e+00
1.890001798583381571e+02 2.600000000000000000e+01 1.000000000000000000e+01
1.900001798583381003e+02 2.500000000000000000e+01 1.200000000000000000e+01
1.910001798583380435e+02 2.500000000000000000e+01 1.300000000000000000e+01
1.920001798583379866e+02 2.600000000000000000e+01 1.300000000000000000e+01
1.930001798583379298e+02 2.700000000000000000e+01 1.300000000000000000e+01
1.940001798583378729e+02 2.800000000000000000e+01 1.500000000000000000e+01
1.950001798583378161e+02 3.000000000000000000e+01 1.500000000000000000e+01
1.960001798583377592e+02 3.100000000000000000e+01 1.500000000000000000e+01
1.970001798583377024e+02 3.000000000000000000e+01 1.500000000000000000e+01
1.980001798583376456e+02 2.900000000000000000e+01 1.700000000000000000e+01
1.990001798583375887e+02 2.700000000000000000e+01 1.400000000000000000e+01
2.000001798583375319e+02 2.600000000000000000e+01 1.400000000000000000e+01
2.010001798583374750e+02 2.400000000000000000e+01 1.300000000000000000e+01
2.020001798583374182e+02 2.000000000000000000e+01 1.100000000000000000e+01
2.030001798583373613e+02 1.600000000000000000e+01 1.100000000000000000e+01
2.040001798583373045e+02 1.300000000000000000e+01 1.100000000000000000e+01
2.050001798583372477e+02 1.400000000000000000e+01 1.100000000000000000e+01
2.060001798583371908e+02 1.400000000000000000e+01 1.200000000000000000e+01
2.070001798583371340e+02 1.200000000000000000e+01 1.300000000000000000e+01
2.080001798583370771e+02 1.000000000000000000e+01 1.200000000000000000e+01
2.090001798583370203e+02 1.100000000000000000e+01 1.400000000000000000e+01
2.100001798583369634e+02 1.100000000000000000e+01 1.400000000000000000e+01
2.110001798583369066e+02 1.300000000000000000e+01 1.400000000000000000e+01
2.120001798583368497e+02 1.300000000000000000e+01 1.600000000000000000e+01
2.130001798583367929e+02 1.300000000000000000e+01 1.600000000000000000e+01
2.140001798583367361e+02 1.400000000000000000e+01 1.600000000000000000e+01
2.150001798583366792e+02 1.200000000000000000e+01 1.700000000000000000e+01
2.160001798583366224e+02 1.100000000000000000e+01 1.800000000000000000e+01
2.170001798583365655e+02 1.200000000000000000e+01 1.800000000000000000e+01
2.180001798583365087e+02 1.200000000000000000e+01 1.700000000000000000e+01
2.190001798583364518e+02 1.400000000000000000e+01 1.700000000000000000e+01
2.200001798583363950e+02 1.700000000000000000e+01 1.800000000000000000e+01
2.210001798583363382e+02 1.900000000000000000e+01 1.800000000000000000e+01
2.220001798583362813e+02 2.000000000000000000e+01 1.800000000000000000e+01
2.230001798583362245e+02 2.100000000000000000e+01 1.800000000000000000e+01
2.240001798583361676e+02 2.000000000000000000e+01 1.800000000000000000e+01
2.250001798583361108e+02 1.900000000000000000e+01 1.800000000000000000e+01
2.260001798583360539e+02 1.900000000000000000e+01 1.700000000000000000e+01
2.270001798583359971e+02 2.100000000000000000e+01 1.700000000000000000e+01
2.280001798583359403e+02 2.100000000000000000e+01 1.400000000000000000e+01
2.290001798583358834e+02 2.100000000000000000e+01 1.000000000000000000e+01
2.300001798583358266e+02 2.200000000000000000e+01 7.000000000000000000e+00
2.310001798583357697e+02 2.200000000000000000e+01 6.000000000000000000e+00
2.320001798583357129e+02 2.100000000000000000e+01 8.000000000000000000e+00
2.330001798583356560e+02 2.100000000000000000e+01 6.000000000000000000e+00
2.340001798583355992e+02 1.900000000000000000e+01 4.000000000000000000e+00
2.350001798583355423e+02 1.700000000000000000e+01 3.000000000000000000e+00
2.360001798583354855e+02 1.600000000000000000e+01 3.000000000000000000e+00
2.370001798583354287e+02 1.600000000000000000e+01 4.000000000000000000e+00
2.380000165206775478e+02 1.600000000000000000e+01 4.000000000000000000e+00
2.390001798583353150e+02 1.600000000000000000e+01 4.000000000000000000e+00
2.400000373274031062e+02 1.700000000000000000e+01 4.000000000000000000e+00
2.410001798583352013e+02 1.700000000000000000e+01 5.000000000000000000e+00
2.420001798583351444e+02 1.600000000000000000e+01 6.000000000000000000e+00
2.430000691877629322e+02 1.500000000000000000e+01 6.000000000000000000e+00
2.440001798583350308e+02 1.500000000000000000e+01 5.000000000000000000e+00
2.450001798583349739e+02 1.600000000000000000e+01 7.000000000000000000e+00
2.460001798583349171e+02 1.600000000000000000e+01 7.000000000000000000e+00
2.470001798583348602e+02 1.700000000000000000e+01 8.000000000000000000e+00
2.480001798583348034e+02 1.700000000000000000e+01 9.000000000000000000e+00
2.490001798583347465e+02 1.700000000000000000e+01 9.000000000000000000e+00
2.500001798583346897e+02 1.700000000000000000e+01 1.000000000000000000e+01
2.510001798583346329e+02 1.700000000000000000e+01 1.000000000000000000e+01
2.520001798583345760e+02 1.900000000000000000e+01 1.100000000000000000e+01
2.530001798583345192e+02 1.800000000000000000e+01 1.100000000000000000e+01
2.540001798583344623e+02 1.900000000000000000e+01 1.200000000000000000e+01
2.550001337451736276e+02 1.900000000000000000e+01 1.200000000000000000e+01
2.560001798583343771e+02 2.000000000000000000e+01 1.200000000000000000e+01
2.570001798583346044e+02 2.100000000000000000e+01 1.600000000000000000e+01
2.580001798583348318e+02 2.100000000000000000e+01 1.600000000000000000e+01
2.590001798583350592e+02 2.200000000000000000e+01 1.500000000000000000e+01
2.600001798583352866e+02 2.200000000000000000e+01 1.400000000000000000e+01
2.610001798583355139e+02 2.400000000000000000e+01 1.200000000000000000e+01
2.620001798583357413e+02 2.400000000000000000e+01 1.100000000000000000e+01
2.630001798583359687e+02 2.500000000000000000e+01 1.100000000000000000e+01
2.640001798583361960e+02 2.500000000000000000e+01 1.200000000000000000e+01
2.650001798583364234e+02 2.500000000000000000e+01 1.100000000000000000e+01
2.660001798583366508e+02 2.600000000000000000e+01 1.000000000000000000e+01
2.670001798583368782e+02 2.500000000000000000e+01 1.200000000000000000e+01
2.680001798583371055e+02 2.500000000000000000e+01 1.200000000000000000e+01
2.690001798583373329e+02 2.600000000000000000e+01 1.300000000000000000e+01
2.700001798583375603e+02 2.700000000000000000e+01 1.300000000000000000e+01
2.710001798583377877e+02 2.600000000000000000e+01 1.200000000000000000e+01
2.720001798583380150e+02 2.500000000000000000e+01 8.000000000000000000e+00
2.730001798583382424e+02 2.500000000000000000e+01 9.000000000000000000e+00
2.740001798583384698e+02 2.500000000000000000e+01 9.000000000000000000e+00
2.750001798583386972e+02 2.500000000000000000e+01 8.000000000000000000e+00
2.760001798583389245e+02 2.500000000000000000e+01 7.000000000000000000e+00
2.770001798583391519e+02 2.800000000000000000e+01 8.000000000000000000e+00
2.780001798583393793e+02 2.700000000000000000e+01 1.000000000000000000e+01
2.790001798583396067e+02 2.800000000000000000e+01 9.000000000000000000e+00
2.800001798583398340e+02 2.800000000000000000e+01 1.100000000000000000e+01
2.810001798583400614e+02 2.800000000000000000e+01 1.100000000000000000e+01
2.820001798583402888e+02 2.800000000000000000e+01 1.200000000000000000e+01
2.830001798583405161e+02 2.800000000000000000e+01 1.300000000000000000e+01
2.840001798583407435e+02 2.900000000000000000e+01 1.300000000000000000e+01
2.850001798583409709e+02 2.900000000000000000e+01 1.400000000000000000e+01
2.860001798583411983e+02 2.900000000000000000e+01 1.400000000000000000e+01
2.870001798583414256e+02 2.900000000000000000e+01 1.400000000000000000e+01
2.880001798583416530e+02 3.000000000000000000e+01 1.400000000000000000e+01
2.890001798583418804e+02 3.000000000000000000e+01 1.500000000000000000e+01
2.900001798583421078e+02 3.000000000000000000e+01 1.600000000000000000e+01
2.910001798583423351e+02 3.000000000000000000e+01 1.600000000000000000e+01
2.920001798583425625e+02 3.100000000000000000e+01 1.500000000000000000e+01
2.930001798583427899e+02 3.100000000000000000e+01 1.400000000000000000e+01
2.940001798583430173e+02 3.000000000000000000e+01 1.400000000000000000e+01
2.950001798583432446e+02 3.000000000000000000e+01 1.500000000000000000e+01
2.960001798583434720e+02 3.000000000000000000e+01 2.000000000000000000e+01
2.970001798583436994e+02 3.000000000000000000e+01 2.300000000000000000e+01
2.980001798583439268e+02 3.100000000000000000e+01 1.900000000000000000e+01
2.990001798583441541e+02 3.500000000000000000e+01 2.000000000000000000e+01
3.000001798583443815e+02 3.400000000000000000e+01 2.000000000000000000e+01
