0.000000000000000000e+00 0.000000000000000000e+00 0.000000000000000000e+00
1.002601146494583650e+00 1.000000000000000000e+00 1.000000000000000000e+00
2.001088277185673725e+00 2.000000000000000000e+00 2.000000000000000000e+00
3.002601146494585205e+00 4.000000000000000000e+00 4.000000000000000000e+00
4.001535082448862468e+00 7.000000000000000000e+00 7.000000000000000000e+00
5.002601146494582096e+00 8.000000000000000000e+00 8.000000000000000000e+00
6.002356205586794502e+00 8.000000000000000000e+00 8.000000000000000000e+00
7.002601146494574991e+00 1.000000000000000000e+01 1.000000000000000000e+01
8.001193767651004762e+00 1.000000000000000000e+01 1.000000000000000000e+01
9.002601146494567885e+00 1.300000000000000000e+01 1.300000000000000000e+01
1.000260114649456433e+01 1.300000000000000000e+01 1.300000000000000000e+01
1.100260114649456078e+01 1.300000000000000000e+01 1.300000000000000000e+01
1.200260114649455723e+01 1.400000000000000000e+01 1.400000000000000000e+01
1.300260114649455367e+01 1.400000000000000000e+01 1.400000000000000000e+01
1.400228415688142292e+01 1.300000000000000000e+01 1.300000000000000000e+01
1.500260114649454657e+01 1.400000000000000000e+01 1.400000000000000000e+01
1.600260114649454479e+01 1.600000000000000000e+01 1.600000000000000000e+01
1.700036065506424521e+01 1.600000000000000000e+01 1.500000000000000000e+01
1.800260114649457321e+01 1.500000000000000000e+01 7.000000000000000000e+00
1.900136541727102824e+01 1.100000000000000000e+01 6.000000000000000000e+00
2.000260114649460164e+01 7.000000000000000000e+00 2.000000000000000000e+00
2.100260114649461585e+01 5.000000000000000000e+00 2.000000000000000000e+00
2.200227092478175805e+01 4.000000000000000000e+00 1.000000000000000000e+00
2.300260114649464427e+01 4.000000000000000000e+00 1.000000000000000000e+00
2.400260114649465848e+01 3.000000000000000000e+00 1.000000000000000000e+00
2.500048065289707466e+01 4.000000000000000000e+00 2.000000000000000000e+00
2.600260114649468690e+01 4.000000000000000000e+00 3.000000000000000000e+00
2.700260114649470111e+01 5.000000000000000000e+00 3.000000000000000000e+00
2.800097257169402809e+01 5.000000000000000000e+00 1.000000000000000000e+00
2.900260114649472953e+01 4.000000000000000000e+00 1.000000000000000000e+00
3.000260114649474374e+01 6.000000000000000000e+00 3.000000000000000000e+00
3.100260114649475796e+01 5.000000000000000000e+00 3.000000000000000000e+00
3.200011584486254179e+01 5.000000000000000000e+00 1.000000000000000000e+00
3.300260114649478282e+01 5.000000000000000000e+00 3.000000000000000000e+00
3.400013769056939594e+01 4.000000000000000000e+00 3.000000000000000000e+00
3.500021969144117406e+01 7.000000000000000000e+00 4.000000000000000000e+00
3.600260114649482546e+01 5.000000000000000000e+00 5.000000000000000000e+00
3.700260114649483967e+01 4.000000000000000000e+00 6.000000000000000000e+00
3.800252661088563855e+01 2.000000000000000000e+00 6.000000000000000000e+00
3.900171331106134431e+01 4.000000000000000000e+00 6.000000000000000000e+00
4.000106439939266778e+01 3.000000000000000000e+00 7.000000000000000000e+00
4.100197390685788434e+01 3.000000000000000000e+00 7.000000000000000000e+00
4.200260114649491072e+01 2.000000000000000000e+00 6.000000000000000000e+00
4.300260114649492493e+01 2.000000000000000000e+00 8.000000000000000000e+00
4.400023893819250276e+01 3.000000000000000000e+00 7.000000000000000000e+00
4.500260114649495335e+01 3.000000000000000000e+00 7.000000000000000000e+00
4.600035281374027818e+01 3.000000000000000000e+00 7.000000000000000000e+00
4.700260114649498178e+01 3.000000000000000000e+00 7.000000000000000000e+00
4.800260114649499599e+01 4.000000000000000000e+00 8.000000000000000000e+00
4.900133539893667489e+01 4.000000000000000000e+00 9.000000000000000000e+00
5.000044509263611303e+01 5.000000000000000000e+00 8.000000000000000000e+00
5.100260114649503862e+01 5.000000000000000000e+00 9.000000000000000000e+00
5.200260114649505283e+01 5.000000000000000000e+00 9.000000000000000000e+00
5.300034160947905093e+01 6.000000000000000000e+00 1.000000000000000000e+01
5.400001545669947944e+01 7.000000000000000000e+00 9.000000000000000000e+00
5.500115868976938316e+01 8.000000000000000000e+00 9.000000000000000000e+00
5.600176415816017794e+01 8.000000000000000000e+00 9.000000000000000000e+00
5.700260114649512388e+01 9.000000000000000000e+00 9.000000000000000000e+00
5.800260114649513810e+01 9.000000000000000000e+00 9.000000000000000000e+00
5.900020796671745416e+01 1.000000000000000000e+01 1.000000000000000000e+01
6.000260114649516652e+01 1.000000000000000000e+01 8.000000000000000000e+00
6.100083921728031555e+01 1.000000000000000000e+01 8.000000000000000000e+00
6.200260114649519494e+01 1.000000000000000000e+01 8.000000000000000000e+00
6.300260114649520915e+01 1.200000000000000000e+01 1.100000000000000000e+01
6.400260114649522336e+01 1.000000000000000000e+01 1.000000000000000000e+01
6.500260114649516652e+01 1.100000000000000000e+01 1.000000000000000000e+01
6.600030318322301071e+01 1.100000000000000000e+01 1.100000000000000000e+01
6.700260114649505283e+01 1.300000000000000000e+01 1.100000000000000000e+01
6.800260114649499599e+01 1.300000000000000000e+01 5.000000000000000000e+00
6.900260114649493914e+01 1.200000000000000000e+01 4.000000000000000000e+00
7.000180302507419583e+01 1.200000000000000000e+01 4.000000000000000000e+00
7.100260114649482546e+01 1.300000000000000000e+01 5.000000000000000000e+00
7.200066232779515474e+01 1.400000000000000000e+01 4.000000000000000000e+00
7.300077113330338818e+01 1.400000000000000000e+01 4.000000000000000000e+00
7.400260114649465493e+01 1.500000000000000000e+01 4.000000000000000000e+00
7.500260114649459808e+01 1.400000000000000000e+01 5.000000000000000000e+00
7.600136671914313524e+01 1.400000000000000000e+01 5.000000000000000000e+00
7.700064020604561676e+01 1.400000000000000000e+01 6.000000000000000000e+00
7.800260114649442755e+01 1.500000000000000000e+01 5.000000000000000000e+00
7.900158404910679621e+01 1.400000000000000000e+01 5.000000000000000000e+00
8.000182802252504644e+01 1.500000000000000000e+01 5.000000000000000000e+00
8.100157257076676842e+01 1.500000000000000000e+01 5.000000000000000000e+00
8.200044879283890964e+01 1.600000000000000000e+01 7.000000000000000000e+00
8.300260114649414334e+01 1.500000000000000000e+01 7.000000000000000000e+00
8.400260114649408649e+01 1.600000000000000000e+01 7.000000000000000000e+00
8.500194544116898498e+01 1.400000000000000000e+01 5.000000000000000000e+00
8.600260114649397281e+01 1.500000000000000000e+01 4.000000000000000000e+00
8.700139202953400286e+01 1.500000000000000000e+01 4.000000000000000000e+00
8.800260114649385912e+01 1.600000000000000000e+01 5.000000000000000000e+00
8.900122417434631927e+01 1.600000000000000000e+01 5.000000000000000000e+00
9.000260114649374543e+01 1.700000000000000000e+01 6.000000000000000000e+00
9.100116105098985031e+01 1.700000000000000000e+01 5.000000000000000000e+00
9.200260114649363175e+01 1.900000000000000000e+01 7.000000000000000000e+00
9.300011667801992132e+01 1.900000000000000000e+01 6.000000000000000000e+00
9.400260114649351806e+01 1.800000000000000000e+01 4.000000000000000000e+00
9.500260114649346121e+01 1.800000000000000000e+01 4.000000000000000000e+00
9.600260114649340437e+01 1.700000000000000000e+01 5.000000000000000000e+00
9.700071590911871056e+01 1.800000000000000000e+01 4.000000000000000000e+00
9.800260114649329068e+01 1.600000000000000000e+01 4.000000000000000000e+00
9.900260114649323384e+01 1.400000000000000000e+01 4.000000000000000000e+00
1.000010380540390997e+02 1.500000000000000000e+01 5.000000000000000000e+00
1.010026011464931202e+02 1.600000000000000000e+01 6.000000000000000000e+00
1.020026011464930633e+02 1.400000000000000000e+01 6.000000000000000000e+00
1.030026011464930065e+02 1.300000000000000000e+01 7.000000000000000000e+00
1.040006588116467867e+02 1.400000000000000000e+01 9.000000000000000000e+00
1.050004900028695261e+02 1.500000000000000000e+01 1.000000000000000000e+01
1.060026011464928359e+02 1.700000000000000000e+01 9.000000000000000000e+00
1.070026011464927791e+02 1.500000000000000000e+01 9.000000000000000000e+00
1.080021159939536375e+02 1.100000000000000000e+01 9.000000000000000000e+00
1.090006390569533465e+02 8.000000000000000000e+00 6.000000000000000000e+00
1.100018186114212710e+02 7.000000000000000000e+00 4.000000000000000000e+00
1.110026011464925517e+02 9.000000000000000000e+00 4.000000000000000000e+00
1.120012307685552884e+02 1.000000000000000000e+01 6.000000000000000000e+00
1.130026011464924380e+02 9.000000000000000000e+00 7.000000000000000000e+00
1.140003783027371327e+02 1.000000000000000000e+01 8.000000000000000000e+00
1.150004292820183025e+02 1.300000000000000000e+01 1.200000000000000000e+01
1.160006815256495685e+02 1.200000000000000000e+01 1.100000000000000000e+01
1.170026011464922107e+02 1.200000000000000000e+01 1.200000000000000000e+01
1.180004925376346137e+02 1.200000000000000000e+01 9.000000000000000000e+00
1.190026011464920970e+02 1.200000000000000000e+01 9.000000000000000000e+00
1.200004116492141861e+02 1.200000000000000000e+01 9.000000000000000000e+00
1.210026011464919833e+02 1.300000000000000000e+01 7.000000000000000000e+00
1.220013453343305798e+02 1.300000000000000000e+01 7.000000000000000000e+00
1.230017279238074934e+02 1.500000000000000000e+01 9.000000000000000000e+00
1.240010618304035148e+02 1.600000000000000000e+01 1.000000000000000000e+01
1.250026011464917559e+02 1.700000000000000000e+01 1.200000000000000000e+01
1.260026011464916991e+02 1.700000000000000000e+01 1.100000000000000000e+01
1.270026011464916422e+02 1.700000000000000000e+01 9.000000000000000000e+00
1.280026011464915996e+02 1.600000000000000000e+01 8.000000000000000000e+00
1.290013684295695953e+02 1.600000000000000000e+01 8.000000000000000000e+00
1.300016432278045215e+02 1.800000000000000000e+01 9.000000000000000000e+00
1.310016408293646180e+02 1.600000000000000000e+01 9.000000000000000000e+00
1.320026011464913722e+02 1.600000000000000000e+01 9.000000000000000000e+00
1.330026011464913154e+02 1.800000000000000000e+01 1.100000000000000000e+01
1.340012905722571475e+02 1.900000000000000000e+01 1.100000000000000000e+01
1.350026011464912017e+02 1.700000000000000000e+01 1.200000000000000000e+01
1.360010066561209499e+02 1.700000000000000000e+01 1.200000000000000000e+01
1.370026011464910880e+02 1.400000000000000000e+01 1.200000000000000000e+01
1.380025788620777973e+02 9.000000000000000000e+00 1.200000000000000000e+01
1.390012631608826723e+02 6.000000000000000000e+00 1.300000000000000000e+01
1.400026011464909175e+02 5.000000000000000000e+00 1.200000000000000000e+01
1.410007767766289248e+02 6.000000000000000000e+00 1.200000000000000000e+01
1.420001837983987514e+02 6.000000000000000000e+00 1.000000000000000000e+01
1.430026011464907469e+02 6.000000000000000000e+00 9.000000000000000000e+00
1.440016434193525754e+02 6.000000000000000000e+00 8.000000000000000000e+00
1.450009770785283933e+02 7.000000000000000000e+00 1.000000000000000000e+01
1.460006098265153014e+02 6.000000000000000000e+00 8.000000000000000000e+00
1.470026011464905196e+02 6.000000000000000000e+00 8.000000000000000000e+00
1.480026011464904627e+02 6.000000000000000000e+00 1.100000000000000000e+01
1.490026011464904059e+02 6.000000000000000000e+00 1.100000000000000000e+01
1.500009740909748359e+02 6.000000000000000000e+00 9.000000000000000000e+00
1.510026011464902922e+02 8.000000000000000000e+00 1.200000000000000000e+01
1.520014046848283158e+02 7.000000000000000000e+00 1.300000000000000000e+01
1.530026011464901785e+02 7.000000000000000000e+00 1.500000000000000000e+01
1.540026011464901217e+02 9.000000000000000000e+00 1.600000000000000000e+01
1.550023064776927129e+02 1.100000000000000000e+01 1.600000000000000000e+01
1.560019790745195962e+02 1.300000000000000000e+01 1.400000000000000000e+01
1.570026011464899511e+02 1.500000000000000000e+01 1.600000000000000000e+01
1.580026011464898943e+02 1.600000000000000000e+01 1.600000000000000000e+01
1.590026011464898374e+02 1.700000000000000000e+01 1.500000000000000000e+01
1.600004007189147899e+02 1.800000000000000000e+01 1.600000000000000000e+01
1.610026011464897238e+02 1.600000000000000000e+01 1.700000000000000000e+01
1.620026011464896669e+02 1.700000000000000000e+01 1.600000000000000000e+01
1.630001879317941302e+02 1.800000000000000000e+01 1.800000000000000000e+01
1.640026011464895532e+02 1.800000000000000000e+01 1.800000000000000000e+01
1.650025491265902531e+02 1.100000000000000000e+01 1.900000000000000000e+01
1.660026011464894395e+02 1.000000000000000000e+01 1.900000000000000000e+01
1.670014022208468987e+02 1.000000000000000000e+01 1.900000000000000000e+01
1.680011613113064470e+02 1.200000000000000000e+01 2.000000000000000000e+01
1.690026011464892690e+02 1.300000000000000000e+01 1.500000000000000000e+01
1.700026011464892122e+02 1.400000000000000000e+01 1.500000000000000000e+01
1.710026011464891553e+02 1.300000000000000000e+01 1.500000000000000000e+01
1.720011216761536730e+02 1.100000000000000000e+01 1.600000000000000000e+01
1.730005774105347598e+02 8.000000000000000000e+00 1.600000000000000000e+01
1.740026011464889848e+02 9.000000000000000000e+00 1.700000000000000000e+01
1.750026011464889280e+02 9.000000000000000000e+00 1.800000000000000000e+01
1.760026011464888711e+02 9.000000000000000000e+00 2.000000000000000000e+01
1.770026011464888143e+02 7.000000000000000000e+00 1.800000000000000000e+01
1.780014884966637965e+02 5.000000000000000000e+00 1.800000000000000000e+01
1.790000583545733548e+02 7.000000000000000000e+00 1.900000000000000000e+01
1.800026011464886437e+02 7.000000000000000000e+00 2.000000000000000000e+01
1.810026011464885869e+02 6.000000000000000000e+00 1.900000000000000000e+01
1.820026011464885300e+02 4.000000000000000000e+00 2.000000000000000000e+01
1.830026011464884732e+02 6.000000000000000000e+00 1.900000000000000000e+01
1.840026011464884164e+02 4.000000000000000000e+00 1.900000000000000000e+01
1.850026011464883595e+02 5.000000000000000000e+00 1.900000000000000000e+01
1.860022358880484887e+02 2.000000000000000000e+00 2.100000000000000000e+01
1.870001896447406295e+02 3.000000000000000000e+00 2.000000000000000000e+01
1.880004201116101683e+02 3.000000000000000000e+00 2.100000000000000000e+01
1.890026011464881321e+02 2.000000000000000000e+00 1.900000000000000000e+01
1.900013336440617593e+02 5.000000000000000000e+00 1.600000000000000000e+01
1.910026011464880185e+02 3.000000000000000000e+00 1.300000000000000000e+01
1.920026011464879616e+02 2.000000000000000000e+00 1.400000000000000000e+01
1.930006119709408381e+02 2.000000000000000000e+00 1.500000000000000000e+01
1.940026011464878479e+02 2.000000000000000000e+00 1.300000000000000000e+01
1.950009975577560510e+02 3.000000000000000000e+00 1.100000000000000000e+01
1.960026011464877342e+02 3.000000000000000000e+00 1.100000000000000000e+01
1.970001669188089295e+02 3.000000000000000000e+00 1.100000000000000000e+01
1.980019849040113513e+02 2.000000000000000000e+00 1.100000000000000000e+01
1.990025842863050229e+02 4.000000000000000000e+00 1.100000000000000000e+01
2.000026011464875069e+02 4.000000000000000000e+00 1.100000000000000000e+01
2.010014640976706914e+02 4.000000000000000000e+00 1.200000000000000000e+01
2.020026011464873932e+02 5.000000000000000000e+00 1.300000000000000000e+01
2.030011514947130422e+02 4.000000000000000000e+00 1.400000000000000000e+01
2.040026011464872795e+02 7.000000000000000000e+00 1.100000000000000000e+01
2.050026011464872226e+02 9.000000000000000000e+00 1.100000000000000000e+01
2.060026011464871658e+02 1.000000000000000000e+01 9.000000000000000000e+00
2.070011447438774326e+02 1.100000000000000000e+01 1.000000000000000000e+01
2.080001332754597456e+02 1.200000000000000000e+01 1.200000000000000000e+01
2.090025099866193727e+02 1.400000000000000000e+01 1.500000000000000000e+01
2.100026011464869384e+02 1.400000000000000000e+01 1.300000000000000000e+01
2.110026011464868816e+02 1.500000000000000000e+01 1.400000000000000000e+01
2.120026011464868247e+02 1.600000000000000000e+01 1.600000000000000000e+01
2.130015293265372804e+02 1.700000000000000000e+01 1.500000000000000000e+01
2.140026011464867111e+02 1.900000000000000000e+01 1.800000000000000000e+01
2.150005186789671825e+02 2.000000000000000000e+01 1.600000000000000000e+01
2.160001470063283477e+02 1.900000000000000000e+01 1.800000000000000000e+01
2.170016592023916360e+02 2.000000000000000000e+01 1.900000000000000000e+01
2.180000322204716667e+02 2.100000000000000000e+01 1.600000000000000000e+01
2.190026011464864268e+02 2.300000000000000000e+01 1.000000000000000000e+01
2.200026011464863700e+02 2.400000000000000000e+01 9.000000000000000000e+00
2.210004533538789531e+02 2.700000000000000000e+01 9.000000000000000000e+00
2.220026011464862563e+02 2.900000000000000000e+01 7.000000000000000000e+00
2.230008395532105965e+02 2.900000000000000000e+01 6.000000000000000000e+00
2.240026011464861426e+02 2.900000000000000000e+01 7.000000000000000000e+00
2.250026011464860858e+02 3.000000000000000000e+01 7.000000000000000000e+00
2.260026011464860289e+02 2.900000000000000000e+01 8.000000000000000000e+00
2.270026011464859721e+02 2.900000000000000000e+01 8.000000000000000000e+00
2.280026011464859153e+02 2.900000000000000000e+01 9.000000000000000000e+00
2.290017897847205575e+02 3.000000000000000000e+01 9.000000000000000000e+00
2.300026011464858016e+02 3.000000000000000000e+01 9.000000000000000000e+00
2.310008540605276721e+02 3.100000000000000000e+01 1.100000000000000000e+01
2.320026011464856879e+02 3.200000000000000000e+01 1.100000000000000000e+01
2.330026011464856310e+02 3.200000000000000000e+01 1.000000000000000000e+01
2.340026011464855742e+02 3.200000000000000000e+01 1.000000000000000000e+01
2.350016061932536218e+02 3.200000000000000000e+01 1.000000000000000000e+01
2.360026011464854605e+02 3.200000000000000000e+01 1.100000000000000000e+01
2.370026011464854037e+02 3.500000000000000000e+01 1.300000000000000000e+01
2.380026011464853468e+02 3.500000000000000000e+01 1.300000000000000000e+01
2.390005025230081515e+02 3.400000000000000000e+01 1.100000000000000000e+01
2.400026011464852331e+02 3.500000000000000000e+01 1.100000000000000000e+01
2.410026011464851763e+02 3.500000000000000000e+01 1.200000000000000000e+01
2.420026011464851194e+02 3.400000000000000000e+01 1.000000000000000000e+01
2.430026011464850626e+02 3.200000000000000000e+01 1.000000000000000000e+01
2.440026011464850058e+02 2.900000000000000000e+01 1.100000000000000000e+01
2.450026011464849489e+02 2.900000000000000000e+01 1.100000000000000000e+01
2.460020915892012852e+02 2.300000000000000000e+01 1.100000000000000000e+01
2.470005340214271428e+02 2.000000000000000000e+01 1.100000000000000000e+01
2.480017658107070133e+02 2.000000000000000000e+01 1.100000000000000000e+01
2.490026011464847215e+02 2.000000000000000000e+01 1.200000000000000000e+01
2.500026011464846647e+02 2.000000000000000000e+01 1.300000000000000000e+01
2.510026011464846079e+02 2.000000000000000000e+01 1.400000000000000000e+01
2.520026011464845510e+02 1.900000000000000000e+01 1.400000000000000000e+01
2.530026011464844942e+02 2.000000000000000000e+01 1.400000000000000000e+01
2.540026011464844373e+02 2.000000000000000000e+01 1.700000000000000000e+01
2.550026011464843805e+02 2.000000000000000000e+01 2.000000000000000000e+01
2.560026011464843236e+02 2.100000000000000000e+01 2.000000000000000000e+01
2.570026011464845510e+02 2.100000000000000000e+01 2.100000000000000000e+01
2.580026011464847784e+02 2.200000000000000000e+01 2.300000000000000000e+01
2.590019699690722632e+02 2.200000000000000000e+01 2.100000000000000000e+01
2.600026011464852331e+02 2.300000000000000000e+01 2.000000000000000000e+01
2.610026011464854605e+02 2.400000000000000000e+01 1.900000000000000000e+01
2.620026011464856879e+02 2.500000000000000000e+01 1.900000000000000000e+01
2.630012324757413467e+02 2.700000000000000000e+01 1.900000000000000000e+01
2.640026011464861426e+02 2.700000000000000000e+01 1.800000000000000000e+01
2.650026011464863700e+02 2.700000000000000000e+01 1.900000000000000000e+01
2.660026011464865974e+02 2.900000000000000000e+01 1.900000000000000000e+01
2.670014144268609471e+02 2.900000000000000000e+01 1.900000000000000000e+01
2.680026011464870521e+02 3.000000000000000000e+01 2.100000000000000000e+01
2.690026011464872795e+02 3.000000000000000000e+01 2.000000000000000000e+01
2.700026011464875069e+02 2.800000000000000000e+01 2.000000000000000000e+01
2.710019077537444332e+02 2.500000000000000000e+01 2.100000000000000000e+01
2.720026011464879616e+02 2.100000000000000000e+01 2.200000000000000000e+01
2.730026011464881890e+02 2.100000000000000000e+01 2.400000000000000000e+01
2.740026011464884164e+02 2.000000000000000000e+01 2.400000000000000000e+01
2.750026011464886437e+02 2.000000000000000000e+01 2.400000000000000000e+01
2.760005466656962767e+02 2.100000000000000000e+01 2.500000000000000000e+01
2.770024927204343612e+02 2.100000000000000000e+01 2.700000000000000000e+01
2.780026011464893259e+02 1.900000000000000000e+01 2.700000000000000000e+01
2.790026011464895532e+02 1.900000000000000000e+01 2.700000000000000000e+01
2.800013719453449994e+02 1.600000000000000000e+01 2.300000000000000000e+01
2.810026011464900080e+02 1.600000000000000000e+01 2.200000000000000000e+01
2.820026011464902354e+02 1.700000000000000000e+01 2.300000000000000000e+01
2.830019375460947799e+02 1.600000000000000000e+01 2.300000000000000000e+01
2.840007109994180610e+02 1.700000000000000000e+01 2.300000000000000000e+01
2.850001969279157379e+02 1.600000000000000000e+01 2.400000000000000000e+01
2.860015715149105517e+02 1.700000000000000000e+01 2.500000000000000000e+01
2.870026011464913722e+02 1.700000000000000000e+01 2.300000000000000000e+01
2.880026011464915996e+02 1.700000000000000000e+01 2.000000000000000000e+01
2.890026011464918270e+02 1.100000000000000000e+01 1.900000000000000000e+01
2.900026011464920543e+02 8.000000000000000000e+00 1.900000000000000000e+01
2.910026011464922817e+02 1.000000000000000000e+01 2.000000000000000000e+01
2.920014246537701865e+02 1.100000000000000000e+01 1.900000000000000000e+01
2.930010721916067382e+02 1.000000000000000000e+01 1.900000000000000000e+01
2.940000179269325145e+02 1.000000000000000000e+01 1.900000000000000000e+01
2.950006381382153791e+02 1.000000000000000000e+01 2.100000000000000000e+01
2.960016936515135626e+02 8.000000000000000000e+00 2.000000000000000000e+01
2.970017217283358946e+02 9.000000000000000000e+00 1.900000000000000000e+01
2.980026011464938733e+02 9.000000000000000000e+00 1.600000000000000000e+01
2.990023965328023792e+02 7.000000000000000000e+00 1.500000000000000000e+01
3.000026011464943281e+02 6.000000000000000000e+00 1.500000000000000000e+01
