0.000000000000000000e+00 0.000000000000000000e+00 0.000000000000000000e+00
1.000004398452163157e+00 0.000000000000000000e+00 0.000000000000000000e+00
2.000004398452163823e+00 0.000000000000000000e+00 0.000000000000000000e+00
3.000004398452164711e+00 2.000000000000000000e+00 2.000000000000000000e+00
4.000004398452165155e+00 2.000000000000000000e+00 2.000000000000000000e+00
5.000004398452161603e+00 3.000000000000000000e+00 3.000000000000000000e+00
6.000004398452158050e+00 3.000000000000000000e+00 3.000000000000000000e+00
7.000004398452154497e+00 4.000000000000000000e+00 4.000000000000000000e+00
8.000004398452151833e+00 5.000000000000000000e+00 5.000000000000000000e+00
9.000004398452148280e+00 4.000000000000000000e+00 4.000000000000000000e+00
1.000000439845214473e+01 5.000000000000000000e+00 5.000000000000000000e+00
1.100000439845214117e+01 6.000000000000000000e+00 6.000000000000000000e+00
1.200000439845213762e+01 6.000000000000000000e+00 6.000000000000000000e+00
1.300000439845213407e+01 7.000000000000000000e+00 7.000000000000000000e+00
1.400000439845213052e+01 7.000000000000000000e+00 7.000000000000000000e+00
1.500000439845212696e+01 7.000000000000000000e+00 7.000000000000000000e+00
1.600000439845212341e+01 8.000000000000000000e+00 8.000000000000000000e+00
1.700000439845213762e+01 8.000000000000000000e+00 9.000000000000000000e+00
1.800000439845215183e+01 9.000000000000000000e+00 1.000000000000000000e+01
1.900000439845216604e+01 8.000000000000000000e+00 1.000000000000000000e+01
2.000000439845218025e+01 8.000000000000000000e+00 1.000000000000000000e+01
2.100000439845219447e+01 8.000000000000000000e+00 1.000000000000000000e+01
2.200000439845220868e+01 8.000000000000000000e+00 1.000000000000000000e+01
2.300000439845222289e+01 1.100000000000000000e+01 9.000000000000000000e+00
2.400000439845223710e+01 1.200000000000000000e+01 1.000000000000000000e+01
2.500000439845225131e+01 1.100000000000000000e+01 5.000000000000000000e+00
2.600000439845226552e+01 1.200000000000000000e+01 5.000000000000000000e+00
2.700000439845227973e+01 1.100000000000000000e+01 6.000000000000000000e+00
2.800000439845229394e+01 1.100000000000000000e+01 6.000000000000000000e+00
2.900000439845230815e+01 9.000000000000000000e+00 7.000000000000000000e+00
3.000000439845232236e+01 9.000000000000000000e+00 8.000000000000000000e+00
3.100000439845233657e+01 9.000000000000000000e+00 8.000000000000000000e+00
3.200000439845234723e+01 8.000000000000000000e+00 1.000000000000000000e+01
3.300000439845236144e+01 6.000000000000000000e+00 9.000000000000000000e+00
3.400000439845237565e+01 6.000000000000000000e+00 1.000000000000000000e+01
3.500000439845238986e+01 5.000000000000000000e+00 1.000000000000000000e+01
3.600000439845240408e+01 5.000000000000000000e+00 1.100000000000000000e+01
3.700000439845241829e+01 9.000000000000000000e+00 1.300000000000000000e+01
3.800000439845243250e+01 7.000000000000000000e+00 1.300000000000000000e+01
3.900000439845244671e+01 4.000000000000000000e+00 1.400000000000000000e+01
4.000000439845246092e+01 4.000000000000000000e+00 1.500000000000000000e+01
4.100000439845247513e+01 5.000000000000000000e+00 1.600000000000000000e+01
4.200000439845248934e+01 5.000000000000000000e+00 1.600000000000000000e+01
4.300000439845250355e+01 5.000000000000000000e+00 1.700000000000000000e+01
4.400000439845251776e+01 6.000000000000000000e+00 1.800000000000000000e+01
4.500000439845253197e+01 6.000000000000000000e+00 1.700000000000000000e+01
4.600000439845254618e+01 6.000000000000000000e+00 1.600000000000000000e+01
4.700000439845256039e+01 6.000000000000000000e+00 1.500000000000000000e+01
4.800000439845257461e+01 6.000000000000000000e+00 1.200000000000000000e+01
4.900000439845258882e+01 6.000000000000000000e+00 1.200000000000000000e+01
5.000000439845260303e+01 5.000000000000000000e+00 1.100000000000000000e+01
5.100000439845261724e+01 6.000000000000000000e+00 1.100000000000000000e+01
5.200000439845263145e+01 7.000000000000000000e+00 1.000000000000000000e+01
5.300000439845264566e+01 7.000000000000000000e+00 1.000000000000000000e+01
5.400000439845265987e+01 8.000000000000000000e+00 1.100000000000000000e+01
5.500000439845267408e+01 6.000000000000000000e+00 1.000000000000000000e+01
5.600000439845268829e+01 5.000000000000000000e+00 1.100000000000000000e+01
5.700000439845270250e+01 5.000000000000000000e+00 1.100000000000000000e+01
5.800000439845271671e+01 5.000000000000000000e+00 1.100000000000000000e+01
5.900000439845273092e+01 5.000000000000000000e+00 1.100000000000000000e+01
6.000000439845274514e+01 6.000000000000000000e+00 1.200000000000000000e+01
6.100000439845275935e+01 6.000000000000000000e+00 1.300000000000000000e+01
6.200000439845277356e+01 4.000000000000000000e+00 1.400000000000000000e+01
6.300000439845278777e+01 1.000000000000000000e+00 1.600000000000000000e+01
6.400000439845280198e+01 0.000000000000000000e+00 1.600000000000000000e+01
6.500000439845274514e+01 1.000000000000000000e+00 1.700000000000000000e+01
6.600000439845268829e+01 0.000000000000000000e+00 1.700000000000000000e+01
6.700000439845263145e+01 1.000000000000000000e+00 1.700000000000000000e+01
6.800000439845257461e+01 1.000000000000000000e+00 1.500000000000000000e+01
6.900000439845251776e+01 1.000000000000000000e+00 1.100000000000000000e+01
7.000000439845246092e+01 2.000000000000000000e+00 1.200000000000000000e+01
7.100000439845240408e+01 2.000000000000000000e+00 1.100000000000000000e+01
7.200000439845234723e+01 2.000000000000000000e+00 1.100000000000000000e+01
7.300000439845229039e+01 2.000000000000000000e+00 1.000000000000000000e+01
7.400000439845223354e+01 3.000000000000000000e+00 1.000000000000000000e+01
7.500000439845217670e+01 5.000000000000000000e+00 1.000000000000000000e+01
7.600000439845211986e+01 6.000000000000000000e+00 1.300000000000000000e+01
7.700000439845206301e+01 6.000000000000000000e+00 1.300000000000000000e+01
7.800000439845200617e+01 7.000000000000000000e+00 1.400000000000000000e+01
7.900000439845194933e+01 6.000000000000000000e+00 1.500000000000000000e+01
8.000000439845189248e+01 6.000000000000000000e+00 1.500000000000000000e+01
8.100000439845183564e+01 8.000000000000000000e+00 1.700000000000000000e+01
8.200000439845177880e+01 7.000000000000000000e+00 1.700000000000000000e+01
8.300000439845172195e+01 6.000000000000000000e+00 1.900000000000000000e+01
8.400000439845166511e+01 6.000000000000000000e+00 1.700000000000000000e+01
8.500000439845160827e+01 6.000000000000000000e+00 1.700000000000000000e+01
8.600000439845155142e+01 6.000000000000000000e+00 1.500000000000000000e+01
8.700000439845149458e+01 7.000000000000000000e+00 1.300000000000000000e+01
8.800000439845143774e+01 8.000000000000000000e+00 9.000000000000000000e+00
8.900000439845138089e+01 1.000000000000000000e+01 4.000000000000000000e+00
9.000000439845132405e+01 1.100000000000000000e+01 4.000000000000000000e+00
9.100000439845126721e+01 1.100000000000000000e+01 5.000000000000000000e+00
9.200000439845121036e+01 8.000000000000000000e+00 5.000000000000000000e+00
9.300000439845115352e+01 1.100000000000000000e+01 5.000000000000000000e+00
9.400000439845109668e+01 1.100000000000000000e+01 5.000000000000000000e+00
9.500000439845103983e+01 1.100000000000000000e+01 3.000000000000000000e+00
9.600000439845098299e+01 1.100000000000000000e+01 4.000000000000000000e+00
9.700000439845092615e+01 1.200000000000000000e+01 4.000000000000000000e+00
9.800000439845086930e+01 1.100000000000000000e+01 3.000000000000000000e+00
9.900000439845081246e+01 1.200000000000000000e+01 3.000000000000000000e+00
1.000000043984507556e+02 1.200000000000000000e+01 5.000000000000000000e+00
1.010000043984506988e+02 1.300000000000000000e+01 7.000000000000000000e+00
1.020000043984506419e+02 1.300000000000000000e+01 7.000000000000000000e+00
1.030000043984505851e+02 1.200000000000000000e+01 6.000000000000000000e+00
1.040000043984505282e+02 1.200000000000000000e+01 7.000000000000000000e+00
1.050000043984504714e+02 1.200000000000000000e+01 7.000000000000000000e+00
1.060000043984504146e+02 1.200000000000000000e+01 3.000000000000000000e+00
1.070000043984503577e+02 1.200000000000000000e+01 3.000000000000000000e+00
1.080000043984503009e+02 1.200000000000000000e+01 3.000000000000000000e+00
1.090000043984502440e+02 1.400000000000000000e+01 5.000000000000000000e+00
1.100000043984501872e+02 1.700000000000000000e+01 6.000000000000000000e+00
1.110000043984501303e+02 1.800000000000000000e+01 7.000000000000000000e+00
1.120000043984500735e+02 1.900000000000000000e+01 7.000000000000000000e+00
1.130000043984500167e+02 1.900000000000000000e+01 7.000000000000000000e+00
1.140000043984499598e+02 1.900000000000000000e+01 8.000000000000000000e+00
1.150000043984499030e+02 1.900000000000000000e+01 9.000000000000000000e+00
1.160000043984498461e+02 1.900000000000000000e+01 9.000000000000000000e+00
1.170000043984497893e+02 2.100000000000000000e+01 1.100000000000000000e+01
1.180000043984497324e+02 2.000000000000000000e+01 1.100000000000000000e+01
1.190000043984496756e+02 2.200000000000000000e+01 1.100000000000000000e+01
1.200000043984496187e+02 1.800000000000000000e+01 1.200000000000000000e+01
1.210000043984495619e+02 1.500000000000000000e+01 1.200000000000000000e+01
1.220000043984495051e+02 1.700000000000000000e+01 1.200000000000000000e+01
1.230000043984494482e+02 1.500000000000000000e+01 1.200000000000000000e+01
1.240000043984493914e+02 1.600000000000000000e+01 1.200000000000000000e+01
1.250000043984493345e+02 1.600000000000000000e+01 1.300000000000000000e+01
1.260000043984492777e+02 1.600000000000000000e+01 1.500000000000000000e+01
1.270000043984492208e+02 1.500000000000000000e+01 1.500000000000000000e+01
1.280000043984491640e+02 1.500000000000000000e+01 1.500000000000000000e+01
1.290000043984491072e+02 1.500000000000000000e+01 1.500000000000000000e+01
1.300000043984490503e+02 1.500000000000000000e+01 1.600000000000000000e+01
1.310000043984489935e+02 1.800000000000000000e+01 1.800000000000000000e+01
1.320000043984489366e+02 1.400000000000000000e+01 1.900000000000000000e+01
1.330000043984488798e+02 1.200000000000000000e+01 1.900000000000000000e+01
1.340000043984488229e+02 1.000000000000000000e+01 1.900000000000000000e+01
1.350000043984487661e+02 1.000000000000000000e+01 1.800000000000000000e+01
1.360000043984487093e+02 9.000000000000000000e+00 2.000000000000000000e+01
1.370000043984486524e+02 8.000000000000000000e+00 2.100000000000000000e+01
1.380000043984485956e+02 9.000000000000000000e+00 2.300000000000000000e+01
1.390000043984485387e+02 9.000000000000000000e+00 2.400000000000000000e+01
1.400000043984484819e+02 6.000000000000000000e+00 2.300000000000000000e+01
1.410000043984484250e+02 7.000000000000000000e+00 2.300000000000000000e+01
1.420000043984483682e+02 6.000000000000000000e+00 2.400000000000000000e+01
1.430000043984483113e+02 5.000000000000000000e+00 2.700000000000000000e+01
1.440000043984482545e+02 6.000000000000000000e+00 2.700000000000000000e+01
1.450000043984481977e+02 6.000000000000000000e+00 2.600000000000000000e+01
1.460000043984481408e+02 6.000000000000000000e+00 2.700000000000000000e+01
1.470000043984480840e+02 7.000000000000000000e+00 2.700000000000000000e+01
1.480000043984480271e+02 5.000000000000000000e+00 2.600000000000000000e+01
1.490000043984479703e+02 4.000000000000000000e+00 2.200000000000000000e+01
1.500000043984479134e+02 5.000000000000000000e+00 1.700000000000000000e+01
1.510000043984478566e+02 4.000000000000000000e+00 1.600000000000000000e+01
1.520000043984477998e+02 6.000000000000000000e+00 1.500000000000000000e+01
1.530000043984477429e+02 6.000000000000000000e+00 1.500000000000000000e+01
1.540000043984476861e+02 6.000000000000000000e+00 1.500000000000000000e+01
1.550000043984476292e+02 7.000000000000000000e+00 1.700000000000000000e+01
1.560000043984475724e+02 5.000000000000000000e+00 1.600000000000000000e+01
1.570000043984475155e+02 6.000000000000000000e+00 1.600000000000000000e+01
1.580000043984474587e+02 6.000000000000000000e+00 1.700000000000000000e+01
1.590000043984474019e+02 6.000000000000000000e+00 1.800000000000000000e+01
1.600000043984473450e+02 5.000000000000000000e+00 1.700000000000000000e+01
1.610000043984472882e+02 7.000000000000000000e+00 1.800000000000000000e+01
1.620000043984472313e+02 6.000000000000000000e+00 1.700000000000000000e+01
1.630000043984471745e+02 8.000000000000000000e+00 1.700000000000000000e+01
1.640000043984471176e+02 1.000000000000000000e+01 2.000000000000000000e+01
1.650000043984470608e+02 1.000000000000000000e+01 1.800000000000000000e+01
1.660000043984470040e+02 1.100000000000000000e+01 2.200000000000000000e+01
1.670000043984469471e+02 1.200000000000000000e+01 2.300000000000000000e+01
1.680000043984468903e+02 1.200000000000000000e+01 2.300000000000000000e+01
1.690000043984468334e+02 1.200000000000000000e+01 2.300000000000000000e+01
1.700000043984467766e+02 1.400000000000000000e+01 2.300000000000000000e+01
1.710000043984467197e+02 1.400000000000000000e+01 2.300000000000000000e+01
1.720000043984466629e+02 1.400000000000000000e+01 2.300000000000000000e+01
1.730000043984466060e+02 1.300000000000000000e+01 2.300000000000000000e+01
1.740000043984465492e+02 1.200000000000000000e+01 2.200000000000000000e+01
1.750000043984464924e+02 1.400000000000000000e+01 2.400000000000000000e+01
1.760000043984464355e+02 1.300000000000000000e+01 2.400000000000000000e+01
1.770000043984463787e+02 1.300000000000000000e+01 2.400000000000000000e+01
1.780000043984463218e+02 1.200000000000000000e+01 2.400000000000000000e+01
1.790000043984462650e+02 1.000000000000000000e+01 2.500000000000000000e+01
1.800000043984462081e+02 1.100000000000000000e+01 2.500000000000000000e+01
1.810000043984461513e+02 1.100000000000000000e+01 2.500000000000000000e+01
1.820000043984460945e+02 1.000000000000000000e+01 2.600000000000000000e+01
1.830000043984460376e+02 1.100000000000000000e+01 2.600000000000000000e+01
1.840000043984459808e+02 1.200000000000000000e+01 2.600000000000000000e+01
1.850000043984459239e+02 1.100000000000000000e+01 2.600000000000000000e+01
1.860000043984458671e+02 1.100000000000000000e+01 2.700000000000000000e+01
1.870000043984458102e+02 1.100000000000000000e+01 2.600000000000000000e+01
1.880000043984457534e+02 1.300000000000000000e+01 2.800000000000000000e+01
1.890000043984456966e+02 1.300000000000000000e+01 3.000000000000000000e+01
1.900000043984456397e+02 1.100000000000000000e+01 3.100000000000000000e+01
1.910000043984455829e+02 8.000000000000000000e+00 3.000000000000000000e+01
1.920000043984455260e+02 7.000000000000000000e+00 3.000000000000000000e+01
1.930000043984454692e+02 8.000000000000000000e+00 3.300000000000000000e+01
1.940000043984454123e+02 8.000000000000000000e+00 3.300000000000000000e+01
1.950000043984453555e+02 7.000000000000000000e+00 3.400000000000000000e+01
1.960000043984452986e+02 7.000000000000000000e+00 3.400000000000000000e+01
1.970000043984452418e+02 8.000000000000000000e+00 3.100000000000000000e+01
1.980000043984451850e+02 1.100000000000000000e+01 3.300000000000000000e+01
1.990000043984451281e+02 1.000000000000000000e+01 3.100000000000000000e+01
2.000000043984450713e+02 1.000000000000000000e+01 3.100000000000000000e+01
2.010000043984450144e+02 1.000000000000000000e+01 3.000000000000000000e+01
2.020000043984449576e+02 1.000000000000000000e+01 3.100000000000000000e+01
2.030000043984449007e+02 1.100000000000000000e+01 3.000000000000000000e+01
2.040000043984448439e+02 1.100000000000000000e+01 2.900000000000000000e+01
2.050000043984447871e+02 1.000000000000000000e+01 3.000000000000000000e+01
2.060000043984447302e+02 1.100000000000000000e+01 2.900000000000000000e+01
2.070000043984446734e+02 1.100000000000000000e+01 2.100000000000000000e+01
2.080000043984446165e+02 1.200000000000000000e+01 2.000000000000000000e+01
2.090000043984445597e+02 1.300000000000000000e+01 2.000000000000000000e+01
2.100000043984445028e+02 1.200000000000000000e+01 1.900000000000000000e+01
2.110000043984444460e+02 1.000000000000000000e+01 2.000000000000000000e+01
2.120000043984443892e+02 9.000000000000000000e+00 2.000000000000000000e+01
2.130000043984443323e+02 8.000000000000000000e+00 2.000000000000000000e+01
2.140000043984442755e+02 6.000000000000000000e+00 2.000000000000000000e+01
2.150000043984442186e+02 6.000000000000000000e+00 2.200000000000000000e+01
2.160000043984441618e+02 9.000000000000000000e+00 2.500000000000000000e+01
2.170000043984441049e+02 9.000000000000000000e+00 2.500000000000000000e+01
2.180000043984440481e+02 9.000000000000000000e+00 2.700000000000000000e+01
2.190000043984439912e+02 9.000000000000000000e+00 2.800000000000000000e+01
2.200000043984439344e+02 9.000000000000000000e+00 2.600000000000000000e+01
2.210000043984438776e+02 1.100000000000000000e+01 2.600000000000000000e+01
2.220000043984438207e+02 1.300000000000000000e+01 2.600000000000000000e+01
2.230000043984437639e+02 1.100000000000000000e+01 2.500000000000000000e+01
2.240000043984437070e+02 1.100000000000000000e+01 2.500000000000000000e+01
2.250000043984436502e+02 1.200000000000000000e+01 2.500000000000000000e+01
2.260000043984435933e+02 1.300000000000000000e+01 2.100000000000000000e+01
2.270000043984435365e+02 1.400000000000000000e+01 1.800000000000000000e+01
2.280000043984434797e+02 1.200000000000000000e+01 1.700000000000000000e+01
2.290000043984434228e+02 9.000000000000000000e+00 1.000000000000000000e+01
2.300000043984433660e+02 7.000000000000000000e+00 8.000000000000000000e+00
2.310000043984433091e+02 7.000000000000000000e+00 7.000000000000000000e+00
2.320000043984432523e+02 8.000000000000000000e+00 7.000000000000000000e+00
2.330000043984431954e+02 1.000000000000000000e+01 7.000000000000000000e+00
2.340000043984431386e+02 1.000000000000000000e+01 6.000000000000000000e+00
2.350000043984430818e+02 1.000000000000000000e+01 5.000000000000000000e+00
2.360000043984430249e+02 9.000000000000000000e+00 5.000000000000000000e+00
2.370000043984429681e+02 1.100000000000000000e+01 8.000000000000000000e+00
2.380000043984429112e+02 1.400000000000000000e+01 7.000000000000000000e+00
2.390000043984428544e+02 1.400000000000000000e+01 7.000000000000000000e+00
2.400000043984427975e+02 1.400000000000000000e+01 8.000000000000000000e+00
2.410000043984427407e+02 1.400000000000000000e+01 9.000000000000000000e+00
2.420000043984426839e+02 1.500000000000000000e+01 6.000000000000000000e+00
2.430000043984426270e+02 1.400000000000000000e+01 7.000000000000000000e+00
2.440000043984425702e+02 9.000000000000000000e+00 9.000000000000000000e+00
2.450000043984425133e+02 1.000000000000000000e+01 1.200000000000000000e+01
2.460000043984424565e+02 1.000000000000000000e+01 1.400000000000000000e+01
2.470000043984423996e+02 1.200000000000000000e+01 1.400000000000000000e+01
2.480000043984423428e+02 1.100000000000000000e+01 1.400000000000000000e+01
2.490000043984422859e+02 1.200000000000000000e+01 1.400000000000000000e+01
2.500000043984422291e+02 1.200000000000000000e+01 1.500000000000000000e+01
2.510000043984421723e+02 1.300000000000000000e+01 1.700000000000000000e+01
2.520000043984421154e+02 1.300000000000000000e+01 1.800000000000000000e+01
2.530000043984420586e+02 1.200000000000000000e+01 1.800000000000000000e+01
2.540000043984420017e+02 1.500000000000000000e+01 1.800000000000000000e+01
2.550000043984419449e+02 1.600000000000000000e+01 1.900000000000000000e+01
2.560000043984418880e+02 1.800000000000000000e+01 1.900000000000000000e+01
2.570000043984421154e+02 1.800000000000000000e+01 1.800000000000000000e+01
2.580000043984423428e+02 1.800000000000000000e+01 1.900000000000000000e+01
2.590000043984425702e+02 1.800000000000000000e+01 1.800000000000000000e+01
2.600000043984427975e+02 1.800000000000000000e+01 1.800000000000000000e+01
2.610000043984430249e+02 1.800000000000000000e+01 1.600000000000000000e+01
2.620000043984432523e+02 1.800000000000000000e+01 1.500000000000000000e+01
2.630000043984434797e+02 1.800000000000000000e+01 1.500000000000000000e+01
2.640000043984437070e+02 1.900000000000000000e+01 1.700000000000000000e+01
2.650000043984439344e+02 1.900000000000000000e+01 1.700000000000000000e+01
2.660000043984441618e+02 1.800000000000000000e+01 1.800000000000000000e+01
2.670000043984443892e+02 1.700000000000000000e+01 1.900000000000000000e+01
2.680000043984446165e+02 1.700000000000000000e+01 2.000000000000000000e+01
2.690000043984448439e+02 1.600000000000000000e+01 1.900000000000000000e+01
2.700000043984450713e+02 1.500000000000000000e+01 2.000000000000000000e+01
2.710000043984452986e+02 1.600000000000000000e+01 2.000000000000000000e+01
2.720000043984455260e+02 1.700000000000000000e+01 2.100000000000000000e+01
2.730000043984457534e+02 1.600000000000000000e+01 1.900000000000000000e+01
2.740000043984459808e+02 1.600000000000000000e+01 1.900000000000000000e+01
2.750000043984462081e+02 1.600000000000000000e+01 1.600000000000000000e+01
2.760000043984464355e+02 1.600000000000000000e+01 1.700000000000000000e+01
2.770000043984466629e+02 1.700000000000000000e+01 1.700000000000000000e+01
2.780000043984468903e+02 1.800000000000000000e+01 1.600000000000000000e+01
2.790000043984471176e+02 1.800000000000000000e+01 1.500000000000000000e+01
2.800000043984473450e+02 1.800000000000000000e+01 1.200000000000000000e+01
2.810000043984475724e+02 1.800000000000000000e+01 1.200000000000000000e+01
2.820000043984477998e+02 1.900000000000000000e+01 1.200000000000000000e+01
2.830000043984480271e+02 2.000000000000000000e+01 1.100000000000000000e+01
2.840000043984482545e+02 2.000000000000000000e+01 1.100000000000000000e+01
2.850000043984484819e+02 2.100000000000000000e+01 1.100000000000000000e+01
2.860000043984487093e+02 2.100000000000000000e+01 1.100000000000000000e+01
2.870000043984489366e+02 2.300000000000000000e+01 1.400000000000000000e+01
2.880000043984491640e+02 2.400000000000000000e+01 1.500000000000000000e+01
2.890000043984493914e+02 2.300000000000000000e+01 1.600000000000000000e+01
2.900000043984496187e+02 2.200000000000000000e+01 1.400000000000000000e+01
2.910000043984498461e+02 2.200000000000000000e+01 1.100000000000000000e+01
2.920000043984500735e+02 2.400000000000000000e+01 8.000000000000000000e+00
2.930000043984503009e+02 2.600000000000000000e+01 7.000000000000000000e+00
2.940000043984505282e+02 2.500000000000000000e+01 7.000000000000000000e+00
2.950000043984507556e+02 2.700000000000000000e+01 7.000000000000000000e+00
2.960000043984509830e+02 2.600000000000000000e+01 8.000000000000000000e+00
2.970000043984512104e+02 2.500000000000000000e+01 9.000000000000000000e+00
2.980000043984514377e+02 2.500000000000000000e+01 1.000000000000000000e+01
2.990000043984516651e+02 2.400000000000000000e+01 1.100000000000000000e+01
3.000000043984518925e+02 2.500000000000000000e+01 1.100000000000000000e+01
