0.000000000000000000e+00 0.000000000000000000e+00 0.000000000000000000e+00
1.000165482235414904e+00 2.000000000000000000e+00 2.000000000000000000e+00
2.000165482235415570e+00 2.000000000000000000e+00 2.000000000000000000e+00
3.000165482235416459e+00 3.000000000000000000e+00 3.000000000000000000e+00
4.000165482235416903e+00 2.000000000000000000e+00 2.000000000000000000e+00
5.000165482235413350e+00 3.000000000000000000e+00 3.000000000000000000e+00
6.000165482235409797e+00 3.000000000000000000e+00 3.000000000000000000e+00
7.000165482235406245e+00 3.000000000000000000e+00 3.000000000000000000e+00
8.000165482235402692e+00 6.000000000000000000e+00 6.000000000000000000e+00
9.000165482235399139e+00 7.000000000000000000e+00 7.000000000000000000e+00
1.000016548223539559e+01 7.000000000000000000e+00 7.000000000000000000e+00
1.100016548223539203e+01 7.000000000000000000e+00 7.000000000000000000e+00
1.200016548223538848e+01 7.000000000000000000e+00 7.000000000000000000e+00
1.300016548223538493e+01 8.000000000000000000e+00 8.000000000000000000e+00
1.400016548223538138e+01 8.000000000000000000e+00 8.000000000000000000e+00
1.500016548223537782e+01 1.000000000000000000e+01 1.000000000000000000e+01
1.600016548223537427e+01 1.200000000000000000e+01 1.200000000000000000e+01
1.700016548223538848e+01 1.200000000000000000e+01 1.200000000000000000e+01
1.800016548223540269e+01 1.300000000000000000e+01 1.300000000000000000e+01
1.900016548223541690e+01 1.300000000000000000e+01 1.300000000000000000e+01
2.000016548223543111e+01 1.500000000000000000e+01 1.500000000000000000e+01
2.100016548223544532e+01 1.600000000000000000e+01 1.600000000000000000e+01
2.200016548223545954e+01 1.700000000000000000e+01 1.700000000000000000e+01
2.300016548223547375e+01 1.700000000000000000e+01 1.700000000000000000e+01
2.400016548223548796e+01 1.900000000000000000e+01 1.900000000000000000e+01
2.500016548223550217e+01 1.900000000000000000e+01 1.900000000000000000e+01
2.600016548223551638e+01 2.000000000000000000e+01 2.000000000000000000e+01
2.700016548223553059e+01 2.000000000000000000e+01 2.000000000000000000e+01
2.800002865098251803e+01 2.000000000000000000e+01 1.800000000000000000e+01
2.900016548223555901e+01 1.800000000000000000e+01 1.800000000000000000e+01
3.000016548223557322e+01 2.100000000000000000e+01 2.000000000000000000e+01
3.100016548223558743e+01 2.200000000000000000e+01 1.900000000000000000e+01
3.200016548223560164e+01 2.000000000000000000e+01 1.900000000000000000e+01
3.300016548223561585e+01 2.000000000000000000e+01 1.800000000000000000e+01
3.400016548223563007e+01 2.000000000000000000e+01 1.700000000000000000e+01
3.500016548223564428e+01 2.000000000000000000e+01 1.700000000000000000e+01
3.600016548223565849e+01 2.000000000000000000e+01 1.800000000000000000e+01
3.700016548223567270e+01 2.100000000000000000e+01 1.900000000000000000e+01
3.800016548223568691e+01 1.900000000000000000e+01 2.100000000000000000e+01
3.900016548223570112e+01 2.000000000000000000e+01 2.200000000000000000e+01
4.000016548223571533e+01 1.600000000000000000e+01 2.300000000000000000e+01
4.100016548223572954e+01 1.800000000000000000e+01 2.300000000000000000e+01
4.200016548223574375e+01 1.700000000000000000e+01 2.100000000000000000e+01
4.300016548223575796e+01 1.400000000000000000e+01 1.600000000000000000e+01
4.400016548223577217e+01 1.100000000000000000e+01 1.500000000000000000e+01
4.500016548223578638e+01 1.000000000000000000e+01 1.500000000000000000e+01
4.600016548223580060e+01 1.100000000000000000e+01 1.300000000000000000e+01
4.700016548223581481e+01 1.100000000000000000e+01 1.000000000000000000e+01
4.800016548223582902e+01 1.100000000000000000e+01 1.100000000000000000e+01
4.900016548223584323e+01 1.100000000000000000e+01 8.000000000000000000e+00
5.000016548223585744e+01 1.100000000000000000e+01 8.000000000000000000e+00
5.100016548223587165e+01 1.100000000000000000e+01 8.000000000000000000e+00
5.200016548223588586e+01 9.000000000000000000e+00 9.000000000000000000e+00
5.300016548223590007e+01 8.000000000000000000e+00 1.000000000000000000e+01
5.400016548223591428e+01 7.000000000000000000e+00 1.000000000000000000e+01
5.500016548223592849e+01 7.000000000000000000e+00 1.000000000000000000e+01
5.600016548223594270e+01 5.000000000000000000e+00 1.100000000000000000e+01
5.700016548223595692e+01 5.000000000000000000e+00 1.300000000000000000e+01
5.800016548223597113e+01 3.000000000000000000e+00 1.300000000000000000e+01
5.900016548223598534e+01 2.000000000000000000e+00 1.400000000000000000e+01
6.000016548223599955e+01 4.000000000000000000e+00 1.400000000000000000e+01
6.100016548223601376e+01 2.000000000000000000e+00 1.500000000000000000e+01
6.200016548223602797e+01 4.000000000000000000e+00 1.600000000000000000e+01
6.300016548223604218e+01 2.000000000000000000e+00 1.600000000000000000e+01
6.400016548223605639e+01 2.000000000000000000e+00 1.700000000000000000e+01
6.500016548223599955e+01 2.000000000000000000e+00 1.700000000000000000e+01
6.600016548223594270e+01 3.000000000000000000e+00 1.600000000000000000e+01
6.700016548223588586e+01 5.000000000000000000e+00 1.600000000000000000e+01
6.800016548223582902e+01 6.000000000000000000e+00 1.700000000000000000e+01
6.900016548223577217e+01 8.000000000000000000e+00 1.800000000000000000e+01
7.000016548223571533e+01 4.000000000000000000e+00 1.900000000000000000e+01
7.100016548223565849e+01 4.000000000000000000e+00 1.800000000000000000e+01
7.200016548223560164e+01 3.000000000000000000e+00 1.400000000000000000e+01
7.300016548223554480e+01 3.000000000000000000e+00 1.300000000000000000e+01
7.400016548223548796e+01 4.000000000000000000e+00 1.100000000000000000e+01
7.500016548223543111e+01 4.000000000000000000e+00 1.100000000000000000e+01
7.600016548223537427e+01 4.000000000000000000e+00 1.100000000000000000e+01
7.700016548223531743e+01 4.000000000000000000e+00 1.000000000000000000e+01
7.800016548223526058e+01 4.000000000000000000e+00 1.200000000000000000e+01
7.900016548223520374e+01 4.000000000000000000e+00 1.100000000000000000e+01
8.000016548223514690e+01 6.000000000000000000e+00 1.200000000000000000e+01
8.100016548223509005e+01 5.000000000000000000e+00 1.000000000000000000e+01
8.200016548223503321e+01 5.000000000000000000e+00 1.000000000000000000e+01
8.300016548223497637e+01 6.000000000000000000e+00 1.000000000000000000e+01
8.400016548223491952e+01 6.000000000000000000e+00 7.000000000000000000e+00
8.500016548223486268e+01 6.000000000000000000e+00 7.000000000000000000e+00
8.600016548223480584e+01 7.000000000000000000e+00 9.000000000000000000e+00
8.700016548223474899e+01 7.000000000000000000e+00 9.000000000000000000e+00
8.800016548223469215e+01 7.000000000000000000e+00 9.000000000000000000e+00
8.900016548223463531e+01 7.000000000000000000e+00 8.000000000000000000e+00
9.000016548223457846e+01 6.000000000000000000e+00 9.000000000000000000e+00
9.100016548223452162e+01 5.000000000000000000e+00 1.100000000000000000e+01
9.200016548223446478e+01 4.000000000000000000e+00 1.000000000000000000e+01
9.300016548223440793e+01 4.000000000000000000e+00 1.000000000000000000e+01
9.400016548223435109e+01 3.000000000000000000e+00 9.000000000000000000e+00
9.500016548223429425e+01 2.000000000000000000e+00 1.000000000000000000e+01
9.600016548223423740e+01 2.000000000000000000e+00 8.000000000000000000e+00
9.700016548223418056e+01 2.000000000000000000e+00 9.000000000000000000e+00
9.800016548223412371e+01 0.000000000000000000e+00 9.000000000000000000e+00
9.900016548223406687e+01 1.000000000000000000e+00 9.000000000000000000e+00
1.000001654822340100e+02 0.000000000000000000e+00 1.000000000000000000e+01
1.010001654822339532e+02 3.000000000000000000e+00 1.100000000000000000e+01
1.020001654822338963e+02 2.000000000000000000e+00 1.000000000000000000e+01
1.030001654822338395e+02 1.000000000000000000e+00 1.100000000000000000e+01
1.040001654822337827e+02 1.000000000000000000e+00 8.000000000000000000e+00
1.050001654822337258e+02 1.000000000000000000e+00 7.000000000000000000e+00
1.060001654822336690e+02 2.000000000000000000e+00 8.000000000000000000e+00
1.070001654822336121e+02 3.000000000000000000e+00 8.000000000000000000e+00
1.080001654822335553e+02 4.000000000000000000e+00 7.000000000000000000e+00
1.090001654822334984e+02 4.000000000000000000e+00 7.000000000000000000e+00
1.100001654822334416e+02 4.000000000000000000e+00 7.000000000000000000e+00
1.110001654822333848e+02 4.000000000000000000e+00 7.000000000000000000e+00
1.120001654822333279e+02 7.000000000000000000e+00 9.000000000000000000e+00
1.130001654822332711e+02 7.000000000000000000e+00 9.000000000000000000e+00
1.140001654822332142e+02 7.000000000000000000e+00 9.000000000000000000e+00
1.150001654822331574e+02 4.000000000000000000e+00 9.000000000000000000e+00
1.160001654822331005e+02 4.000000000000000000e+00 1.100000000000000000e+01
1.170001654822330437e+02 4.000000000000000000e+00 1.100000000000000000e+01
1.180001654822329868e+02 5.000000000000000000e+00 1.000000000000000000e+01
1.190001654822329300e+02 1.000000000000000000e+00 1.200000000000000000e+01
1.200001654822328732e+02 0.000000000000000000e+00 1.100000000000000000e+01
1.210001654822328163e+02 0.000000000000000000e+00 1.000000000000000000e+01
1.220001654822327595e+02 1.000000000000000000e+00 1.100000000000000000e+01
1.230001654822327026e+02 1.000000000000000000e+00 9.000000000000000000e+00
1.240001654822326458e+02 1.000000000000000000e+00 1.000000000000000000e+01
1.250001654822325889e+02 3.000000000000000000e+00 8.000000000000000000e+00
1.260001654822325321e+02 4.000000000000000000e+00 8.000000000000000000e+00
1.270001654822324753e+02 6.000000000000000000e+00 8.000000000000000000e+00
1.280001654822324326e+02 6.000000000000000000e+00 8.000000000000000000e+00
1.290001654822323758e+02 7.000000000000000000e+00 1.000000000000000000e+01
1.300001654822323189e+02 1.000000000000000000e+01 1.300000000000000000e+01
1.310001654822322621e+02 1.200000000000000000e+01 1.100000000000000000e+01
1.320001654822322052e+02 1.200000000000000000e+01 1.100000000000000000e+01
1.330000633046079486e+02 1.100000000000000000e+01 9.000000000000000000e+00
1.340001654822320916e+02 1.100000000000000000e+01 7.000000000000000000e+00
1.350001654822320347e+02 1.000000000000000000e+01 9.000000000000000000e+00
1.360001654822319779e+02 1.100000000000000000e+01 1.000000000000000000e+01
1.370001654822319210e+02 1.100000000000000000e+01 9.000000000000000000e+00
1.380001654822318642e+02 1.000000000000000000e+01 7.000000000000000000e+00
1.390001654822318073e+02 1.100000000000000000e+01 7.000000000000000000e+00
1.400001654822317505e+02 8.000000000000000000e+00 7.000000000000000000e+00
1.410001654822316937e+02 7.000000000000000000e+00 7.000000000000000000e+00
1.420001654822316368e+02 8.000000000000000000e+00 8.000000000000000000e+00
1.430001654822315800e+02 1.000000000000000000e+01 8.000000000000000000e+00
1.440001654822315231e+02 1.000000000000000000e+01 7.000000000000000000e+00
1.450001654822314663e+02 1.000000000000000000e+01 8.000000000000000000e+00
1.460001654822314094e+02 8.000000000000000000e+00 8.000000000000000000e+00
1.470001654822313526e+02 9.000000000000000000e+00 8.000000000000000000e+00
1.480001654822312958e+02 9.000000000000000000e+00 8.000000000000000000e+00
1.490001654822312389e+02 9.000000000000000000e+00 7.000000000000000000e+00
1.500001654822311821e+02 9.000000000000000000e+00 6.000000000000000000e+00
1.510001654822311252e+02 8.000000000000000000e+00 6.000000000000000000e+00
1.520001654822310684e+02 9.000000000000000000e+00 5.000000000000000000e+00
1.530001654822310115e+02 1.000000000000000000e+01 5.000000000000000000e+00
1.540001654822309547e+02 1.000000000000000000e+01 3.000000000000000000e+00
1.550001654822308979e+02 1.300000000000000000e+01 4.000000000000000000e+00
1.560001654822308410e+02 1.400000000000000000e+01 3.000000000000000000e+00
1.570001654822307842e+02 1.200000000000000000e+01 3.000000000000000000e+00
1.580001060133812132e+02 1.200000000000000000e+01 3.000000000000000000e+00
1.590001654822306705e+02 1.200000000000000000e+01 3.000000000000000000e+00
1.600001654822306136e+02 1.400000000000000000e+01 3.000000000000000000e+00
1.610001654822305568e+02 1.300000000000000000e+01 3.000000000000000000e+00
1.620001654822304999e+02 9.000000000000000000e+00 5.000000000000000000e+00
1.630001654822304431e+02 8.000000000000000000e+00 5.000000000000000000e+00
1.640001654822303863e+02 8.000000000000000000e+00 3.000000000000000000e+00
1.650001654822303294e+02 7.000000000000000000e+00 3.000000000000000000e+00
1.660001654822302726e+02 8.000000000000000000e+00 2.000000000000000000e+00
1.670001654822302157e+02 9.000000000000000000e+00 1.000000000000000000e+00
1.680001654822301589e+02 1.000000000000000000e+01 2.000000000000000000e+00
1.690001654822301020e+02 1.000000000000000000e+01 1.000000000000000000e+00
1.700001654822300452e+02 1.000000000000000000e+01 1.000000000000000000e+00
1.710001654822299884e+02 1.000000000000000000e+01 1.000000000000000000e+00
1.720001654822299315e+02 1.000000000000000000e+01 1.000000000000000000e+00
1.730001654822298747e+02 9.000000000000000000e+00 2.000000000000000000e+00
1.740001654822298178e+02 8.000000000000000000e+00 1.000000000000000000e+00
1.750001654822297610e+02 7.000000000000000000e+00 2.000000000000000000e+00
1.760001654822297041e+02 7.000000000000000000e+00 3.000000000000000000e+00
1.770001654822296473e+02 8.000000000000000000e+00 4.000000000000000000e+00
1.780001654822295905e+02 1.100000000000000000e+01 5.000000000000000000e+00
1.790001654822295336e+02 1.000000000000000000e+01 6.000000000000000000e+00
1.800001654822294768e+02 9.000000000000000000e+00 7.000000000000000000e+00
1.810001654822294199e+02 9.000000000000000000e+00 6.000000000000000000e+00
1.820001654822293631e+02 7.000000000000000000e+00 6.000000000000000000e+00
1.830001654822293062e+02 9.000000000000000000e+00 9.000000000000000000e+00
1.840001654822292494e+02 8.000000000000000000e+00 1.000000000000000000e+01
1.850001654822291925e+02 8.000000000000000000e+00 1.000000000000000000e+01
1.860001654822291357e+02 8.000000000000000000e+00 1.000000000000000000e+01
1.870001654822290789e+02 8.000000000000000000e+00 9.000000000000000000e+00
1.880001654822290220e+02 9.000000000000000000e+00 6.000000000000000000e+00
1.890001654822289652e+02 9.000000000000000000e+00 6.000000000000000000e+00
1.900001654822289083e+02 9.000000000000000000e+00 6.000000000000000000e+00
1.910001654822288515e+02 1.100000000000000000e+01 5.000000000000000000e+00
1.920001654822287946e+02 1.100000000000000000e+01 5.000000000000000000e+00
1.930001654822287378e+02 1.100000000000000000e+01 5.000000000000000000e+00
1.940000603654014810e+02 1.200000000000000000e+01 7.000000000000000000e+00
1.950001654822286241e+02 1.300000000000000000e+01 5.000000000000000000e+00
1.960001654822285673e+02 1.400000000000000000e+01 5.000000000000000000e+00
1.970001200343014602e+02 1.600000000000000000e+01 4.000000000000000000e+00
1.980001654822284536e+02 1.600000000000000000e+01 3.000000000000000000e+00
1.990001654822283967e+02 1.600000000000000000e+01 2.000000000000000000e+00
2.000001654822283399e+02 1.500000000000000000e+01 1.000000000000000000e+00
2.010001654822282831e+02 1.600000000000000000e+01 4.000000000000000000e+00
2.020001654822282262e+02 1.700000000000000000e+01 2.000000000000000000e+00
2.030001654822281694e+02 1.700000000000000000e+01 4.000000000000000000e+00
2.040001654822281125e+02 1.600000000000000000e+01 3.000000000000000000e+00
2.050001654822280557e+02 1.400000000000000000e+01 3.000000000000000000e+00
2.060001654822279988e+02 1.300000000000000000e+01 2.000000000000000000e+00
2.070000606138678449e+02 1.100000000000000000e+01 1.000000000000000000e+00
2.080001654822278851e+02 1.100000000000000000e+01 1.000000000000000000e+00
2.090001654822278283e+02 1.100000000000000000e+01 3.000000000000000000e+00
2.100001654822277715e+02 1.100000000000000000e+01 4.000000000000000000e+00
2.110001654822277146e+02 1.200000000000000000e+01 5.000000000000000000e+00
2.120001654822276578e+02 1.200000000000000000e+01 5.000000000000000000e+00
2.130001654822276009e+02 1.000000000000000000e+01 5.000000000000000000e+00
2.140000983655803566e+02 8.000000000000000000e+00 5.000000000000000000e+00
2.150001654822274872e+02 6.000000000000000000e+00 6.000000000000000000e+00
2.160001654822274304e+02 8.000000000000000000e+00 5.000000000000000000e+00
2.170001654822273736e+02 8.000000000000000000e+00 4.000000000000000000e+00
2.180001654822273167e+02 8.000000000000000000e+00 5.000000000000000000e+00
2.190001654822272599e+02 6.000000000000000000e+00 3.000000000000000000e+00
2.200001654822272030e+02 6.000000000000000000e+00 0.000000000000000000e+00
2.210001654822271462e+02 9.000000000000000000e+00 2.000000000000000000e+00
2.220001654822270893e+02 1.000000000000000000e+01 2.000000000000000000e+00
2.230001654822270325e+02 1.100000000000000000e+01 1.000000000000000000e+00
2.240001654822269757e+02 1.200000000000000000e+01 1.000000000000000000e+00
2.250001654822269188e+02 1.400000000000000000e+01 2.000000000000000000e+00
2.260001654822268620e+02 1.600000000000000000e+01 3.000000000000000000e+00
2.270001654822268051e+02 1.800000000000000000e+01 5.000000000000000000e+00
2.280001654822267483e+02 1.800000000000000000e+01 5.000000000000000000e+00
2.290001654822266914e+02 1.800000000000000000e+01 5.000000000000000000e+00
2.300001654822266346e+02 1.900000000000000000e+01 7.000000000000000000e+00
2.310001654822265778e+02 1.700000000000000000e+01 6.000000000000000000e+00
2.320001654822265209e+02 1.600000000000000000e+01 4.000000000000000000e+00
2.330001654822264641e+02 1.600000000000000000e+01 7.000000000000000000e+00
2.340001654822264072e+02 1.700000000000000000e+01 6.000000000000000000e+00
2.350001654822263504e+02 1.500000000000000000e+01 5.000000000000000000e+00
2.360001654822262935e+02 1.700000000000000000e+01 5.000000000000000000e+00
2.370001654822262367e+02 1.600000000000000000e+01 7.000000000000000000e+00
2.380001654822261798e+02 1.600000000000000000e+01 7.000000000000000000e+00
2.390000100010094570e+02 1.800000000000000000e+01 4.000000000000000000e+00
2.400001654822260662e+02 1.800000000000000000e+01 2.000000000000000000e+00
2.410001654822260093e+02 1.700000000000000000e+01 1.000000000000000000e+00
2.420001654822259525e+02 2.000000000000000000e+01 4.000000000000000000e+00
2.430001654822258956e+02 2.100000000000000000e+01 3.000000000000000000e+00
2.440001654822258388e+02 2.400000000000000000e+01 3.000000000000000000e+00
2.450001654822257819e+02 2.000000000000000000e+01 2.000000000000000000e+00
2.460001654822257251e+02 1.700000000000000000e+01 3.000000000000000000e+00
2.470001654822256683e+02 1.500000000000000000e+01 3.000000000000000000e+00
2.480001654822256114e+02 1.400000000000000000e+01 5.000000000000000000e+00
2.490001654822255546e+02 1.400000000000000000e+01 6.000000000000000000e+00
2.500001654822254977e+02 1.400000000000000000e+01 6.000000000000000000e+00
2.510001654822254409e+02 1.400000000000000000e+01 6.000000000000000000e+00
2.520001364032765139e+02 1.400000000000000000e+01 6.000000000000000000e+00
2.530001654822253272e+02 1.400000000000000000e+01 6.000000000000000000e+00
2.540001654822252704e+02 1.500000000000000000e+01 7.000000000000000000e+00
2.550001654822252135e+02 1.500000000000000000e+01 7.000000000000000000e+00
2.560001654822251567e+02 1.700000000000000000e+01 7.000000000000000000e+00
2.570001065314359607e+02 1.800000000000000000e+01 8.000000000000000000e+00
2.580001654822256114e+02 1.800000000000000000e+01 4.000000000000000000e+00
2.590001654822258388e+02 2.100000000000000000e+01 5.000000000000000000e+00
2.600001654822260662e+02 2.200000000000000000e+01 3.000000000000000000e+00
2.610001654822262935e+02 2.200000000000000000e+01 2.000000000000000000e+00
2.620001654822265209e+02 2.200000000000000000e+01 2.000000000000000000e+00
2.630001654822267483e+02 2.300000000000000000e+01 2.000000000000000000e+00
2.640001654822269757e+02 2.500000000000000000e+01 2.000000000000000000e+00
2.650001654822272030e+02 2.700000000000000000e+01 2.000000000000000000e+00
2.660001654822274304e+02 2.800000000000000000e+01 3.000000000000000000e+00
2.670001654822276578e+02 2.800000000000000000e+01 3.000000000000000000e+00
2.680001654822278851e+02 2.800000000000000000e+01 2.000000000000000000e+00
2.690001654822281125e+02 2.500000000000000000e+01 0.000000000000000000e+00
2.700001654822283399e+02 2.500000000000000000e+01 0.000000000000000000e+00
2.710001654822285673e+02 2.000000000000000000e+01 1.000000000000000000e+00
2.720001654822287946e+02 1.600000000000000000e+01 0.000000000000000000e+00
2.730001654822290220e+02 1.400000000000000000e+01 0.000000000000000000e+00
2.740001654822292494e+02 1.100000000000000000e+01 4.000000000000000000e+00
2.750001654822294768e+02 1.000000000000000000e+01 4.000000000000000000e+00
2.760001654822297041e+02 1.100000000000000000e+01 6.000000000000000000e+00
2.770001654822299315e+02 1.100000000000000000e+01 5.000000000000000000e+00
2.780001654822301589e+02 1.200000000000000000e+01 6.000000000000000000e+00
2.790001654822303863e+02 1.200000000000000000e+01 4.000000000000000000e+00
2.800001654822306136e+02 1.400000000000000000e+01 5.000000000000000000e+00
2.810001654822308410e+02 1.300000000000000000e+01 6.000000000000000000e+00
2.820001654822310684e+02 1.400000000000000000e+01 6.000000000000000000e+00
2.830001654822312958e+02 1.300000000000000000e+01 6.000000000000000000e+00
2.840001654822315231e+02 1.300000000000000000e+01 4.000000000000000000e+00
2.850001654822317505e+02 1.400000000000000000e+01 3.000000000000000000e+00
2.860001654822319779e+02 1.700000000000000000e+01 1.000000000000000000e+00
2.870001654822322052e+02 1.500000000000000000e+01 1.000000000000000000e+00
2.880001654822324326e+02 1.500000000000000000e+01 2.000000000000000000e+00
2.890001654822326600e+02 1.800000000000000000e+01 2.000000000000000000e+00
2.900001654822328874e+02 1.900000000000000000e+01 2.000000000000000000e+00
2.910001654822331147e+02 1.900000000000000000e+01 2.000000000000000000e+00
2.920001654822333421e+02 2.100000000000000000e+01 3.000000000000000000e+00
2.930001654822335695e+02 2.300000000000000000e+01 4.000000000000000000e+00
2.940001654822337969e+02 2.600000000000000000e+01 6.000000000000000000e+00
2.950001654822340242e+02 2.600000000000000000e+01 8.000000000000000000e+00
2.960001654822342516e+02 2.800000000000000000e+01 9.000000000000000000e+00
2.970001654822344790e+02 2.900000000000000000e+01 8.000000000000000000e+00
2.980001654822347064e+02 3.000000000000000000e+01 8.000000000000000000e+00
2.990001654822349337e+02 3.000000000000000000e+01 6.000000000000000000e+00
3.000001654822351611e+02 3.200000000000000000e+01 6.000000000000000000e+00
