0.000000000000000000e+00 0.000000000000000000e+00 0.000000000000000000e+00
1.000464364966929365e+00 0.000000000000000000e+00 0.000000000000000000e+00
2.000464364966930031e+00 2.000000000000000000e+00 2.000000000000000000e+00
3.000464364966930919e+00 3.000000000000000000e+00 3.000000000000000000e+00
4.000464364966931363e+00 3.000000000000000000e+00 3.000000000000000000e+00
5.000464364966927810e+00 4.000000000000000000e+00 4.000000000000000000e+00
6.000464364966924258e+00 4.000000000000000000e+00 4.000000000000000000e+00
7.000464364966920705e+00 4.000000000000000000e+00 4.000000000000000000e+00
8.000464364966918041e+00 5.000000000000000000e+00 5.000000000000000000e+00
9.000464364966914488e+00 5.000000000000000000e+00 5.000000000000000000e+00
1.000046436496691094e+01 5.000000000000000000e+00 5.000000000000000000e+00
1.100046436496690738e+01 6.000000000000000000e+00 6.000000000000000000e+00
1.200046436496690383e+01 5.000000000000000000e+00 5.000000000000000000e+00
1.300046436496690028e+01 6.000000000000000000e+00 6.000000000000000000e+00
1.400046436496689672e+01 6.000000000000000000e+00 6.000000000000000000e+00
1.500046436496689317e+01 7.000000000000000000e+00 7.000000000000000000e+00
1.600046436496689140e+01 7.000000000000000000e+00 7.000000000000000000e+00
1.700046436496690561e+01 6.000000000000000000e+00 6.000000000000000000e+00
1.800046436496691982e+01 9.000000000000000000e+00 9.000000000000000000e+00
1.900046436496693403e+01 7.000000000000000000e+00 7.000000000000000000e+00
2.000046436496694824e+01 6.000000000000000000e+00 6.000000000000000000e+00
2.100046436496696245e+01 7.000000000000000000e+00 6.000000000000000000e+00
2.200046436496697666e+01 5.000000000000000000e+00 4.000000000000000000e+00
2.300000189965038544e+01 2.000000000000000000e+00 2.000000000000000000e+00
2.400046436496700508e+01 2.000000000000000000e+00 2.000000000000000000e+00
2.500046436496701929e+01 3.000000000000000000e+00 3.000000000000000000e+00
2.600020630086474682e+01 3.000000000000000000e+00 3.000000000000000000e+00
2.700046436496704771e+01 4.000000000000000000e+00 3.000000000000000000e+00
2.800046436496706193e+01 3.000000000000000000e+00 3.000000000000000000e+00
2.900046436496707614e+01 3.000000000000000000e+00 3.000000000000000000e+00
3.000046436496709035e+01 3.000000000000000000e+00 2.000000000000000000e+00
3.100046436496710456e+01 3.000000000000000000e+00 2.000000000000000000e+00
3.200039405051494157e+01 3.000000000000000000e+00 2.000000000000000000e+00
3.300046436496712943e+01 4.000000000000000000e+00 2.000000000000000000e+00
3.400046436496714364e+01 4.000000000000000000e+00 2.000000000000000000e+00
3.500046436496715785e+01 4.000000000000000000e+00 2.000000000000000000e+00
3.600046436496717206e+01 5.000000000000000000e+00 3.000000000000000000e+00
3.700046436496718627e+01 6.000000000000000000e+00 4.000000000000000000e+00
3.800046436496720048e+01 7.000000000000000000e+00 5.000000000000000000e+00
3.900046436496721469e+01 7.000000000000000000e+00 5.000000000000000000e+00
4.000046436496722890e+01 7.000000000000000000e+00 7.000000000000000000e+00
4.100046436496724311e+01 8.000000000000000000e+00 8.000000000000000000e+00
4.200046436496725732e+01 9.000000000000000000e+00 9.000000000000000000e+00
4.300046436496727154e+01 9.000000000000000000e+00 9.000000000000000000e+00
4.400046436496728575e+01 9.000000000000000000e+00 9.000000000000000000e+00
4.500046436496729996e+01 7.000000000000000000e+00 9.000000000000000000e+00
4.600010386203031487e+01 7.000000000000000000e+00 1.000000000000000000e+01
4.700010663810066802e+01 6.000000000000000000e+00 8.000000000000000000e+00
4.800046436496734259e+01 7.000000000000000000e+00 8.000000000000000000e+00
4.900046436496735680e+01 8.000000000000000000e+00 7.000000000000000000e+00
5.000046436496737101e+01 8.000000000000000000e+00 7.000000000000000000e+00
5.100046436496738522e+01 8.000000000000000000e+00 4.000000000000000000e+00
5.200046436496739943e+01 9.000000000000000000e+00 5.000000000000000000e+00
5.300046436496741364e+01 8.000000000000000000e+00 3.000000000000000000e+00
5.400046436496742785e+01 6.000000000000000000e+00 3.000000000000000000e+00
5.500046436496744207e+01 7.000000000000000000e+00 4.000000000000000000e+00
5.600046436496745628e+01 5.000000000000000000e+00 4.000000000000000000e+00
5.700046436496747049e+01 7.000000000000000000e+00 4.000000000000000000e+00
5.800046436496748470e+01 7.000000000000000000e+00 6.000000000000000000e+00
5.900046436496749891e+01 7.000000000000000000e+00 7.000000000000000000e+00
6.000046436496751312e+01 8.000000000000000000e+00 8.000000000000000000e+00
6.100046436496752733e+01 9.000000000000000000e+00 1.000000000000000000e+01
6.200011863849830007e+01 8.000000000000000000e+00 6.000000000000000000e+00
6.300046436496755575e+01 9.000000000000000000e+00 5.000000000000000000e+00
6.400046436496756996e+01 8.000000000000000000e+00 4.000000000000000000e+00
6.500044033072596505e+01 8.000000000000000000e+00 4.000000000000000000e+00
6.600046436496745628e+01 9.000000000000000000e+00 5.000000000000000000e+00
6.700046436496739943e+01 9.000000000000000000e+00 5.000000000000000000e+00
6.800046436496734259e+01 6.000000000000000000e+00 4.000000000000000000e+00
6.900046436496728575e+01 6.000000000000000000e+00 6.000000000000000000e+00
7.000046436496722890e+01 5.000000000000000000e+00 6.000000000000000000e+00
7.100046436496717206e+01 3.000000000000000000e+00 6.000000000000000000e+00
7.200046436496711522e+01 3.000000000000000000e+00 7.000000000000000000e+00
7.300046436496705837e+01 2.000000000000000000e+00 1.000000000000000000e+01
7.400046436496700153e+01 1.000000000000000000e+00 1.100000000000000000e+01
7.500046436496694469e+01 1.000000000000000000e+00 1.100000000000000000e+01
7.600046436496688784e+01 1.000000000000000000e+00 1.100000000000000000e+01
7.700046436496683100e+01 1.000000000000000000e+00 9.000000000000000000e+00
7.800007086866131090e+01 3.000000000000000000e+00 9.000000000000000000e+00
7.900046436496671731e+01 2.000000000000000000e+00 8.000000000000000000e+00
8.000046436496666047e+01 4.000000000000000000e+00 9.000000000000000000e+00
8.100046436496660363e+01 3.000000000000000000e+00 9.000000000000000000e+00
8.200046436496654678e+01 5.000000000000000000e+00 1.000000000000000000e+01
8.300046436496648994e+01 4.000000000000000000e+00 9.000000000000000000e+00
8.400046436496643310e+01 6.000000000000000000e+00 1.000000000000000000e+01
8.500046436496637625e+01 7.000000000000000000e+00 1.200000000000000000e+01
8.600046436496631941e+01 7.000000000000000000e+00 1.100000000000000000e+01
8.700046436496626256e+01 7.000000000000000000e+00 1.200000000000000000e+01
8.800046436496620572e+01 7.000000000000000000e+00 1.200000000000000000e+01
8.900046436496614888e+01 9.000000000000000000e+00 1.300000000000000000e+01
9.000046436496609203e+01 1.000000000000000000e+01 1.300000000000000000e+01
9.100046436496603519e+01 1.100000000000000000e+01 1.300000000000000000e+01
9.200046436496597835e+01 1.100000000000000000e+01 1.300000000000000000e+01
9.300046436496592150e+01 9.000000000000000000e+00 1.100000000000000000e+01
9.400046436496586466e+01 8.000000000000000000e+00 1.100000000000000000e+01
9.500046436496580782e+01 6.000000000000000000e+00 8.000000000000000000e+00
9.600046436496575097e+01 4.000000000000000000e+00 9.000000000000000000e+00
9.700046436496569413e+01 4.000000000000000000e+00 1.000000000000000000e+01
9.800046436496563729e+01 6.000000000000000000e+00 1.100000000000000000e+01
9.900046436496558044e+01 5.000000000000000000e+00 1.100000000000000000e+01
1.000004643649655236e+02 4.000000000000000000e+00 1.100000000000000000e+01
1.010004643649654668e+02 4.000000000000000000e+00 1.500000000000000000e+01
1.020004643649654099e+02 4.000000000000000000e+00 1.600000000000000000e+01
1.030004643649653531e+02 2.000000000000000000e+00 1.600000000000000000e+01
1.040001633994762074e+02 1.000000000000000000e+00 1.500000000000000000e+01
1.050004643649652394e+02 1.000000000000000000e+00 1.300000000000000000e+01
1.060004643649651825e+02 1.000000000000000000e+00 1.300000000000000000e+01
1.070003187790176753e+02 0.000000000000000000e+00 1.400000000000000000e+01
1.080004643649650689e+02 0.000000000000000000e+00 1.600000000000000000e+01
1.090004643649650120e+02 2.000000000000000000e+00 1.600000000000000000e+01
1.100004643649649552e+02 3.000000000000000000e+00 1.900000000000000000e+01
1.110004643649648983e+02 2.000000000000000000e+00 1.900000000000000000e+01
1.120004643649648415e+02 1.000000000000000000e+00 1.900000000000000000e+01
1.130004643649647846e+02 1.000000000000000000e+00 1.600000000000000000e+01
1.140004643649647278e+02 1.000000000000000000e+00 1.700000000000000000e+01
1.150004643649646709e+02 3.000000000000000000e+00 1.500000000000000000e+01
1.160004643649646141e+02 2.000000000000000000e+00 1.500000000000000000e+01
1.170004643649645573e+02 2.000000000000000000e+00 1.500000000000000000e+01
1.180004643649645004e+02 5.000000000000000000e+00 1.500000000000000000e+01
1.190004643649644436e+02 3.000000000000000000e+00 1.600000000000000000e+01
1.200004643649643867e+02 5.000000000000000000e+00 1.700000000000000000e+01
1.210004643649643299e+02 7.000000000000000000e+00 1.800000000000000000e+01
1.220004643649642730e+02 9.000000000000000000e+00 1.900000000000000000e+01
1.230004643649642162e+02 8.000000000000000000e+00 2.000000000000000000e+01
1.240004643649641594e+02 9.000000000000000000e+00 2.000000000000000000e+01
1.250004643649641025e+02 1.000000000000000000e+01 2.100000000000000000e+01
1.260004643649640457e+02 1.000000000000000000e+01 2.200000000000000000e+01
1.270004643649639888e+02 1.200000000000000000e+01 2.200000000000000000e+01
1.280004643649639320e+02 1.100000000000000000e+01 2.200000000000000000e+01
1.290004643649638751e+02 1.100000000000000000e+01 2.200000000000000000e+01
1.300004643649638183e+02 1.100000000000000000e+01 2.300000000000000000e+01
1.310004643649637615e+02 1.200000000000000000e+01 2.400000000000000000e+01
1.320004643649637046e+02 1.300000000000000000e+01 2.500000000000000000e+01
1.330004643649636478e+02 1.300000000000000000e+01 2.400000000000000000e+01
1.340004643649635909e+02 1.500000000000000000e+01 2.400000000000000000e+01
1.350004643649635341e+02 1.700000000000000000e+01 2.400000000000000000e+01
1.360004643649634772e+02 1.800000000000000000e+01 2.500000000000000000e+01
1.370004643649634204e+02 1.800000000000000000e+01 2.500000000000000000e+01
1.380004643649633636e+02 1.800000000000000000e+01 2.600000000000000000e+01
1.390004643649633067e+02 1.900000000000000000e+01 2.700000000000000000e+01
1.400004643649632499e+02 2.200000000000000000e+01 2.500000000000000000e+01
1.410004643649631930e+02 2.200000000000000000e+01 2.300000000000000000e+01
1.420002254608380952e+02 2.300000000000000000e+01 2.400000000000000000e+01
1.430004643649630793e+02 2.300000000000000000e+01 2.300000000000000000e+01
1.440004643649630225e+02 2.600000000000000000e+01 2.300000000000000000e+01
1.450001076514059264e+02 2.400000000000000000e+01 2.500000000000000000e+01
1.460004643649629088e+02 2.100000000000000000e+01 2.500000000000000000e+01
1.470004643649628520e+02 1.900000000000000000e+01 2.600000000000000000e+01
1.480004643649627951e+02 1.600000000000000000e+01 2.600000000000000000e+01
1.490004643649627383e+02 1.400000000000000000e+01 2.700000000000000000e+01
1.500004643649626814e+02 9.000000000000000000e+00 2.700000000000000000e+01
1.510002543454069155e+02 9.000000000000000000e+00 2.900000000000000000e+01
1.520004643649625677e+02 7.000000000000000000e+00 3.000000000000000000e+01
1.530004643649625109e+02 6.000000000000000000e+00 3.000000000000000000e+01
1.540004643649624541e+02 7.000000000000000000e+00 2.900000000000000000e+01
1.550004643649623972e+02 7.000000000000000000e+00 2.700000000000000000e+01
1.560004643649623404e+02 8.000000000000000000e+00 2.300000000000000000e+01
1.570004643649622835e+02 8.000000000000000000e+00 2.200000000000000000e+01
1.580004643649622267e+02 8.000000000000000000e+00 2.100000000000000000e+01
1.590001600611440438e+02 8.000000000000000000e+00 1.800000000000000000e+01
1.600004643649621130e+02 7.000000000000000000e+00 1.200000000000000000e+01
1.610004643649620562e+02 9.000000000000000000e+00 1.100000000000000000e+01
1.620004643649619993e+02 9.000000000000000000e+00 1.200000000000000000e+01
1.630004643649619425e+02 1.000000000000000000e+01 1.100000000000000000e+01
1.640004643649618856e+02 1.000000000000000000e+01 1.100000000000000000e+01
1.650004643649618288e+02 1.200000000000000000e+01 1.500000000000000000e+01
1.660004643649617719e+02 1.100000000000000000e+01 1.400000000000000000e+01
1.670004643649617151e+02 1.300000000000000000e+01 1.500000000000000000e+01
1.680004643649616582e+02 1.400000000000000000e+01 1.300000000000000000e+01
1.690004643649616014e+02 1.600000000000000000e+01 1.300000000000000000e+01
1.700004643649615446e+02 1.800000000000000000e+01 9.000000000000000000e+00
1.710004643649614877e+02 1.700000000000000000e+01 8.000000000000000000e+00
1.720004643649614309e+02 1.600000000000000000e+01 7.000000000000000000e+00
1.730000565290854411e+02 1.500000000000000000e+01 1.000000000000000000e+01
1.740004643649613172e+02 1.500000000000000000e+01 1.000000000000000000e+01
1.750004643649612603e+02 1.500000000000000000e+01 1.000000000000000000e+01
1.760004643649612035e+02 1.500000000000000000e+01 1.200000000000000000e+01
1.770004643649611467e+02 1.500000000000000000e+01 1.300000000000000000e+01
1.780004643649610898e+02 1.600000000000000000e+01 1.400000000000000000e+01
1.790004643649610330e+02 1.700000000000000000e+01 1.500000000000000000e+01
1.800004643649609761e+02 1.800000000000000000e+01 1.600000000000000000e+01
1.810004643649609193e+02 1.800000000000000000e+01 1.700000000000000000e+01
1.820001357849992587e+02 1.900000000000000000e+01 1.500000000000000000e+01
1.830004643649608056e+02 2.000000000000000000e+01 1.500000000000000000e+01
1.840004643649607488e+02 2.000000000000000000e+01 1.600000000000000000e+01
1.850004643649606919e+02 2.000000000000000000e+01 1.600000000000000000e+01
1.860004643649606351e+02 2.000000000000000000e+01 1.500000000000000000e+01
1.870004643649605782e+02 2.100000000000000000e+01 1.500000000000000000e+01
1.880004643649605214e+02 2.300000000000000000e+01 1.500000000000000000e+01
1.890004643649604645e+02 2.300000000000000000e+01 1.600000000000000000e+01
1.900004643649604077e+02 2.200000000000000000e+01 1.600000000000000000e+01
1.910004643649603508e+02 2.200000000000000000e+01 1.800000000000000000e+01
1.920004643649602940e+02 2.300000000000000000e+01 1.800000000000000000e+01
1.930004643649602372e+02 2.200000000000000000e+01 1.900000000000000000e+01
1.940004643649601803e+02 1.900000000000000000e+01 1.800000000000000000e+01
1.950004643649601235e+02 1.800000000000000000e+01 1.900000000000000000e+01
1.960004643649600666e+02 1.800000000000000000e+01 2.000000000000000000e+01
1.970004643649600098e+02 1.800000000000000000e+01 1.900000000000000000e+01
1.980004643649599529e+02 1.700000000000000000e+01 2.000000000000000000e+01
1.990004643649598961e+02 1.800000000000000000e+01 2.200000000000000000e+01
2.000004643649598393e+02 1.700000000000000000e+01 2.100000000000000000e+01
2.010004643649597824e+02 1.800000000000000000e+01 1.900000000000000000e+01
2.020003194237656885e+02 1.800000000000000000e+01 1.800000000000000000e+01
2.030004643649596687e+02 1.500000000000000000e+01 1.500000000000000000e+01
2.040004643649596119e+02 1.300000000000000000e+01 1.400000000000000000e+01
2.050002316484849700e+02 1.400000000000000000e+01 1.500000000000000000e+01
2.060004643649594982e+02 1.500000000000000000e+01 1.400000000000000000e+01
2.070004643649594414e+02 1.800000000000000000e+01 1.300000000000000000e+01
2.080004643649593845e+02 2.000000000000000000e+01 1.400000000000000000e+01
2.090004643649593277e+02 2.000000000000000000e+01 1.500000000000000000e+01
2.100004643649592708e+02 2.000000000000000000e+01 1.400000000000000000e+01
2.110004643649592140e+02 2.100000000000000000e+01 1.500000000000000000e+01
2.120004643649591571e+02 2.100000000000000000e+01 1.600000000000000000e+01
2.130004643649591003e+02 2.100000000000000000e+01 1.700000000000000000e+01
2.140004643649590435e+02 1.800000000000000000e+01 1.400000000000000000e+01
2.150004643649589866e+02 1.600000000000000000e+01 1.400000000000000000e+01
2.160004643649589298e+02 1.400000000000000000e+01 1.600000000000000000e+01
2.170004643649588729e+02 1.400000000000000000e+01 1.700000000000000000e+01
2.180004643649588161e+02 1.400000000000000000e+01 1.600000000000000000e+01
2.190004643649587592e+02 1.400000000000000000e+01 1.500000000000000000e+01
2.200004643649587024e+02 1.200000000000000000e+01 1.300000000000000000e+01
2.210004643649586455e+02 6.000000000000000000e+00 1.300000000000000000e+01
2.220004643649585887e+02 5.000000000000000000e+00 1.200000000000000000e+01
2.230004643649585319e+02 3.000000000000000000e+00 1.100000000000000000e+01
2.240004643649584750e+02 4.000000000000000000e+00 1.100000000000000000e+01
2.250004643649584182e+02 2.000000000000000000e+00 1.300000000000000000e+01
2.260004643649583613e+02 2.000000000000000000e+00 1.300000000000000000e+01
2.270003954510503945e+02 3.000000000000000000e+00 1.500000000000000000e+01
2.280004643649582476e+02 4.000000000000000000e+00 1.400000000000000000e+01
2.290004643649581908e+02 5.000000000000000000e+00 1.300000000000000000e+01
2.300001289181388415e+02 4.000000000000000000e+00 1.500000000000000000e+01
2.310004643649580771e+02 7.000000000000000000e+00 1.400000000000000000e+01
2.320002432009107736e+02 5.000000000000000000e+00 1.500000000000000000e+01
2.330004643649579634e+02 5.000000000000000000e+00 1.600000000000000000e+01
2.340004643649579066e+02 6.000000000000000000e+00 1.500000000000000000e+01
2.350004643649578497e+02 6.000000000000000000e+00 1.500000000000000000e+01
2.360004643649577929e+02 5.000000000000000000e+00 1.400000000000000000e+01
2.370004643649577361e+02 5.000000000000000000e+00 1.300000000000000000e+01
2.380004643649576792e+02 5.000000000000000000e+00 1.200000000000000000e+01
2.390004643649576224e+02 4.000000000000000000e+00 1.100000000000000000e+01
2.400004643649575655e+02 4.000000000000000000e+00 1.000000000000000000e+01
2.410004643649575087e+02 4.000000000000000000e+00 1.000000000000000000e+01
2.420004643649574518e+02 5.000000000000000000e+00 1.100000000000000000e+01
2.430004643649573950e+02 6.000000000000000000e+00 1.200000000000000000e+01
2.440004643649573381e+02 6.000000000000000000e+00 1.500000000000000000e+01
2.450003885918141862e+02 6.000000000000000000e+00 1.500000000000000000e+01
2.460004643649572245e+02 8.000000000000000000e+00 1.500000000000000000e+01
2.470004643649571676e+02 7.000000000000000000e+00 1.300000000000000000e+01
2.480004643649571108e+02 8.000000000000000000e+00 1.100000000000000000e+01
2.490003905217948272e+02 6.000000000000000000e+00 9.000000000000000000e+00
2.500004643649569971e+02 5.000000000000000000e+00 5.000000000000000000e+00
2.510004643649569402e+02 6.000000000000000000e+00 4.000000000000000000e+00
2.520004643649568834e+02 5.000000000000000000e+00 3.000000000000000000e+00
2.530004643649568266e+02 5.000000000000000000e+00 5.000000000000000000e+00
2.540004643649567697e+02 6.000000000000000000e+00 5.000000000000000000e+00
2.550004643649567129e+02 6.000000000000000000e+00 5.000000000000000000e+00
2.560004643649566560e+02 8.000000000000000000e+00 5.000000000000000000e+00
2.570003739603336612e+02 9.000000000000000000e+00 7.000000000000000000e+00
2.580004643649571108e+02 1.100000000000000000e+01 9.000000000000000000e+00
2.590004643649573381e+02 1.200000000000000000e+01 9.000000000000000000e+00
2.600004643649575655e+02 1.300000000000000000e+01 1.000000000000000000e+01
2.610004643649577929e+02 1.500000000000000000e+01 1.000000000000000000e+01
2.620004643649580203e+02 1.600000000000000000e+01 1.100000000000000000e+01
2.630002401850981641e+02 1.600000000000000000e+01 1.300000000000000000e+01
2.640004643649584750e+02 1.500000000000000000e+01 1.400000000000000000e+01
2.650004643649587024e+02 1.500000000000000000e+01 1.800000000000000000e+01
2.660004643649589298e+02 1.400000000000000000e+01 1.900000000000000000e+01
2.670004643649591571e+02 1.400000000000000000e+01 2.000000000000000000e+01
2.680004643649593845e+02 1.400000000000000000e+01 2.000000000000000000e+01
2.690004643649596119e+02 1.700000000000000000e+01 2.000000000000000000e+01
2.700004643649598393e+02 1.800000000000000000e+01 1.600000000000000000e+01
2.710004643649600666e+02 1.800000000000000000e+01 1.500000000000000000e+01
2.720004643649602940e+02 1.800000000000000000e+01 1.400000000000000000e+01
2.730004643649605214e+02 2.100000000000000000e+01 1.500000000000000000e+01
2.740004643649607488e+02 2.300000000000000000e+01 1.600000000000000000e+01
2.750004643649609761e+02 2.400000000000000000e+01 1.500000000000000000e+01
2.760004643649612035e+02 2.400000000000000000e+01 1.500000000000000000e+01
2.770004643649614309e+02 2.300000000000000000e+01 1.600000000000000000e+01
2.780004643649616582e+02 2.300000000000000000e+01 1.800000000000000000e+01
2.790004643649618856e+02 2.400000000000000000e+01 1.600000000000000000e+01
2.800004643649621130e+02 2.500000000000000000e+01 1.500000000000000000e+01
2.810004643649623404e+02 2.500000000000000000e+01 1.500000000000000000e+01
2.820004643649625677e+02 2.500000000000000000e+01 1.500000000000000000e+01
2.830004643649627951e+02 2.600000000000000000e+01 1.400000000000000000e+01
2.840004643649630225e+02 2.400000000000000000e+01 1.300000000000000000e+01
2.850001976052420787e+02 2.300000000000000000e+01 1.200000000000000000e+01
2.860004643649634772e+02 2.200000000000000000e+01 1.300000000000000000e+01
2.870004643649637046e+02 2.100000000000000000e+01 1.200000000000000000e+01
2.880004643649639320e+02 2.100000000000000000e+01 1.000000000000000000e+01
2.890004643649641594e+02 1.800000000000000000e+01 1.300000000000000000e+01
2.900004643649643867e+02 1.800000000000000000e+01 1.200000000000000000e+01
2.910004643649646141e+02 1.700000000000000000e+01 1.300000000000000000e+01
2.920004643649648415e+02 1.700000000000000000e+01 1.300000000000000000e+01
2.930002673405506926e+02 1.600000000000000000e+01 1.400000000000000000e+01
2.940002581026771509e+02 1.200000000000000000e+01 1.500000000000000000e+01
2.950004643649655236e+02 9.000000000000000000e+00 1.500000000000000000e+01
2.960004643649657510e+02 5.000000000000000000e+00 1.700000000000000000e+01
2.970004643649659783e+02 6.000000000000000000e+00 1.700000000000000000e+01
2.980004643649662057e+02 7.000000000000000000e+00 1.600000000000000000e+01
2.990004643649664331e+02 7.000000000000000000e+00 1.700000000000000000e+01
3.000004643649666605e+02 7.000000000000000000e+00 2.000000000000000000e+01
