0.000000000000000000e+00 0.000000000000000000e+00 0.000000000000000000e+00
1.000203984450178440e+00 3.000000000000000000e+00 3.000000000000000000e+00
2.000203984450179107e+00 4.000000000000000000e+00 4.000000000000000000e+00
3.000203984450179995e+00 4.000000000000000000e+00 4.000000000000000000e+00
4.000203984450180883e+00 4.000000000000000000e+00 4.000000000000000000e+00
5.000203984450177330e+00 6.000000000000000000e+00 6.000000000000000000e+00
6.000203984450173778e+00 7.000000000000000000e+00 7.000000000000000000e+00
7.000203984450170225e+00 9.000000000000000000e+00 9.000000000000000000e+00
8.000203984450166672e+00 1.000000000000000000e+01 1.000000000000000000e+01
9.000203984450163119e+00 1.000000000000000000e+01 1.000000000000000000e+01
1.000020398445015957e+01 1.000000000000000000e+01 1.000000000000000000e+01
1.100020398445015601e+01 1.100000000000000000e+01 1.100000000000000000e+01
1.200020398445015246e+01 1.100000000000000000e+01 1.100000000000000000e+01
1.300020398445014891e+01 1.100000000000000000e+01 1.100000000000000000e+01
1.400020398445014536e+01 1.100000000000000000e+01 1.100000000000000000e+01
1.500020398445014180e+01 9.000000000000000000e+00 9.000000000000000000e+00
1.600020398445013825e+01 8.000000000000000000e+00 8.000000000000000000e+00
1.700020398445015246e+01 6.000000000000000000e+00 6.000000000000000000e+00
1.800020398445016667e+01 6.000000000000000000e+00 6.000000000000000000e+00
1.900020398445018088e+01 6.000000000000000000e+00 6.000000000000000000e+00
2.000020398445019509e+01 5.000000000000000000e+00 5.000000000000000000e+00
2.100020398445020930e+01 5.000000000000000000e+00 5.000000000000000000e+00
2.200020398445022352e+01 5.000000000000000000e+00 5.000000000000000000e+00
2.300020398445023773e+01 5.000000000000000000e+00 5.000000000000000000e+00
2.400020398445025194e+01 6.000000000000000000e+00 6.000000000000000000e+00
2.500020398445026615e+01 8.000000000000000000e+00 8.000000000000000000e+00
2.600020398445028036e+01 8.000000000000000000e+00 7.000000000000000000e+00
2.700020398445029457e+01 8.000000000000000000e+00 7.000000000000000000e+00
2.800020398445030878e+01 8.000000000000000000e+00 7.000000000000000000e+00
2.900020398445032299e+01 9.000000000000000000e+00 1.000000000000000000e+01
3.000020398445033720e+01 5.000000000000000000e+00 1.000000000000000000e+01
3.100020398445035141e+01 5.000000000000000000e+00 1.100000000000000000e+01
3.200020398445036562e+01 5.000000000000000000e+00 1.000000000000000000e+01
3.300020398445037983e+01 5.000000000000000000e+00 8.000000000000000000e+00
3.400020398445039405e+01 5.000000000000000000e+00 8.000000000000000000e+00
3.500020398445040826e+01 5.000000000000000000e+00 8.000000000000000000e+00
3.600020398445042247e+01 6.000000000000000000e+00 9.000000000000000000e+00
3.700020398445043668e+01 7.000000000000000000e+00 1.000000000000000000e+01
3.800020398445045089e+01 7.000000000000000000e+00 1.000000000000000000e+01
3.900020398445046510e+01 8.000000000000000000e+00 1.100000000000000000e+01
4.000020398445047931e+01 9.000000000000000000e+00 1.200000000000000000e+01
4.100020398445049352e+01 1.000000000000000000e+01 1.000000000000000000e+01
4.200020398445050773e+01 1.100000000000000000e+01 1.000000000000000000e+01
4.300002346598044767e+01 1.100000000000000000e+01 1.000000000000000000e+01
4.400020398445053615e+01 1.000000000000000000e+01 1.000000000000000000e+01
4.500020398445055037e+01 9.000000000000000000e+00 1.200000000000000000e+01
4.600020398445056458e+01 7.000000000000000000e+00 9.000000000000000000e+00
4.700020398445057879e+01 6.000000000000000000e+00 8.000000000000000000e+00
4.800020398445059300e+01 5.000000000000000000e+00 8.000000000000000000e+00
4.900020398445060721e+01 3.000000000000000000e+00 7.000000000000000000e+00
5.000020398445062142e+01 2.000000000000000000e+00 7.000000000000000000e+00
5.100020398445063563e+01 3.000000000000000000e+00 9.000000000000000000e+00
5.200020398445064984e+01 3.000000000000000000e+00 6.000000000000000000e+00
5.300020398445066405e+01 3.000000000000000000e+00 6.000000000000000000e+00
5.400020398445067826e+01 4.000000000000000000e+00 7.000000000000000000e+00
5.500020398445069247e+01 5.000000000000000000e+00 7.000000000000000000e+00
5.600020398445070668e+01 5.000000000000000000e+00 8.000000000000000000e+00
5.700020398445072090e+01 6.000000000000000000e+00 1.000000000000000000e+01
5.800020398445073511e+01 4.000000000000000000e+00 1.000000000000000000e+01
5.900020398445074932e+01 6.000000000000000000e+00 1.200000000000000000e+01
6.000020398445076353e+01 6.000000000000000000e+00 1.300000000000000000e+01
6.100020398445077774e+01 6.000000000000000000e+00 1.400000000000000000e+01
6.200020398445079195e+01 5.000000000000000000e+00 1.200000000000000000e+01
6.300020398445080616e+01 5.000000000000000000e+00 1.200000000000000000e+01
6.400020398445082037e+01 5.000000000000000000e+00 1.300000000000000000e+01
6.500020398445076353e+01 8.000000000000000000e+00 1.500000000000000000e+01
6.600020398445070668e+01 1.100000000000000000e+01 1.900000000000000000e+01
6.700020398445064984e+01 9.000000000000000000e+00 1.700000000000000000e+01
6.800020398445059300e+01 1.100000000000000000e+01 1.800000000000000000e+01
6.900020398445053615e+01 1.200000000000000000e+01 1.700000000000000000e+01
7.000020398445047931e+01 1.300000000000000000e+01 1.500000000000000000e+01
7.100020398445042247e+01 7.000000000000000000e+00 1.500000000000000000e+01
7.200020398445036562e+01 6.000000000000000000e+00 1.500000000000000000e+01
7.300020398445030878e+01 5.000000000000000000e+00 1.400000000000000000e+01
7.400020398445025194e+01 6.000000000000000000e+00 1.500000000000000000e+01
7.500020398445019509e+01 6.000000000000000000e+00 1.500000000000000000e+01
7.600020398445013825e+01 5.000000000000000000e+00 1.500000000000000000e+01
7.700020398445008141e+01 4.000000000000000000e+00 1.600000000000000000e+01
7.800020398445002456e+01 3.000000000000000000e+00 1.700000000000000000e+01
7.900020398444996772e+01 1.000000000000000000e+00 1.600000000000000000e+01
8.000020398444991088e+01 1.000000000000000000e+00 1.600000000000000000e+01
8.100020398444985403e+01 1.000000000000000000e+00 1.700000000000000000e+01
8.200020398444979719e+01 2.000000000000000000e+00 1.500000000000000000e+01
8.300020398444974035e+01 2.000000000000000000e+00 1.300000000000000000e+01
8.400020398444968350e+01 2.000000000000000000e+00 1.300000000000000000e+01
8.500020398444962666e+01 2.000000000000000000e+00 1.300000000000000000e+01
8.600020398444956982e+01 4.000000000000000000e+00 1.400000000000000000e+01
8.700020398444951297e+01 2.000000000000000000e+00 1.300000000000000000e+01
8.800020398444945613e+01 2.000000000000000000e+00 1.600000000000000000e+01
8.900020398444939929e+01 0.000000000000000000e+00 1.400000000000000000e+01
9.000020398444934244e+01 0.000000000000000000e+00 1.400000000000000000e+01
9.100020398444928560e+01 2.000000000000000000e+00 1.400000000000000000e+01
9.200020398444922876e+01 2.000000000000000000e+00 1.300000000000000000e+01
9.300020398444917191e+01 3.000000000000000000e+00 1.500000000000000000e+01
9.400020398444911507e+01 4.000000000000000000e+00 1.500000000000000000e+01
9.500020398444905823e+01 2.000000000000000000e+00 1.200000000000000000e+01
9.600020398444900138e+01 1.000000000000000000e+00 1.000000000000000000e+01
9.700020398444894454e+01 2.000000000000000000e+00 1.300000000000000000e+01
9.800020398444888770e+01 4.000000000000000000e+00 1.100000000000000000e+01
9.900020398444883085e+01 3.000000000000000000e+00 1.100000000000000000e+01
1.000002039844487740e+02 4.000000000000000000e+00 1.200000000000000000e+01
1.010002039844487172e+02 4.000000000000000000e+00 1.300000000000000000e+01
1.020002039844486603e+02 4.000000000000000000e+00 1.400000000000000000e+01
1.030002039844486035e+02 5.000000000000000000e+00 1.600000000000000000e+01
1.040000836676544083e+02 6.000000000000000000e+00 1.600000000000000000e+01
1.050002039844484898e+02 5.000000000000000000e+00 1.500000000000000000e+01
1.060002039844484329e+02 5.000000000000000000e+00 1.500000000000000000e+01
1.070002039844483761e+02 9.000000000000000000e+00 1.600000000000000000e+01
1.080002039844483193e+02 8.000000000000000000e+00 1.700000000000000000e+01
1.090002039844482624e+02 8.000000000000000000e+00 1.700000000000000000e+01
1.100002039844482056e+02 8.000000000000000000e+00 1.700000000000000000e+01
1.110002039844481487e+02 7.000000000000000000e+00 1.900000000000000000e+01
1.120002039844480919e+02 5.000000000000000000e+00 1.900000000000000000e+01
1.130002039844480350e+02 9.000000000000000000e+00 2.200000000000000000e+01
1.140002039844479782e+02 7.000000000000000000e+00 2.100000000000000000e+01
1.150002039844479214e+02 6.000000000000000000e+00 2.100000000000000000e+01
1.160002039844478645e+02 3.000000000000000000e+00 2.000000000000000000e+01
1.170002039844478077e+02 5.000000000000000000e+00 1.800000000000000000e+01
1.180002039844477508e+02 4.000000000000000000e+00 1.800000000000000000e+01
1.190002039844476940e+02 4.000000000000000000e+00 1.900000000000000000e+01
1.200002039844476371e+02 2.000000000000000000e+00 1.900000000000000000e+01
1.210002039844475803e+02 2.000000000000000000e+00 1.700000000000000000e+01
1.220002039844475235e+02 3.000000000000000000e+00 1.700000000000000000e+01
1.230002039844474666e+02 3.000000000000000000e+00 1.600000000000000000e+01
1.240002039844474098e+02 4.000000000000000000e+00 1.600000000000000000e+01
1.250002039844473529e+02 3.000000000000000000e+00 1.700000000000000000e+01
1.260002039844472961e+02 5.000000000000000000e+00 1.700000000000000000e+01
1.270000375904194101e+02 4.000000000000000000e+00 1.900000000000000000e+01
1.280002039844471824e+02 4.000000000000000000e+00 1.900000000000000000e+01
1.290002039844471255e+02 4.000000000000000000e+00 2.000000000000000000e+01
1.300002039844470687e+02 5.000000000000000000e+00 2.000000000000000000e+01
1.310002039844470119e+02 6.000000000000000000e+00 2.000000000000000000e+01
1.320002039844469550e+02 6.000000000000000000e+00 1.800000000000000000e+01
1.330002039844468982e+02 6.000000000000000000e+00 1.800000000000000000e+01
1.340000762083159316e+02 5.000000000000000000e+00 1.800000000000000000e+01
1.350002039844467845e+02 4.000000000000000000e+00 1.800000000000000000e+01
1.360002039844467276e+02 1.000000000000000000e+00 1.800000000000000000e+01
1.370002039844466708e+02 0.000000000000000000e+00 1.800000000000000000e+01
1.380002039844466140e+02 2.000000000000000000e+00 1.900000000000000000e+01
1.390002039844465571e+02 2.000000000000000000e+00 1.700000000000000000e+01
1.400002039844465003e+02 3.000000000000000000e+00 1.800000000000000000e+01
1.410002039844464434e+02 3.000000000000000000e+00 1.800000000000000000e+01
1.420002039844463866e+02 5.000000000000000000e+00 1.800000000000000000e+01
1.430002039844463297e+02 2.000000000000000000e+00 1.900000000000000000e+01
1.440002039844462729e+02 3.000000000000000000e+00 2.100000000000000000e+01
1.450002039844462161e+02 4.000000000000000000e+00 2.200000000000000000e+01
1.460002039844461592e+02 5.000000000000000000e+00 2.200000000000000000e+01
1.470002039844461024e+02 4.000000000000000000e+00 2.000000000000000000e+01
1.480002039844460455e+02 6.000000000000000000e+00 1.900000000000000000e+01
1.490002039844459887e+02 5.000000000000000000e+00 1.900000000000000000e+01
1.500002039844459318e+02 5.000000000000000000e+00 1.700000000000000000e+01
1.510002039844458750e+02 8.000000000000000000e+00 1.900000000000000000e+01
1.520002039844458182e+02 8.000000000000000000e+00 1.800000000000000000e+01
1.530002039844457613e+02 8.000000000000000000e+00 1.800000000000000000e+01
1.540002039844457045e+02 7.000000000000000000e+00 2.000000000000000000e+01
1.550002039844456476e+02 7.000000000000000000e+00 1.900000000000000000e+01
1.560002039844455908e+02 8.000000000000000000e+00 1.800000000000000000e+01
1.570002039844455339e+02 7.000000000000000000e+00 1.700000000000000000e+01
1.580002039844454771e+02 6.000000000000000000e+00 1.700000000000000000e+01
1.590002039844454202e+02 8.000000000000000000e+00 1.900000000000000000e+01
1.600002039844453634e+02 5.000000000000000000e+00 1.800000000000000000e+01
1.610002039844453066e+02 6.000000000000000000e+00 1.900000000000000000e+01
1.620002039844452497e+02 7.000000000000000000e+00 2.000000000000000000e+01
1.630002039844451929e+02 7.000000000000000000e+00 2.000000000000000000e+01
1.640002039844451360e+02 7.000000000000000000e+00 1.900000000000000000e+01
1.650002039844450792e+02 7.000000000000000000e+00 2.000000000000000000e+01
1.660002039844450223e+02 6.000000000000000000e+00 2.000000000000000000e+01
1.670002039844449655e+02 6.000000000000000000e+00 1.900000000000000000e+01
1.680002039844449087e+02 4.000000000000000000e+00 2.000000000000000000e+01
1.690002039844448518e+02 2.000000000000000000e+00 2.000000000000000000e+01
1.700002039844447950e+02 2.000000000000000000e+00 2.000000000000000000e+01
1.710002039844447381e+02 2.000000000000000000e+00 2.000000000000000000e+01
1.720002039844446813e+02 2.000000000000000000e+00 2.000000000000000000e+01
1.730002039844446244e+02 3.000000000000000000e+00 2.100000000000000000e+01
1.740002039844445676e+02 3.000000000000000000e+00 2.100000000000000000e+01
1.750002039844445108e+02 2.000000000000000000e+00 2.500000000000000000e+01
1.760002039844444539e+02 2.000000000000000000e+00 2.700000000000000000e+01
1.770002039844443971e+02 4.000000000000000000e+00 2.700000000000000000e+01
1.780002039844443402e+02 4.000000000000000000e+00 2.800000000000000000e+01
1.790002039844442834e+02 4.000000000000000000e+00 2.700000000000000000e+01
1.800002039844442265e+02 3.000000000000000000e+00 2.700000000000000000e+01
1.810002039844441697e+02 3.000000000000000000e+00 2.000000000000000000e+01
1.820002039844441128e+02 7.000000000000000000e+00 1.900000000000000000e+01
1.830002039844440560e+02 4.000000000000000000e+00 1.600000000000000000e+01
1.840002039844439992e+02 4.000000000000000000e+00 1.600000000000000000e+01
1.850002039844439423e+02 4.000000000000000000e+00 1.600000000000000000e+01
1.860002039844438855e+02 5.000000000000000000e+00 1.700000000000000000e+01
1.870002039844438286e+02 4.000000000000000000e+00 1.800000000000000000e+01
1.880002039844437718e+02 3.000000000000000000e+00 1.800000000000000000e+01
1.890002039844437149e+02 2.000000000000000000e+00 1.900000000000000000e+01
1.900002039844436581e+02 2.000000000000000000e+00 1.700000000000000000e+01
1.910002039844436013e+02 2.000000000000000000e+00 1.700000000000000000e+01
1.920002039844435444e+02 3.000000000000000000e+00 1.500000000000000000e+01
1.930002039844434876e+02 5.000000000000000000e+00 1.700000000000000000e+01
1.940002039844434307e+02 4.000000000000000000e+00 1.600000000000000000e+01
1.950002039844433739e+02 3.000000000000000000e+00 1.500000000000000000e+01
1.960002039844433170e+02 3.000000000000000000e+00 1.200000000000000000e+01
1.970002039844432602e+02 6.000000000000000000e+00 1.300000000000000000e+01
1.980002039844432034e+02 5.000000000000000000e+00 1.500000000000000000e+01
1.990002039844431465e+02 3.000000000000000000e+00 1.500000000000000000e+01
2.000002039844430897e+02 3.000000000000000000e+00 1.800000000000000000e+01
2.010002039844430328e+02 5.000000000000000000e+00 1.900000000000000000e+01
2.020002039844429760e+02 5.000000000000000000e+00 1.600000000000000000e+01
2.030002039844429191e+02 4.000000000000000000e+00 1.600000000000000000e+01
2.040002039844428623e+02 5.000000000000000000e+00 1.700000000000000000e+01
2.050002039844428054e+02 5.000000000000000000e+00 1.600000000000000000e+01
2.060002039844427486e+02 5.000000000000000000e+00 1.700000000000000000e+01
2.070002039844426918e+02 5.000000000000000000e+00 1.900000000000000000e+01
2.080002039844426349e+02 5.000000000000000000e+00 1.900000000000000000e+01
2.090002039844425781e+02 6.000000000000000000e+00 1.800000000000000000e+01
2.100002039844425212e+02 6.000000000000000000e+00 1.500000000000000000e+01
2.110000945200908120e+02 5.000000000000000000e+00 1.600000000000000000e+01
2.120002039844424075e+02 6.000000000000000000e+00 1.200000000000000000e+01
2.130002039844423507e+02 6.000000000000000000e+00 9.000000000000000000e+00
2.140002039844422939e+02 6.000000000000000000e+00 9.000000000000000000e+00
2.150002039844422370e+02 7.000000000000000000e+00 7.000000000000000000e+00
2.160002039844421802e+02 5.000000000000000000e+00 4.000000000000000000e+00
2.170002039844421233e+02 6.000000000000000000e+00 5.000000000000000000e+00
2.180002039844420665e+02 6.000000000000000000e+00 6.000000000000000000e+00
2.190002039844420096e+02 5.000000000000000000e+00 6.000000000000000000e+00
2.200002039844419528e+02 5.000000000000000000e+00 6.000000000000000000e+00
2.210002039844418960e+02 5.000000000000000000e+00 7.000000000000000000e+00
2.220002039844418391e+02 7.000000000000000000e+00 9.000000000000000000e+00
2.230002039844417823e+02 8.000000000000000000e+00 9.000000000000000000e+00
2.240002039844417254e+02 8.000000000000000000e+00 1.000000000000000000e+01
2.250002039844416686e+02 1.000000000000000000e+01 1.100000000000000000e+01
2.260002039844416117e+02 7.000000000000000000e+00 1.100000000000000000e+01
2.270002039844415549e+02 6.000000000000000000e+00 1.300000000000000000e+01
2.280002039844414981e+02 6.000000000000000000e+00 1.300000000000000000e+01
2.290002039844414412e+02 7.000000000000000000e+00 1.300000000000000000e+01
2.300002039844413844e+02 8.000000000000000000e+00 1.400000000000000000e+01
2.310002039844413275e+02 8.000000000000000000e+00 1.400000000000000000e+01
2.320002039844412707e+02 8.000000000000000000e+00 1.400000000000000000e+01
2.330002039844412138e+02 7.000000000000000000e+00 1.300000000000000000e+01
2.340002039844411570e+02 7.000000000000000000e+00 1.300000000000000000e+01
2.350002039844411001e+02 9.000000000000000000e+00 1.200000000000000000e+01
2.360002039844410433e+02 1.000000000000000000e+01 1.100000000000000000e+01
2.370002039844409865e+02 1.000000000000000000e+01 9.000000000000000000e+00
2.380002039844409296e+02 1.000000000000000000e+01 7.000000000000000000e+00
2.390002039844408728e+02 1.000000000000000000e+01 9.000000000000000000e+00
2.400002039844408159e+02 9.000000000000000000e+00 6.000000000000000000e+00
2.410002039844407591e+02 1.000000000000000000e+01 5.000000000000000000e+00
2.420002039844407022e+02 1.100000000000000000e+01 4.000000000000000000e+00
2.430000190951915044e+02 1.200000000000000000e+01 6.000000000000000000e+00
2.440002039844405886e+02 1.300000000000000000e+01 5.000000000000000000e+00
2.450002039844405317e+02 1.100000000000000000e+01 7.000000000000000000e+00
2.460002039844404749e+02 1.200000000000000000e+01 7.000000000000000000e+00
2.470000526852847713e+02 1.400000000000000000e+01 6.000000000000000000e+00
2.480002039844403612e+02 1.500000000000000000e+01 7.000000000000000000e+00
2.490002039844403043e+02 1.500000000000000000e+01 8.000000000000000000e+00
2.500002039844402475e+02 1.200000000000000000e+01 8.000000000000000000e+00
2.510002039844401907e+02 1.200000000000000000e+01 8.000000000000000000e+00
2.520002039844401338e+02 1.100000000000000000e+01 8.000000000000000000e+00
2.530002039844400770e+02 9.000000000000000000e+00 7.000000000000000000e+00
2.540002039844400201e+02 8.000000000000000000e+00 8.000000000000000000e+00
2.550000360177152174e+02 1.200000000000000000e+01 9.000000000000000000e+00
2.560002039844399064e+02 1.200000000000000000e+01 8.000000000000000000e+00
2.570002039844401338e+02 1.200000000000000000e+01 1.000000000000000000e+01
2.580002039844403612e+02 1.100000000000000000e+01 9.000000000000000000e+00
2.590002039844405886e+02 1.100000000000000000e+01 1.000000000000000000e+01
2.600002039844408159e+02 1.200000000000000000e+01 1.000000000000000000e+01
2.610002039844410433e+02 1.300000000000000000e+01 1.100000000000000000e+01
2.620002039844412707e+02 1.400000000000000000e+01 1.100000000000000000e+01
2.630002039844414981e+02 1.400000000000000000e+01 1.100000000000000000e+01
2.640002039844417254e+02 1.400000000000000000e+01 1.100000000000000000e+01
2.650002039844419528e+02 1.400000000000000000e+01 1.200000000000000000e+01
2.660002039844421802e+02 1.400000000000000000e+01 1.300000000000000000e+01
2.670002039844424075e+02 1.600000000000000000e+01 1.400000000000000000e+01
2.680002039844426349e+02 1.600000000000000000e+01 1.400000000000000000e+01
2.690002039844428623e+02 1.800000000000000000e+01 1.500000000000000000e+01
2.700002039844430897e+02 1.800000000000000000e+01 1.500000000000000000e+01
2.710002039844433170e+02 2.000000000000000000e+01 1.600000000000000000e+01
2.720002039844435444e+02 2.100000000000000000e+01 1.700000000000000000e+01
2.730002039844437718e+02 2.000000000000000000e+01 1.800000000000000000e+01
2.740002039844439992e+02 1.800000000000000000e+01 1.900000000000000000e+01
2.750002039844442265e+02 1.900000000000000000e+01 1.800000000000000000e+01
2.760002039844444539e+02 2.100000000000000000e+01 1.600000000000000000e+01
2.770002039844446813e+02 2.100000000000000000e+01 1.400000000000000000e+01
2.780002039844449087e+02 2.100000000000000000e+01 1.500000000000000000e+01
2.790002039844451360e+02 2.200000000000000000e+01 1.600000000000000000e+01
2.800002039844453634e+02 2.200000000000000000e+01 1.700000000000000000e+01
2.810002039844455908e+02 2.000000000000000000e+01 1.600000000000000000e+01
2.820000627387216809e+02 1.900000000000000000e+01 1.600000000000000000e+01
2.830002039844460455e+02 2.000000000000000000e+01 1.200000000000000000e+01
2.840002039844462729e+02 1.800000000000000000e+01 1.200000000000000000e+01
2.850002039844465003e+02 1.800000000000000000e+01 1.200000000000000000e+01
2.860002039844467276e+02 1.800000000000000000e+01 1.200000000000000000e+01
2.870002039844469550e+02 1.800000000000000000e+01 1.200000000000000000e+01
2.880002039844471824e+02 1.800000000000000000e+01 1.200000000000000000e+01
2.890002039844474098e+02 1.900000000000000000e+01 1.200000000000000000e+01
2.900002039844476371e+02 1.300000000000000000e+01 1.200000000000000000e+01
2.910001276732501196e+02 1.200000000000000000e+01 1.500000000000000000e+01
2.920002039844480919e+02 1.400000000000000000e+01 1.500000000000000000e+01
2.930002039844483193e+02 1.500000000000000000e+01 1.600000000000000000e+01
2.940002039844485466e+02 1.600000000000000000e+01 1.700000000000000000e+01
2.950001393985707523e+02 1.400000000000000000e+01 1.700000000000000000e+01
2.960002039844490014e+02 1.400000000000000000e+01 1.800000000000000000e+01
2.970002039844492288e+02 1.600000000000000000e+01 1.400000000000000000e+01
2.980002039844494561e+02 1.700000000000000000e+01 1.300000000000000000e+01
2.990002039844496835e+02 1.800000000000000000e+01 1.100000000000000000e+01
3.000002039844499109e+02 1.600000000000000000e+01 1.100000000000000000e+01
