0.000000000000000000e+00 0.000000000000000000e+00 0.000000000000000000e+00
1.000062377967339211e+00 1.000000000000000000e+00 1.000000000000000000e+00
2.000062377967339877e+00 2.000000000000000000e+00 2.000000000000000000e+00
3.000062377967340765e+00 2.000000000000000000e+00 2.000000000000000000e+00
4.000062377967341654e+00 2.000000000000000000e+00 2.000000000000000000e+00
5.000062377967338101e+00 2.000000000000000000e+00 2.000000000000000000e+00
6.000062377967334548e+00 3.000000000000000000e+00 3.000000000000000000e+00
7.000062377967330995e+00 3.000000000000000000e+00 3.000000000000000000e+00
8.000062377967328331e+00 4.000000000000000000e+00 4.000000000000000000e+00
9.000062377967324778e+00 3.000000000000000000e+00 3.000000000000000000e+00
1.000006237796732123e+01 3.000000000000000000e+00 3.000000000000000000e+00
1.100006237796731767e+01 5.000000000000000000e+00 5.000000000000000000e+00
1.200006237796731412e+01 5.000000000000000000e+00 5.000000000000000000e+00
1.300006237796731057e+01 7.000000000000000000e+00 7.000000000000000000e+00
1.400006237796730701e+01 8.000000000000000000e+00 8.000000000000000000e+00
1.500006237796730346e+01 6.000000000000000000e+00 6.000000000000000000e+00
1.600006237796729991e+01 8.000000000000000000e+00 8.000000000000000000e+00
1.700006237796731412e+01 9.000000000000000000e+00 9.000000000000000000e+00
1.800006237796732833e+01 9.000000000000000000e+00 9.000000000000000000e+00
1.900006237796734254e+01 8.000000000000000000e+00 8.000000000000000000e+00
2.000006237796735675e+01 5.000000000000000000e+00 6.000000000000000000e+00
2.100006237796737096e+01 6.000000000000000000e+00 7.000000000000000000e+00
2.200006237796738517e+01 4.000000000000000000e+00 6.000000000000000000e+00
2.300006237796739939e+01 4.000000000000000000e+00 5.000000000000000000e+00
2.400006237796741360e+01 3.000000000000000000e+00 5.000000000000000000e+00
2.500006237796742781e+01 3.000000000000000000e+00 5.000000000000000000e+00
2.600006237796744202e+01 5.000000000000000000e+00 7.000000000000000000e+00
2.700006237796745623e+01 5.000000000000000000e+00 7.000000000000000000e+00
2.800006237796747044e+01 6.000000000000000000e+00 8.000000000000000000e+00
2.900006237796748465e+01 6.000000000000000000e+00 8.000000000000000000e+00
3.000006237796749886e+01 7.000000000000000000e+00 9.000000000000000000e+00
3.100006237796751307e+01 6.000000000000000000e+00 9.000000000000000000e+00
3.200006237796752373e+01 6.000000000000000000e+00 9.000000000000000000e+00
3.300006237796753794e+01 8.000000000000000000e+00 1.100000000000000000e+01
3.400006237796755215e+01 9.000000000000000000e+00 1.200000000000000000e+01
3.500006237796756636e+01 9.000000000000000000e+00 1.200000000000000000e+01
3.600006237796758057e+01 1.000000000000000000e+01 1.200000000000000000e+01
3.700006237796759478e+01 1.000000000000000000e+01 1.300000000000000000e+01
3.800006237796760900e+01 1.000000000000000000e+01 1.200000000000000000e+01
3.900006237796762321e+01 1.100000000000000000e+01 1.300000000000000000e+01
4.000006237796763742e+01 1.200000000000000000e+01 1.400000000000000000e+01
4.100006237796765163e+01 1.200000000000000000e+01 1.400000000000000000e+01
4.200006237796766584e+01 1.200000000000000000e+01 1.300000000000000000e+01
4.300006237796768005e+01 1.000000000000000000e+01 1.100000000000000000e+01
4.400006237796769426e+01 1.100000000000000000e+01 1.100000000000000000e+01
4.500006237796770847e+01 1.200000000000000000e+01 1.200000000000000000e+01
4.600006237796772268e+01 1.100000000000000000e+01 1.200000000000000000e+01
4.700006237796773689e+01 1.100000000000000000e+01 1.100000000000000000e+01
4.800006237796775110e+01 1.100000000000000000e+01 1.100000000000000000e+01
4.900006237796776531e+01 1.100000000000000000e+01 1.200000000000000000e+01
5.000006237796777953e+01 1.200000000000000000e+01 1.200000000000000000e+01
5.100006237796779374e+01 1.200000000000000000e+01 1.200000000000000000e+01
5.200006237796780795e+01 1.300000000000000000e+01 1.300000000000000000e+01
5.300006237796782216e+01 1.300000000000000000e+01 1.300000000000000000e+01
5.400006237796783637e+01 1.300000000000000000e+01 1.400000000000000000e+01
5.500006237796785058e+01 1.300000000000000000e+01 1.300000000000000000e+01
5.600006237796786479e+01 1.300000000000000000e+01 1.300000000000000000e+01
5.700006237796787900e+01 1.300000000000000000e+01 1.300000000000000000e+01
5.800006237796789321e+01 1.100000000000000000e+01 1.200000000000000000e+01
5.900006237796790742e+01 8.000000000000000000e+00 1.400000000000000000e+01
6.000006237796792163e+01 6.000000000000000000e+00 1.100000000000000000e+01
6.100006237796793584e+01 2.000000000000000000e+00 1.100000000000000000e+01
6.200006237796795006e+01 2.000000000000000000e+00 1.000000000000000000e+01
6.300006237796796427e+01 2.000000000000000000e+00 1.000000000000000000e+01
6.400006237796797848e+01 3.000000000000000000e+00 1.100000000000000000e+01
6.500006237796792163e+01 5.000000000000000000e+00 1.100000000000000000e+01
6.600006237796786479e+01 6.000000000000000000e+00 1.200000000000000000e+01
6.700006237796780795e+01 8.000000000000000000e+00 1.300000000000000000e+01
6.800006237796775110e+01 7.000000000000000000e+00 1.300000000000000000e+01
6.900006237796769426e+01 6.000000000000000000e+00 1.300000000000000000e+01
7.000006237796763742e+01 6.000000000000000000e+00 1.400000000000000000e+01
7.100006237796758057e+01 7.000000000000000000e+00 1.500000000000000000e+01
7.200006237796752373e+01 4.000000000000000000e+00 1.400000000000000000e+01
7.300006237796746689e+01 4.000000000000000000e+00 1.400000000000000000e+01
7.400006237796741004e+01 4.000000000000000000e+00 1.500000000000000000e+01
7.500006237796735320e+01 5.000000000000000000e+00 1.200000000000000000e+01
7.600006237796729636e+01 3.000000000000000000e+00 1.000000000000000000e+01
7.700006237796723951e+01 3.000000000000000000e+00 8.000000000000000000e+00
7.800006237796718267e+01 4.000000000000000000e+00 6.000000000000000000e+00
7.900006237796712583e+01 4.000000000000000000e+00 5.000000000000000000e+00
8.000006237796706898e+01 4.000000000000000000e+00 4.000000000000000000e+00
8.100006237796701214e+01 4.000000000000000000e+00 2.000000000000000000e+00
8.200006237796695530e+01 4.000000000000000000e+00 2.000000000000000000e+00
8.300006237796689845e+01 6.000000000000000000e+00 3.000000000000000000e+00
8.400006237796684161e+01 6.000000000000000000e+00 3.000000000000000000e+00
8.500006237796678477e+01 6.000000000000000000e+00 3.000000000000000000e+00
8.600006237796672792e+01 6.000000000000000000e+00 3.000000000000000000e+00
8.700006237796667108e+01 9.000000000000000000e+00 7.000000000000000000e+00
8.800006237796661424e+01 9.000000000000000000e+00 5.000000000000000000e+00
8.900006237796655739e+01 8.000000000000000000e+00 5.000000000000000000e+00
9.000006237796650055e+01 8.000000000000000000e+00 6.000000000000000000e+00
9.100006237796644371e+01 9.000000000000000000e+00 8.000000000000000000e+00
9.200006237796638686e+01 7.000000000000000000e+00 8.000000000000000000e+00
9.300006237796633002e+01 6.000000000000000000e+00 8.000000000000000000e+00
9.400006237796627317e+01 7.000000000000000000e+00 1.000000000000000000e+01
9.500006237796621633e+01 7.000000000000000000e+00 1.100000000000000000e+01
9.600006237796615949e+01 7.000000000000000000e+00 1.000000000000000000e+01
9.700006237796610264e+01 8.000000000000000000e+00 1.100000000000000000e+01
9.800006237796604580e+01 1.100000000000000000e+01 1.200000000000000000e+01
9.900006237796598896e+01 1.000000000000000000e+01 1.300000000000000000e+01
1.000000623779659321e+02 1.100000000000000000e+01 1.100000000000000000e+01
1.010000623779658753e+02 1.200000000000000000e+01 1.000000000000000000e+01
1.020000623779658184e+02 1.300000000000000000e+01 9.000000000000000000e+00
1.030000623779657616e+02 1.300000000000000000e+01 8.000000000000000000e+00
1.040000623779657047e+02 1.400000000000000000e+01 8.000000000000000000e+00
1.050000623779656479e+02 1.500000000000000000e+01 8.000000000000000000e+00
1.060000623779655911e+02 1.400000000000000000e+01 9.000000000000000000e+00
1.070000623779655342e+02 1.400000000000000000e+01 7.000000000000000000e+00
1.080000623779654774e+02 1.400000000000000000e+01 4.000000000000000000e+00
1.090000623779654205e+02 1.500000000000000000e+01 6.000000000000000000e+00
1.100000623779653637e+02 1.400000000000000000e+01 5.000000000000000000e+00
1.110000623779653068e+02 1.500000000000000000e+01 5.000000000000000000e+00
1.120000254502473638e+02 1.500000000000000000e+01 5.000000000000000000e+00
1.130000623779651931e+02 1.400000000000000000e+01 6.000000000000000000e+00
1.140000623779651363e+02 1.400000000000000000e+01 6.000000000000000000e+00
1.150000623779650795e+02 1.400000000000000000e+01 7.000000000000000000e+00
1.160000623779650226e+02 1.400000000000000000e+01 8.000000000000000000e+00
1.170000623779649658e+02 1.500000000000000000e+01 9.000000000000000000e+00
1.180000623779649089e+02 1.500000000000000000e+01 9.000000000000000000e+00
1.190000623779648521e+02 1.200000000000000000e+01 1.000000000000000000e+01
1.200000623779647952e+02 1.100000000000000000e+01 9.000000000000000000e+00
1.210000623779647384e+02 1.000000000000000000e+01 9.000000000000000000e+00
1.220000623779646816e+02 1.200000000000000000e+01 9.000000000000000000e+00
1.230000623779646247e+02 1.300000000000000000e+01 7.000000000000000000e+00
1.240000623779645679e+02 1.400000000000000000e+01 8.000000000000000000e+00
1.250000623779645110e+02 1.400000000000000000e+01 7.000000000000000000e+00
1.260000623779644542e+02 1.300000000000000000e+01 8.000000000000000000e+00
1.270000623779643973e+02 1.300000000000000000e+01 8.000000000000000000e+00
1.280000623779643547e+02 1.300000000000000000e+01 7.000000000000000000e+00
1.290000623779642979e+02 1.400000000000000000e+01 7.000000000000000000e+00
1.300000623779642410e+02 1.400000000000000000e+01 7.000000000000000000e+00
1.310000623779641842e+02 1.200000000000000000e+01 7.000000000000000000e+00
1.320000623779641273e+02 1.000000000000000000e+01 9.000000000000000000e+00
1.330000623779640705e+02 1.000000000000000000e+01 7.000000000000000000e+00
1.340000623779640136e+02 1.200000000000000000e+01 4.000000000000000000e+00
1.350000623779639568e+02 1.100000000000000000e+01 2.000000000000000000e+00
1.360000623779639000e+02 1.300000000000000000e+01 2.000000000000000000e+00
1.370000623779638431e+02 1.200000000000000000e+01 2.000000000000000000e+00
1.380000623779637863e+02 1.100000000000000000e+01 3.000000000000000000e+00
1.390000623779637294e+02 9.000000000000000000e+00 3.000000000000000000e+00
1.400000623779636726e+02 9.000000000000000000e+00 4.000000000000000000e+00
1.410000623779636157e+02 1.000000000000000000e+01 4.000000000000000000e+00
1.420000623779635589e+02 7.000000000000000000e+00 4.000000000000000000e+00
1.430000623779635021e+02 7.000000000000000000e+00 4.000000000000000000e+00
1.440000623779634452e+02 7.000000000000000000e+00 4.000000000000000000e+00
1.450000623779633884e+02 7.000000000000000000e+00 4.000000000000000000e+00
1.460000623779633315e+02 8.000000000000000000e+00 5.000000000000000000e+00
1.470000623779632747e+02 7.000000000000000000e+00 5.000000000000000000e+00
1.480000623779632178e+02 6.000000000000000000e+00 5.000000000000000000e+00
1.490000623779631610e+02 3.000000000000000000e+00 5.000000000000000000e+00
1.500000623779631042e+02 1.000000000000000000e+00 7.000000000000000000e+00
1.510000623779630473e+02 2.000000000000000000e+00 7.000000000000000000e+00
1.520000623779629905e+02 3.000000000000000000e+00 8.000000000000000000e+00
1.530000623779629336e+02 1.000000000000000000e+00 1.000000000000000000e+01
1.540000623779628768e+02 1.000000000000000000e+00 9.000000000000000000e+00
1.550000623779628199e+02 1.000000000000000000e+00 8.000000000000000000e+00
1.560000623779627631e+02 1.000000000000000000e+00 9.000000000000000000e+00
1.570000623779627063e+02 1.000000000000000000e+00 9.000000000000000000e+00
1.580000623779626494e+02 0.000000000000000000e+00 9.000000000000000000e+00
1.590000623779625926e+02 0.000000000000000000e+00 7.000000000000000000e+00
1.600000623779625357e+02 1.000000000000000000e+00 7.000000000000000000e+00
1.610000623779624789e+02 3.000000000000000000e+00 9.000000000000000000e+00
1.620000623779624220e+02 4.000000000000000000e+00 8.000000000000000000e+00
1.630000623779623652e+02 1.000000000000000000e+00 7.000000000000000000e+00
1.640000623779623083e+02 2.000000000000000000e+00 8.000000000000000000e+00
1.650000623779622515e+02 2.000000000000000000e+00 8.000000000000000000e+00
1.660000623779621947e+02 2.000000000000000000e+00 9.000000000000000000e+00
1.670000623779621378e+02 3.000000000000000000e+00 9.000000000000000000e+00
1.680000623779620810e+02 3.000000000000000000e+00 7.000000000000000000e+00
1.690000623779620241e+02 5.000000000000000000e+00 7.000000000000000000e+00
1.700000623779619673e+02 3.000000000000000000e+00 7.000000000000000000e+00
1.710000623779619104e+02 3.000000000000000000e+00 7.000000000000000000e+00
1.720000623779618536e+02 3.000000000000000000e+00 7.000000000000000000e+00
1.730000623779617968e+02 3.000000000000000000e+00 8.000000000000000000e+00
1.740000623779617399e+02 8.000000000000000000e+00 2.000000000000000000e+00
1.750000623779616831e+02 8.000000000000000000e+00 3.000000000000000000e+00
1.760000623779616262e+02 7.000000000000000000e+00 4.000000000000000000e+00
1.770000623779615694e+02 5.000000000000000000e+00 5.000000000000000000e+00
1.780000623779615125e+02 5.000000000000000000e+00 6.000000000000000000e+00
1.790000623779614557e+02 4.000000000000000000e+00 7.000000000000000000e+00
1.800000623779613989e+02 5.000000000000000000e+00 8.000000000000000000e+00
1.810000623779613420e+02 4.000000000000000000e+00 9.000000000000000000e+00
1.820000623779612852e+02 1.000000000000000000e+00 8.000000000000000000e+00
1.830000623779612283e+02 1.000000000000000000e+00 9.000000000000000000e+00
1.840000623779611715e+02 1.000000000000000000e+00 1.100000000000000000e+01
1.850000623779611146e+02 1.000000000000000000e+00 1.100000000000000000e+01
1.860000623779610578e+02 2.000000000000000000e+00 1.000000000000000000e+01
1.870000623779610009e+02 2.000000000000000000e+00 9.000000000000000000e+00
1.880000623779609441e+02 2.000000000000000000e+00 1.000000000000000000e+01
1.890000623779608873e+02 2.000000000000000000e+00 1.000000000000000000e+01
1.900000623779608304e+02 2.000000000000000000e+00 7.000000000000000000e+00
1.910000623779607736e+02 3.000000000000000000e+00 8.000000000000000000e+00
1.920000623779607167e+02 4.000000000000000000e+00 9.000000000000000000e+00
1.930000623779606599e+02 4.000000000000000000e+00 1.000000000000000000e+01
1.940000623779606030e+02 7.000000000000000000e+00 1.100000000000000000e+01
1.950000623779605462e+02 4.000000000000000000e+00 1.300000000000000000e+01
1.960000623779604894e+02 5.000000000000000000e+00 1.500000000000000000e+01
1.970000623779604325e+02 6.000000000000000000e+00 1.500000000000000000e+01
1.980000623779603757e+02 3.000000000000000000e+00 1.300000000000000000e+01
1.990000623779603188e+02 4.000000000000000000e+00 1.100000000000000000e+01
2.000000297183596842e+02 4.000000000000000000e+00 1.000000000000000000e+01
2.010000623779602051e+02 2.000000000000000000e+00 1.000000000000000000e+01
2.020000623779601483e+02 2.000000000000000000e+00 9.000000000000000000e+00
2.030000623779600915e+02 1.000000000000000000e+00 9.000000000000000000e+00
2.040000623779600346e+02 1.000000000000000000e+00 8.000000000000000000e+00
2.050000623779599778e+02 1.000000000000000000e+00 6.000000000000000000e+00
2.060000623779599209e+02 1.000000000000000000e+00 7.000000000000000000e+00
2.070000161279390340e+02 1.000000000000000000e+00 6.000000000000000000e+00
2.080000623779598072e+02 1.000000000000000000e+00 5.000000000000000000e+00
2.090000623779597504e+02 0.000000000000000000e+00 5.000000000000000000e+00
2.100000623779596935e+02 1.000000000000000000e+00 5.000000000000000000e+00
2.110000623779596367e+02 2.000000000000000000e+00 6.000000000000000000e+00
2.120000623779595799e+02 2.000000000000000000e+00 6.000000000000000000e+00
2.130000623779595230e+02 3.000000000000000000e+00 7.000000000000000000e+00
2.140000623779594662e+02 2.000000000000000000e+00 7.000000000000000000e+00
2.150000623779594093e+02 2.000000000000000000e+00 7.000000000000000000e+00
2.160000623779593525e+02 3.000000000000000000e+00 1.000000000000000000e+01
2.170000623779592956e+02 4.000000000000000000e+00 8.000000000000000000e+00
2.180000623779592388e+02 4.000000000000000000e+00 9.000000000000000000e+00
2.190000623779591820e+02 5.000000000000000000e+00 1.000000000000000000e+01
2.200000623779591251e+02 7.000000000000000000e+00 9.000000000000000000e+00
2.210000623779590683e+02 7.000000000000000000e+00 9.000000000000000000e+00
2.220000623779590114e+02 8.000000000000000000e+00 1.000000000000000000e+01
2.230000623779589546e+02 1.000000000000000000e+01 1.100000000000000000e+01
2.240000623779588977e+02 1.100000000000000000e+01 1.100000000000000000e+01
2.250000623779588409e+02 1.200000000000000000e+01 1.100000000000000000e+01
2.260000623779587841e+02 1.200000000000000000e+01 1.000000000000000000e+01
2.270000623779587272e+02 1.200000000000000000e+01 1.000000000000000000e+01
2.280000623779586704e+02 1.200000000000000000e+01 1.200000000000000000e+01
2.290000623779586135e+02 1.000000000000000000e+01 1.000000000000000000e+01
2.300000623779585567e+02 9.000000000000000000e+00 1.000000000000000000e+01
2.310000623779584998e+02 9.000000000000000000e+00 8.000000000000000000e+00
2.320000623779584430e+02 9.000000000000000000e+00 8.000000000000000000e+00
2.330000623779583862e+02 7.000000000000000000e+00 8.000000000000000000e+00
2.340000623779583293e+02 9.000000000000000000e+00 8.000000000000000000e+00
2.350000623779582725e+02 6.000000000000000000e+00 7.000000000000000000e+00
2.360000623779582156e+02 5.000000000000000000e+00 5.000000000000000000e+00
2.370000623779581588e+02 6.000000000000000000e+00 6.000000000000000000e+00
2.380000623779581019e+02 8.000000000000000000e+00 5.000000000000000000e+00
2.390000623779580451e+02 9.000000000000000000e+00 3.000000000000000000e+00
2.400000623779579882e+02 1.000000000000000000e+01 3.000000000000000000e+00
2.410000623779579314e+02 1.100000000000000000e+01 2.000000000000000000e+00
2.420000623779578746e+02 1.000000000000000000e+01 3.000000000000000000e+00
2.430000623779578177e+02 1.000000000000000000e+01 4.000000000000000000e+00
2.440000623779577609e+02 1.000000000000000000e+01 3.000000000000000000e+00
2.450000623779577040e+02 1.200000000000000000e+01 5.000000000000000000e+00
2.460000623779576472e+02 1.200000000000000000e+01 5.000000000000000000e+00
2.470000623779575903e+02 1.200000000000000000e+01 6.000000000000000000e+00
2.480000623779575335e+02 1.200000000000000000e+01 5.000000000000000000e+00
2.490000623779574767e+02 1.100000000000000000e+01 6.000000000000000000e+00
2.500000623779574198e+02 1.200000000000000000e+01 7.000000000000000000e+00
2.510000623779573630e+02 1.400000000000000000e+01 7.000000000000000000e+00
2.520000623779573061e+02 1.600000000000000000e+01 7.000000000000000000e+00
2.530000623779572493e+02 1.800000000000000000e+01 7.000000000000000000e+00
2.540000623779571924e+02 1.300000000000000000e+01 7.000000000000000000e+00
2.550000623779571356e+02 1.200000000000000000e+01 7.000000000000000000e+00
2.560000623779570788e+02 1.200000000000000000e+01 8.000000000000000000e+00
2.570000623779573061e+02 1.200000000000000000e+01 8.000000000000000000e+00
2.580000623779575335e+02 1.300000000000000000e+01 8.000000000000000000e+00
2.590000623779577609e+02 1.400000000000000000e+01 8.000000000000000000e+00
2.600000623779579882e+02 1.600000000000000000e+01 9.000000000000000000e+00
2.610000623779582156e+02 1.600000000000000000e+01 8.000000000000000000e+00
2.620000623779584430e+02 1.600000000000000000e+01 9.000000000000000000e+00
2.630000623779586704e+02 1.500000000000000000e+01 9.000000000000000000e+00
2.640000623779588977e+02 1.500000000000000000e+01 1.000000000000000000e+01
2.650000623779591251e+02 1.500000000000000000e+01 1.100000000000000000e+01
2.660000623779593525e+02 1.400000000000000000e+01 1.300000000000000000e+01
2.670000545358702198e+02 1.300000000000000000e+01 1.200000000000000000e+01
2.680000623779598072e+02 1.400000000000000000e+01 1.100000000000000000e+01
2.690000623779600346e+02 1.200000000000000000e+01 1.100000000000000000e+01
2.700000623779602620e+02 1.200000000000000000e+01 1.000000000000000000e+01
2.710000623779604894e+02 1.300000000000000000e+01 8.000000000000000000e+00
2.720000623779607167e+02 1.300000000000000000e+01 9.000000000000000000e+00
2.730000623779609441e+02 1.400000000000000000e+01 1.000000000000000000e+01
2.740000623779611715e+02 1.400000000000000000e+01 1.100000000000000000e+01
2.750000623779613989e+02 1.400000000000000000e+01 1.000000000000000000e+01
2.760000623779616262e+02 1.500000000000000000e+01 1.100000000000000000e+01
2.770000623779618536e+02 1.500000000000000000e+01 1.200000000000000000e+01
2.780000623779620810e+02 1.600000000000000000e+01 1.200000000000000000e+01
2.790000623779623083e+02 1.500000000000000000e+01 1.100000000000000000e+01
2.800000623779625357e+02 1.600000000000000000e+01 1.300000000000000000e+01
2.810000623779627631e+02 1.800000000000000000e+01 1.800000000000000000e+01
2.820000623779629905e+02 2.000000000000000000e+01 1.900000000000000000e+01
2.830000623779632178e+02 2.100000000000000000e+01 2.000000000000000000e+01
2.840000268376383588e+02 2.100000000000000000e+01 2.100000000000000000e+01
2.850000623779636726e+02 1.900000000000000000e+01 2.100000000000000000e+01
2.860000623779639000e+02 1.900000000000000000e+01 2.300000000000000000e+01
2.870000623779641273e+02 1.800000000000000000e+01 2.200000000000000000e+01
2.880000532465767833e+02 2.000000000000000000e+01 2.200000000000000000e+01
2.890000623779645821e+02 1.900000000000000000e+01 2.200000000000000000e+01
2.900000623779648095e+02 2.000000000000000000e+01 2.200000000000000000e+01
2.910000623779650368e+02 2.100000000000000000e+01 2.200000000000000000e+01
2.920000623779652642e+02 2.100000000000000000e+01 2.300000000000000000e+01
2.930000623779654916e+02 1.900000000000000000e+01 2.500000000000000000e+01
2.940000623779657190e+02 2.000000000000000000e+01 2.500000000000000000e+01
2.950000623779659463e+02 1.800000000000000000e+01 2.600000000000000000e+01
2.960000623779661737e+02 1.800000000000000000e+01 2.400000000000000000e+01
2.970000623779664011e+02 1.700000000000000000e+01 2.300000000000000000e+01
2.980000623779666284e+02 1.800000000000000000e+01 2.300000000000000000e+01
2.990000623779668558e+02 2.100000000000000000e+01 1.900000000000000000e+01
3.000000623779670832e+02 2.100000000000000000e+01 1.800000000000000000e+01
