0.000000000000000000e+00 0.000000000000000000e+00 0.000000000000000000e+00
1.000766168117647181e+00 2.000000000000000000e+00 2.000000000000000000e+00
2.000766168117647847e+00 2.000000000000000000e+00 2.000000000000000000e+00
3.000766168117648736e+00 3.000000000000000000e+00 3.000000000000000000e+00
4.000766168117649180e+00 5.000000000000000000e+00 5.000000000000000000e+00
5.000740944636095087e+00 5.000000000000000000e+00 5.000000000000000000e+00
6.000766168117642074e+00 5.000000000000000000e+00 5.000000000000000000e+00
7.000766168117638522e+00 5.000000000000000000e+00 5.000000000000000000e+00
8.000715004235042116e+00 7.000000000000000000e+00 7.000000000000000000e+00
9.000766168117632304e+00 7.000000000000000000e+00 7.000000000000000000e+00
1.000076616811762875e+01 9.000000000000000000e+00 9.000000000000000000e+00
1.100076616811762520e+01 9.000000000000000000e+00 9.000000000000000000e+00
1.200076616811762165e+01 9.000000000000000000e+00 9.000000000000000000e+00
1.300076616811761809e+01 9.000000000000000000e+00 9.000000000000000000e+00
1.400076616811761454e+01 9.000000000000000000e+00 9.000000000000000000e+00
1.500076616811761099e+01 1.300000000000000000e+01 1.300000000000000000e+01
1.600076616811760744e+01 1.300000000000000000e+01 1.300000000000000000e+01
1.700076616811762165e+01 1.400000000000000000e+01 1.200000000000000000e+01
1.800076616811763586e+01 1.600000000000000000e+01 1.400000000000000000e+01
1.900076616811765007e+01 1.600000000000000000e+01 1.400000000000000000e+01
2.000076616811766428e+01 1.400000000000000000e+01 1.300000000000000000e+01
2.100076616811767849e+01 1.800000000000000000e+01 1.700000000000000000e+01
2.200076616811769270e+01 2.000000000000000000e+01 2.000000000000000000e+01
2.300076616811770691e+01 1.900000000000000000e+01 1.900000000000000000e+01
2.400076616811772112e+01 1.800000000000000000e+01 1.900000000000000000e+01
2.500076616811773533e+01 2.000000000000000000e+01 2.100000000000000000e+01
2.600043126503065594e+01 2.000000000000000000e+01 2.000000000000000000e+01
2.700076616811776375e+01 2.000000000000000000e+01 2.100000000000000000e+01
2.800076616811777797e+01 2.100000000000000000e+01 2.300000000000000000e+01
2.900076616811779218e+01 2.100000000000000000e+01 2.100000000000000000e+01
3.000060740888673294e+01 1.900000000000000000e+01 1.900000000000000000e+01
3.100039561144566491e+01 1.800000000000000000e+01 2.100000000000000000e+01
3.200076616811783481e+01 1.900000000000000000e+01 2.100000000000000000e+01
3.300034258543090004e+01 2.000000000000000000e+01 2.200000000000000000e+01
3.400076616811786323e+01 2.100000000000000000e+01 2.200000000000000000e+01
3.500076616811787744e+01 2.200000000000000000e+01 2.200000000000000000e+01
3.600076616811789165e+01 2.500000000000000000e+01 2.400000000000000000e+01
3.700076616811790586e+01 2.500000000000000000e+01 2.400000000000000000e+01
3.800076616811792007e+01 2.500000000000000000e+01 2.400000000000000000e+01
3.900076616811793428e+01 2.600000000000000000e+01 2.500000000000000000e+01
4.000076616811794850e+01 2.600000000000000000e+01 2.500000000000000000e+01
4.100076616811796271e+01 2.600000000000000000e+01 2.500000000000000000e+01
4.200051355213619786e+01 2.600000000000000000e+01 2.500000000000000000e+01
4.300076616811799113e+01 2.600000000000000000e+01 2.500000000000000000e+01
4.400022092881387437e+01 2.600000000000000000e+01 2.400000000000000000e+01
4.500076616811801955e+01 2.800000000000000000e+01 2.600000000000000000e+01
4.600076616811803376e+01 2.500000000000000000e+01 2.500000000000000000e+01
4.700076616811804797e+01 2.500000000000000000e+01 2.400000000000000000e+01
4.800076616811806218e+01 2.500000000000000000e+01 2.100000000000000000e+01
4.900076616811807639e+01 2.300000000000000000e+01 2.000000000000000000e+01
5.000076616811809060e+01 2.400000000000000000e+01 1.800000000000000000e+01
5.100076616811810482e+01 2.300000000000000000e+01 1.600000000000000000e+01
5.200076616811811903e+01 2.300000000000000000e+01 1.500000000000000000e+01
5.300052779086930599e+01 2.200000000000000000e+01 1.400000000000000000e+01
5.400076616811814745e+01 2.100000000000000000e+01 1.300000000000000000e+01
5.500076616811816166e+01 2.000000000000000000e+01 1.200000000000000000e+01
5.600076616811817587e+01 1.800000000000000000e+01 1.200000000000000000e+01
5.700076616811819008e+01 1.900000000000000000e+01 1.300000000000000000e+01
5.800076616811820429e+01 1.900000000000000000e+01 1.400000000000000000e+01
5.900076616811821850e+01 1.900000000000000000e+01 1.500000000000000000e+01
6.000076616811823271e+01 1.800000000000000000e+01 1.500000000000000000e+01
6.100076616811824692e+01 2.000000000000000000e+01 1.700000000000000000e+01
6.200076616811826113e+01 1.900000000000000000e+01 1.700000000000000000e+01
6.300076616811827535e+01 1.800000000000000000e+01 1.700000000000000000e+01
6.400076616811828956e+01 1.900000000000000000e+01 1.800000000000000000e+01
6.500022606292442617e+01 1.900000000000000000e+01 1.800000000000000000e+01
6.600062404265847249e+01 1.900000000000000000e+01 1.700000000000000000e+01
6.700076616811811903e+01 1.900000000000000000e+01 1.700000000000000000e+01
6.800076616811806218e+01 2.000000000000000000e+01 1.700000000000000000e+01
6.900076616811800534e+01 2.000000000000000000e+01 1.600000000000000000e+01
7.000076616811794850e+01 1.900000000000000000e+01 1.400000000000000000e+01
7.100076616811789165e+01 1.500000000000000000e+01 1.100000000000000000e+01
7.200076616811783481e+01 1.400000000000000000e+01 1.100000000000000000e+01
7.300076616811777797e+01 1.200000000000000000e+01 1.000000000000000000e+01
7.400076616811772112e+01 1.200000000000000000e+01 8.000000000000000000e+00
7.500076616811766428e+01 1.300000000000000000e+01 6.000000000000000000e+00
7.600055687852008646e+01 1.300000000000000000e+01 6.000000000000000000e+00
7.700076616811755059e+01 1.300000000000000000e+01 6.000000000000000000e+00
7.800076616811749375e+01 1.400000000000000000e+01 7.000000000000000000e+00
7.900076616811743691e+01 1.400000000000000000e+01 7.000000000000000000e+00
8.000058127402793673e+01 1.400000000000000000e+01 7.000000000000000000e+00
8.100076616811732322e+01 1.400000000000000000e+01 7.000000000000000000e+00
8.200076616811726637e+01 1.600000000000000000e+01 9.000000000000000000e+00
8.300076616811720953e+01 1.500000000000000000e+01 1.000000000000000000e+01
8.400076616811715269e+01 1.700000000000000000e+01 9.000000000000000000e+00
8.500076616811709584e+01 1.800000000000000000e+01 1.000000000000000000e+01
8.600076616811703900e+01 1.800000000000000000e+01 8.000000000000000000e+00
8.700076616811698216e+01 1.700000000000000000e+01 1.000000000000000000e+01
8.800076616811692531e+01 1.700000000000000000e+01 1.000000000000000000e+01
8.900076616811686847e+01 1.800000000000000000e+01 9.000000000000000000e+00
9.000076616811681163e+01 1.800000000000000000e+01 1.000000000000000000e+01
9.100076616811675478e+01 1.900000000000000000e+01 1.100000000000000000e+01
9.200076616811669794e+01 1.900000000000000000e+01 1.200000000000000000e+01
9.300068939023618952e+01 1.800000000000000000e+01 1.300000000000000000e+01
9.400076616811658425e+01 1.800000000000000000e+01 1.100000000000000000e+01
9.500076616811652741e+01 1.800000000000000000e+01 1.100000000000000000e+01
9.600076616811647057e+01 1.900000000000000000e+01 1.200000000000000000e+01
9.700076616811641372e+01 2.000000000000000000e+01 1.300000000000000000e+01
9.800076616811635688e+01 2.000000000000000000e+01 1.300000000000000000e+01
9.900033290745618331e+01 2.000000000000000000e+01 1.300000000000000000e+01
1.000001554073148924e+02 2.100000000000000000e+01 1.200000000000000000e+01
1.010007661681161863e+02 2.000000000000000000e+01 1.200000000000000000e+01
1.020007661681161295e+02 2.200000000000000000e+01 1.000000000000000000e+01
1.030007661681160727e+02 2.200000000000000000e+01 7.000000000000000000e+00
1.040007661681160158e+02 1.800000000000000000e+01 7.000000000000000000e+00
1.050007661681159590e+02 1.700000000000000000e+01 8.000000000000000000e+00
1.060007661681159021e+02 1.700000000000000000e+01 8.000000000000000000e+00
1.070007661681158453e+02 1.700000000000000000e+01 9.000000000000000000e+00
1.080004267737082699e+02 1.800000000000000000e+01 1.000000000000000000e+01
1.090003143364246654e+02 1.900000000000000000e+01 9.000000000000000000e+00
1.100007661681156748e+02 1.900000000000000000e+01 9.000000000000000000e+00
1.110007661681156179e+02 1.800000000000000000e+01 9.000000000000000000e+00
1.120007661681155611e+02 1.900000000000000000e+01 1.000000000000000000e+01
1.130007661681155042e+02 1.800000000000000000e+01 1.000000000000000000e+01
1.140007661681154474e+02 1.800000000000000000e+01 1.000000000000000000e+01
1.150007661681153905e+02 2.100000000000000000e+01 1.000000000000000000e+01
1.160007661681153337e+02 2.100000000000000000e+01 1.000000000000000000e+01
1.170007661681152769e+02 2.000000000000000000e+01 1.000000000000000000e+01
1.180007661681152200e+02 2.100000000000000000e+01 1.400000000000000000e+01
1.190007661681151632e+02 2.200000000000000000e+01 1.400000000000000000e+01
1.200007661681151063e+02 2.200000000000000000e+01 1.400000000000000000e+01
1.210007661681150495e+02 2.200000000000000000e+01 1.500000000000000000e+01
1.220007661681149926e+02 2.300000000000000000e+01 1.700000000000000000e+01
1.230005227949375239e+02 2.200000000000000000e+01 1.600000000000000000e+01
1.240007661681148790e+02 1.900000000000000000e+01 1.400000000000000000e+01
1.250007661681148221e+02 1.700000000000000000e+01 1.600000000000000000e+01
1.260007661681147653e+02 1.600000000000000000e+01 1.500000000000000000e+01
1.270007661681147084e+02 1.700000000000000000e+01 1.300000000000000000e+01
1.280007661681146658e+02 1.500000000000000000e+01 1.200000000000000000e+01
1.290007661681146089e+02 1.600000000000000000e+01 1.100000000000000000e+01
1.300007661681145521e+02 1.500000000000000000e+01 1.200000000000000000e+01
1.310007661681144953e+02 1.500000000000000000e+01 1.300000000000000000e+01
1.320007661681144384e+02 1.600000000000000000e+01 1.600000000000000000e+01
1.330006353183819670e+02 1.200000000000000000e+01 1.500000000000000000e+01
1.340007661681143247e+02 1.000000000000000000e+01 1.500000000000000000e+01
1.350007661681142679e+02 1.000000000000000000e+01 1.700000000000000000e+01
1.360007661681142110e+02 5.000000000000000000e+00 1.800000000000000000e+01
1.370007661681141542e+02 6.000000000000000000e+00 2.000000000000000000e+01
1.380007661681140974e+02 7.000000000000000000e+00 2.000000000000000000e+01
1.390007661681140405e+02 7.000000000000000000e+00 2.000000000000000000e+01
1.400005238943533357e+02 9.000000000000000000e+00 1.900000000000000000e+01
1.410007661681139268e+02 8.000000000000000000e+00 1.800000000000000000e+01
1.420007661681138700e+02 6.000000000000000000e+00 1.400000000000000000e+01
1.430007661681138131e+02 6.000000000000000000e+00 1.300000000000000000e+01
1.440007661681137563e+02 5.000000000000000000e+00 1.200000000000000000e+01
1.450007661681136995e+02 6.000000000000000000e+00 1.400000000000000000e+01
1.460007661681136426e+02 6.000000000000000000e+00 1.500000000000000000e+01
1.470002198259781210e+02 5.000000000000000000e+00 1.500000000000000000e+01
1.480007661681135289e+02 8.000000000000000000e+00 1.500000000000000000e+01
1.490007661681134721e+02 7.000000000000000000e+00 1.500000000000000000e+01
1.500007661681134152e+02 6.000000000000000000e+00 1.400000000000000000e+01
1.510007661681133584e+02 7.000000000000000000e+00 1.100000000000000000e+01
1.520003414789811700e+02 4.000000000000000000e+00 9.000000000000000000e+00
1.530007661681132447e+02 5.000000000000000000e+00 5.000000000000000000e+00
1.540007661681131879e+02 5.000000000000000000e+00 3.000000000000000000e+00
1.550007661681131310e+02 2.000000000000000000e+00 1.000000000000000000e+00
1.560007661681130742e+02 3.000000000000000000e+00 3.000000000000000000e+00
1.570006723761476621e+02 4.000000000000000000e+00 3.000000000000000000e+00
1.580007661681129605e+02 4.000000000000000000e+00 2.000000000000000000e+00
1.590007661681129036e+02 4.000000000000000000e+00 3.000000000000000000e+00
1.600007661681128468e+02 5.000000000000000000e+00 3.000000000000000000e+00
1.610007661681127900e+02 5.000000000000000000e+00 3.000000000000000000e+00
1.620007661681127331e+02 5.000000000000000000e+00 3.000000000000000000e+00
1.630007661681126763e+02 6.000000000000000000e+00 5.000000000000000000e+00
1.640007661681126194e+02 8.000000000000000000e+00 4.000000000000000000e+00
1.650007661681125626e+02 9.000000000000000000e+00 4.000000000000000000e+00
1.660007661681125057e+02 1.000000000000000000e+01 4.000000000000000000e+00
1.670007661681124489e+02 9.000000000000000000e+00 5.000000000000000000e+00
1.680007661681123921e+02 8.000000000000000000e+00 4.000000000000000000e+00
1.690007661681123352e+02 6.000000000000000000e+00 5.000000000000000000e+00
1.700007661681122784e+02 6.000000000000000000e+00 4.000000000000000000e+00
1.710006891867041077e+02 7.000000000000000000e+00 7.000000000000000000e+00
1.720004536209684147e+02 8.000000000000000000e+00 8.000000000000000000e+00
1.730007661681121078e+02 8.000000000000000000e+00 8.000000000000000000e+00
1.740007661681120510e+02 9.000000000000000000e+00 9.000000000000000000e+00
1.750007661681119941e+02 1.000000000000000000e+01 9.000000000000000000e+00
1.760007661681119373e+02 9.000000000000000000e+00 9.000000000000000000e+00
1.770007661681118805e+02 9.000000000000000000e+00 9.000000000000000000e+00
1.780007661681118236e+02 9.000000000000000000e+00 1.000000000000000000e+01
1.790007661681117668e+02 9.000000000000000000e+00 1.100000000000000000e+01
1.800007661681117099e+02 7.000000000000000000e+00 1.100000000000000000e+01
1.810007661681116531e+02 7.000000000000000000e+00 1.200000000000000000e+01
1.820007661681115962e+02 7.000000000000000000e+00 1.300000000000000000e+01
1.830007661681115394e+02 7.000000000000000000e+00 1.300000000000000000e+01
1.840007661681114826e+02 7.000000000000000000e+00 1.700000000000000000e+01
1.850007661681114257e+02 7.000000000000000000e+00 1.600000000000000000e+01
1.860007661681113689e+02 9.000000000000000000e+00 1.500000000000000000e+01
1.870007661681113120e+02 9.000000000000000000e+00 1.500000000000000000e+01
1.880007661681112552e+02 8.000000000000000000e+00 1.500000000000000000e+01
1.890007661681111983e+02 8.000000000000000000e+00 1.700000000000000000e+01
1.900007661681111415e+02 7.000000000000000000e+00 1.800000000000000000e+01
1.910007661681110847e+02 7.000000000000000000e+00 1.800000000000000000e+01
1.920007661681110278e+02 7.000000000000000000e+00 1.800000000000000000e+01
1.930007661681109710e+02 7.000000000000000000e+00 1.500000000000000000e+01
1.940007661681109141e+02 7.000000000000000000e+00 1.500000000000000000e+01
1.950007661681108573e+02 6.000000000000000000e+00 1.300000000000000000e+01
1.960002586124829236e+02 6.000000000000000000e+00 1.300000000000000000e+01
1.970003440478280083e+02 6.000000000000000000e+00 1.400000000000000000e+01
1.980007661681106867e+02 6.000000000000000000e+00 1.400000000000000000e+01
1.990007661681106299e+02 7.000000000000000000e+00 1.500000000000000000e+01
2.000007661681105731e+02 7.000000000000000000e+00 1.700000000000000000e+01
2.010007661681105162e+02 5.000000000000000000e+00 1.500000000000000000e+01
2.020007661681104594e+02 5.000000000000000000e+00 1.500000000000000000e+01
2.030007661681104025e+02 6.000000000000000000e+00 1.600000000000000000e+01
2.040007661681103457e+02 6.000000000000000000e+00 1.600000000000000000e+01
2.050007661681102888e+02 9.000000000000000000e+00 1.600000000000000000e+01
2.060007661681102320e+02 9.000000000000000000e+00 1.300000000000000000e+01
2.070007661681101752e+02 8.000000000000000000e+00 1.200000000000000000e+01
2.080007661681101183e+02 6.000000000000000000e+00 1.300000000000000000e+01
2.090007661681100615e+02 6.000000000000000000e+00 1.300000000000000000e+01
2.100007661681100046e+02 6.000000000000000000e+00 1.300000000000000000e+01
2.110007661681099478e+02 6.000000000000000000e+00 1.300000000000000000e+01
2.120001730954164145e+02 7.000000000000000000e+00 1.400000000000000000e+01
2.130007661681098341e+02 7.000000000000000000e+00 1.400000000000000000e+01
2.140007661681097773e+02 7.000000000000000000e+00 1.500000000000000000e+01
2.150007661681097204e+02 1.100000000000000000e+01 1.900000000000000000e+01
2.160007661681096636e+02 1.200000000000000000e+01 1.800000000000000000e+01
2.170007661681096067e+02 1.200000000000000000e+01 1.800000000000000000e+01
2.180007661681095499e+02 1.200000000000000000e+01 1.900000000000000000e+01
2.190007660108375944e+02 1.400000000000000000e+01 2.000000000000000000e+01
2.200007661681094362e+02 1.200000000000000000e+01 2.100000000000000000e+01
2.210007661681093794e+02 1.000000000000000000e+01 2.100000000000000000e+01
2.220007661681093225e+02 9.000000000000000000e+00 2.200000000000000000e+01
2.230007661681092657e+02 9.000000000000000000e+00 2.300000000000000000e+01
2.240007661681092088e+02 1.000000000000000000e+01 2.500000000000000000e+01
2.250005945776708245e+02 1.000000000000000000e+01 2.500000000000000000e+01
2.260007661681090951e+02 1.100000000000000000e+01 2.500000000000000000e+01
2.270007661681090383e+02 1.100000000000000000e+01 2.300000000000000000e+01
2.280007661681089814e+02 1.100000000000000000e+01 1.500000000000000000e+01
2.290007661681089246e+02 1.100000000000000000e+01 1.100000000000000000e+01
2.300007661681088678e+02 1.100000000000000000e+01 5.000000000000000000e+00
2.310007661681088109e+02 1.000000000000000000e+01 6.000000000000000000e+00
2.320007661681087541e+02 1.000000000000000000e+01 4.000000000000000000e+00
2.330007661681086972e+02 9.000000000000000000e+00 2.000000000000000000e+00
2.340007661681086404e+02 9.000000000000000000e+00 2.000000000000000000e+00
2.350007661681085835e+02 9.000000000000000000e+00 2.000000000000000000e+00
2.360007661681085267e+02 1.100000000000000000e+01 4.000000000000000000e+00
2.370007661681084699e+02 1.100000000000000000e+01 4.000000000000000000e+00
2.380007661681084130e+02 1.100000000000000000e+01 4.000000000000000000e+00
2.390007661681083562e+02 1.200000000000000000e+01 6.000000000000000000e+00
2.400007661681082993e+02 1.200000000000000000e+01 7.000000000000000000e+00
2.410007661681082425e+02 1.300000000000000000e+01 9.000000000000000000e+00
2.420000052200809364e+02 1.200000000000000000e+01 9.000000000000000000e+00
2.430007661681081288e+02 1.200000000000000000e+01 9.000000000000000000e+00
2.440007661681080720e+02 1.100000000000000000e+01 7.000000000000000000e+00
2.450007661681080151e+02 1.200000000000000000e+01 8.000000000000000000e+00
2.460007661681079583e+02 1.100000000000000000e+01 9.000000000000000000e+00
2.470003832758094120e+02 1.200000000000000000e+01 9.000000000000000000e+00
2.480007661681078446e+02 1.300000000000000000e+01 1.000000000000000000e+01
2.490007661681077877e+02 1.300000000000000000e+01 9.000000000000000000e+00
2.500007661681077309e+02 1.200000000000000000e+01 1.000000000000000000e+01
2.510001686748505563e+02 1.100000000000000000e+01 9.000000000000000000e+00
2.520007661681076172e+02 1.200000000000000000e+01 1.200000000000000000e+01
2.530007661681075604e+02 1.200000000000000000e+01 1.400000000000000000e+01
2.540007661681075035e+02 1.300000000000000000e+01 1.400000000000000000e+01
2.550007661681074467e+02 1.300000000000000000e+01 1.500000000000000000e+01
2.560007661681074183e+02 1.300000000000000000e+01 1.500000000000000000e+01
2.570007661681076456e+02 1.200000000000000000e+01 1.500000000000000000e+01
2.580007661681078730e+02 1.300000000000000000e+01 1.200000000000000000e+01
2.590007661681081004e+02 1.300000000000000000e+01 1.000000000000000000e+01
2.600007661681083277e+02 1.200000000000000000e+01 1.000000000000000000e+01
2.610007661681085551e+02 1.300000000000000000e+01 1.100000000000000000e+01
2.620007661681087825e+02 1.300000000000000000e+01 1.000000000000000000e+01
2.630007661681090099e+02 1.600000000000000000e+01 9.000000000000000000e+00
2.640007661681092372e+02 1.400000000000000000e+01 8.000000000000000000e+00
2.650007661681094646e+02 1.200000000000000000e+01 5.000000000000000000e+00
2.660007661681096920e+02 1.200000000000000000e+01 8.000000000000000000e+00
2.670007661681099194e+02 1.100000000000000000e+01 8.000000000000000000e+00
2.680007661681101467e+02 1.000000000000000000e+01 8.000000000000000000e+00
2.690007661681103741e+02 8.000000000000000000e+00 8.000000000000000000e+00
2.700007661681106015e+02 7.000000000000000000e+00 7.000000000000000000e+00
2.710007661681108289e+02 8.000000000000000000e+00 7.000000000000000000e+00
2.720007661681110562e+02 1.000000000000000000e+01 9.000000000000000000e+00
2.730007661681112836e+02 1.000000000000000000e+01 1.000000000000000000e+01
2.740007661681115110e+02 9.000000000000000000e+00 9.000000000000000000e+00
2.750007661681117384e+02 8.000000000000000000e+00 1.000000000000000000e+01
2.760007661681119657e+02 8.000000000000000000e+00 1.000000000000000000e+01
2.770007661681121931e+02 7.000000000000000000e+00 1.000000000000000000e+01
2.780007661681124205e+02 4.000000000000000000e+00 1.000000000000000000e+01
2.790007661681126478e+02 3.000000000000000000e+00 1.100000000000000000e+01
2.800007661681128752e+02 4.000000000000000000e+00 1.200000000000000000e+01
2.810007661681131026e+02 5.000000000000000000e+00 1.300000000000000000e+01
2.820007661681133300e+02 5.000000000000000000e+00 1.400000000000000000e+01
2.830007661681135573e+02 4.000000000000000000e+00 1.400000000000000000e+01
2.840007661681137847e+02 4.000000000000000000e+00 1.300000000000000000e+01
2.850007661681140121e+02 6.000000000000000000e+00 1.200000000000000000e+01
2.860001011121106558e+02 5.000000000000000000e+00 1.300000000000000000e+01
2.870007661681144668e+02 6.000000000000000000e+00 1.200000000000000000e+01
2.880007661681146942e+02 7.000000000000000000e+00 1.000000000000000000e+01
2.890007661681149216e+02 7.000000000000000000e+00 1.000000000000000000e+01
2.900007661681151490e+02 7.000000000000000000e+00 9.000000000000000000e+00
2.910007661681153763e+02 8.000000000000000000e+00 9.000000000000000000e+00
2.920007661681156037e+02 6.000000000000000000e+00 1.000000000000000000e+01
2.930007661681158311e+02 6.000000000000000000e+00 1.000000000000000000e+01
2.940007661681160585e+02 7.000000000000000000e+00 1.000000000000000000e+01
2.950000476268891134e+02 8.000000000000000000e+00 1.200000000000000000e+01
2.960007661681165132e+02 1.200000000000000000e+01 1.300000000000000000e+01
2.970001501082292634e+02 9.000000000000000000e+00 1.400000000000000000e+01
2.980003473486252688e+02 8.000000000000000000e+00 1.500000000000000000e+01
2.990007661681171953e+02 6.000000000000000000e+00 1.600000000000000000e+01
3.000007661681174227e+02 3.000000000000000000e+00 1.600000000000000000e+01
