0.000000000000000000e+00 0.000000000000000000e+00 0.000000000000000000e+00
1.000130486821648512e+00 1.000000000000000000e+00 1.000000000000000000e+00
2.000130486821649178e+00 1.000000000000000000e+00 1.000000000000000000e+00
3.000130486821650067e+00 1.000000000000000000e+00 1.000000000000000000e+00
4.000130486821650955e+00 3.000000000000000000e+00 3.000000000000000000e+00
5.000130486821647402e+00 5.000000000000000000e+00 5.000000000000000000e+00
6.000130486821643849e+00 5.000000000000000000e+00 5.000000000000000000e+00
7.000130486821640297e+00 5.000000000000000000e+00 5.000000000000000000e+00
8.000130486821637632e+00 8.000000000000000000e+00 8.000000000000000000e+00
9.000130486821634079e+00 9.000000000000000000e+00 9.000000000000000000e+00
1.000013048682163053e+01 1.000000000000000000e+01 1.000000000000000000e+01
1.100013048682162697e+01 1.000000000000000000e+01 1.000000000000000000e+01
1.200013048682162342e+01 1.000000000000000000e+01 1.000000000000000000e+01
1.300013048682161987e+01 1.100000000000000000e+01 1.100000000000000000e+01
1.400013048682161632e+01 1.100000000000000000e+01 1.100000000000000000e+01
1.500013048682161276e+01 1.000000000000000000e+01 1.000000000000000000e+01
1.600013048682161099e+01 1.100000000000000000e+01 1.100000000000000000e+01
1.700013048682162520e+01 9.000000000000000000e+00 9.000000000000000000e+00
1.800013048682163941e+01 7.000000000000000000e+00 7.000000000000000000e+00
1.900013048682165362e+01 8.000000000000000000e+00 8.000000000000000000e+00
2.000013048682166783e+01 6.000000000000000000e+00 6.000000000000000000e+00
2.100013048682168204e+01 8.000000000000000000e+00 7.000000000000000000e+00
2.200013048682169625e+01 5.000000000000000000e+00 7.000000000000000000e+00
2.300013048682171046e+01 6.000000000000000000e+00 7.000000000000000000e+00
2.400013048682172467e+01 7.000000000000000000e+00 7.000000000000000000e+00
2.500013048682173888e+01 6.000000000000000000e+00 5.000000000000000000e+00
2.600013048682175310e+01 6.000000000000000000e+00 6.000000000000000000e+00
2.700013048682176731e+01 6.000000000000000000e+00 5.000000000000000000e+00
2.800013048682178152e+01 6.000000000000000000e+00 5.000000000000000000e+00
2.900013048682179573e+01 7.000000000000000000e+00 6.000000000000000000e+00
3.000013048682180994e+01 7.000000000000000000e+00 6.000000000000000000e+00
3.100013048682182415e+01 5.000000000000000000e+00 5.000000000000000000e+00
3.200013048682183836e+01 5.000000000000000000e+00 5.000000000000000000e+00
3.300013048682185257e+01 6.000000000000000000e+00 5.000000000000000000e+00
3.400013048682186678e+01 6.000000000000000000e+00 6.000000000000000000e+00
3.500013048682188099e+01 6.000000000000000000e+00 5.000000000000000000e+00
3.600013048682189520e+01 3.000000000000000000e+00 5.000000000000000000e+00
3.700013048682190941e+01 3.000000000000000000e+00 5.000000000000000000e+00
3.800013048682192363e+01 3.000000000000000000e+00 5.000000000000000000e+00
3.900013048682193784e+01 5.000000000000000000e+00 6.000000000000000000e+00
4.000013048682195205e+01 5.000000000000000000e+00 6.000000000000000000e+00
4.100013048682196626e+01 4.000000000000000000e+00 5.000000000000000000e+00
4.200013048682198047e+01 4.000000000000000000e+00 6.000000000000000000e+00
4.300013048682199468e+01 5.000000000000000000e+00 6.000000000000000000e+00
4.400013048682200889e+01 5.000000000000000000e+00 6.000000000000000000e+00
4.500013048682202310e+01 7.000000000000000000e+00 8.000000000000000000e+00
4.600013048682203731e+01 8.000000000000000000e+00 9.000000000000000000e+00
4.700013048682205152e+01 8.000000000000000000e+00 9.000000000000000000e+00
4.800013048682206573e+01 9.000000000000000000e+00 9.000000000000000000e+00
4.900013048682207994e+01 9.000000000000000000e+00 8.000000000000000000e+00
5.000013048682209416e+01 1.300000000000000000e+01 9.000000000000000000e+00
5.100013048682210837e+01 1.300000000000000000e+01 8.000000000000000000e+00
5.200013048682212258e+01 1.300000000000000000e+01 8.000000000000000000e+00
5.300013048682213679e+01 1.300000000000000000e+01 9.000000000000000000e+00
5.400013048682215100e+01 1.300000000000000000e+01 1.000000000000000000e+01
5.500013048682216521e+01 1.300000000000000000e+01 1.000000000000000000e+01
5.600013048682217942e+01 1.300000000000000000e+01 9.000000000000000000e+00
5.700003025914944033e+01 1.100000000000000000e+01 1.000000000000000000e+01
5.800013048682220784e+01 8.000000000000000000e+00 7.000000000000000000e+00
5.900013048682222205e+01 8.000000000000000000e+00 7.000000000000000000e+00
6.000013048682223626e+01 9.000000000000000000e+00 1.000000000000000000e+01
6.100013048682225048e+01 8.000000000000000000e+00 1.000000000000000000e+01
6.200013048682226469e+01 7.000000000000000000e+00 1.100000000000000000e+01
6.300013048682227890e+01 5.000000000000000000e+00 8.000000000000000000e+00
6.400013048682228600e+01 5.000000000000000000e+00 8.000000000000000000e+00
6.500013048682222916e+01 6.000000000000000000e+00 1.000000000000000000e+01
6.600013048682217232e+01 5.000000000000000000e+00 1.000000000000000000e+01
6.700013048682211547e+01 6.000000000000000000e+00 9.000000000000000000e+00
6.800013048682205863e+01 7.000000000000000000e+00 8.000000000000000000e+00
6.900013048682200179e+01 7.000000000000000000e+00 7.000000000000000000e+00
7.000013048682194494e+01 8.000000000000000000e+00 8.000000000000000000e+00
7.100013048682188810e+01 1.000000000000000000e+01 9.000000000000000000e+00
7.200013048682183125e+01 9.000000000000000000e+00 8.000000000000000000e+00
7.300013048682177441e+01 9.000000000000000000e+00 8.000000000000000000e+00
7.400013048682171757e+01 1.000000000000000000e+01 8.000000000000000000e+00
7.500013048682166072e+01 1.000000000000000000e+01 9.000000000000000000e+00
7.600013048682160388e+01 1.100000000000000000e+01 8.000000000000000000e+00
7.700013048682154704e+01 1.200000000000000000e+01 1.000000000000000000e+01
7.800013048682149019e+01 1.400000000000000000e+01 1.200000000000000000e+01
7.900013048682143335e+01 1.300000000000000000e+01 1.300000000000000000e+01
8.000013048682137651e+01 1.400000000000000000e+01 1.400000000000000000e+01
8.100013048682131966e+01 1.100000000000000000e+01 1.400000000000000000e+01
8.200013048682126282e+01 1.100000000000000000e+01 1.500000000000000000e+01
8.300013048682120598e+01 9.000000000000000000e+00 1.600000000000000000e+01
8.400013048682114913e+01 1.000000000000000000e+01 1.700000000000000000e+01
8.500013048682109229e+01 8.000000000000000000e+00 1.700000000000000000e+01
8.600013048682103545e+01 7.000000000000000000e+00 1.700000000000000000e+01
8.700013048682097860e+01 9.000000000000000000e+00 2.100000000000000000e+01
8.800013048682092176e+01 9.000000000000000000e+00 1.800000000000000000e+01
8.900013048682086492e+01 1.000000000000000000e+01 1.900000000000000000e+01
9.000013048682080807e+01 7.000000000000000000e+00 1.900000000000000000e+01
9.100013048682075123e+01 8.000000000000000000e+00 1.900000000000000000e+01
9.200013048682069439e+01 8.000000000000000000e+00 1.900000000000000000e+01
9.300013048682063754e+01 8.000000000000000000e+00 1.900000000000000000e+01
9.400013048682058070e+01 9.000000000000000000e+00 2.000000000000000000e+01
9.500013048682052386e+01 1.100000000000000000e+01 2.000000000000000000e+01
9.600013048682046701e+01 9.000000000000000000e+00 2.000000000000000000e+01
9.700013048682041017e+01 7.000000000000000000e+00 2.100000000000000000e+01
9.800013048682035333e+01 7.000000000000000000e+00 2.200000000000000000e+01
9.900013048682029648e+01 5.000000000000000000e+00 2.400000000000000000e+01
1.000001304868202396e+02 1.000000000000000000e+00 2.500000000000000000e+01
1.010001148257837116e+02 3.000000000000000000e+00 2.700000000000000000e+01
1.020001304868201260e+02 4.000000000000000000e+00 2.800000000000000000e+01
1.030001304868200691e+02 5.000000000000000000e+00 2.900000000000000000e+01
1.040001304868200123e+02 5.000000000000000000e+00 2.900000000000000000e+01
1.050001304868199554e+02 4.000000000000000000e+00 2.900000000000000000e+01
1.060001304868198986e+02 5.000000000000000000e+00 2.900000000000000000e+01
1.070001304868198417e+02 5.000000000000000000e+00 2.900000000000000000e+01
1.080001304868197849e+02 5.000000000000000000e+00 2.700000000000000000e+01
1.090001304868197280e+02 7.000000000000000000e+00 2.300000000000000000e+01
1.100001304868196712e+02 7.000000000000000000e+00 2.100000000000000000e+01
1.110001304868196144e+02 8.000000000000000000e+00 2.000000000000000000e+01
1.120001304868195575e+02 9.000000000000000000e+00 1.700000000000000000e+01
1.130001304868195007e+02 1.100000000000000000e+01 1.700000000000000000e+01
1.140001304868194438e+02 1.200000000000000000e+01 1.800000000000000000e+01
1.150001304868193870e+02 1.200000000000000000e+01 1.700000000000000000e+01
1.160001304868193301e+02 1.200000000000000000e+01 1.900000000000000000e+01
1.170001304868192733e+02 1.200000000000000000e+01 1.900000000000000000e+01
1.180001304868192165e+02 1.000000000000000000e+01 2.100000000000000000e+01
1.190001304868191596e+02 1.000000000000000000e+01 2.100000000000000000e+01
1.200001304868191028e+02 1.300000000000000000e+01 2.200000000000000000e+01
1.210001304868190459e+02 1.300000000000000000e+01 2.200000000000000000e+01
1.220001304868189891e+02 1.300000000000000000e+01 2.200000000000000000e+01
1.230001304868189322e+02 1.300000000000000000e+01 1.900000000000000000e+01
1.240001304868188754e+02 1.100000000000000000e+01 1.700000000000000000e+01
1.250001304868188186e+02 1.100000000000000000e+01 1.600000000000000000e+01
1.260001275417597242e+02 1.100000000000000000e+01 1.400000000000000000e+01
1.270001304868187049e+02 1.200000000000000000e+01 1.400000000000000000e+01
1.280001304868186480e+02 1.200000000000000000e+01 1.400000000000000000e+01
1.290001304868185912e+02 1.200000000000000000e+01 1.400000000000000000e+01
1.300001304868185343e+02 1.100000000000000000e+01 1.400000000000000000e+01
1.310001304868184775e+02 1.100000000000000000e+01 1.400000000000000000e+01
1.320001304868184206e+02 1.100000000000000000e+01 1.600000000000000000e+01
1.330001304868183638e+02 1.200000000000000000e+01 1.600000000000000000e+01
1.340001304868183070e+02 1.200000000000000000e+01 1.800000000000000000e+01
1.350001304868182501e+02 1.200000000000000000e+01 1.800000000000000000e+01
1.360001304868181933e+02 1.200000000000000000e+01 1.800000000000000000e+01
1.370001304868181364e+02 1.300000000000000000e+01 1.800000000000000000e+01
1.380001304868180796e+02 1.200000000000000000e+01 1.900000000000000000e+01
1.390001304868180227e+02 1.100000000000000000e+01 1.900000000000000000e+01
1.400001304868179659e+02 1.000000000000000000e+01 2.100000000000000000e+01
1.410001304868179091e+02 1.000000000000000000e+01 2.000000000000000000e+01
1.420001304868178522e+02 9.000000000000000000e+00 2.000000000000000000e+01
1.430001304868177954e+02 1.000000000000000000e+01 2.100000000000000000e+01
1.440001304868177385e+02 1.100000000000000000e+01 2.000000000000000000e+01
1.450001304868176817e+02 9.000000000000000000e+00 2.000000000000000000e+01
1.460001304868176248e+02 1.300000000000000000e+01 2.100000000000000000e+01
1.470001304868175680e+02 1.300000000000000000e+01 2.100000000000000000e+01
1.480001304868175112e+02 1.200000000000000000e+01 2.000000000000000000e+01
1.490001304868174543e+02 1.300000000000000000e+01 2.100000000000000000e+01
1.500001304868173975e+02 1.500000000000000000e+01 2.200000000000000000e+01
1.510001304868173406e+02 1.800000000000000000e+01 2.400000000000000000e+01
1.520001304868172838e+02 1.900000000000000000e+01 2.400000000000000000e+01
1.530001304868172269e+02 1.800000000000000000e+01 2.200000000000000000e+01
1.540001304868171701e+02 1.800000000000000000e+01 2.000000000000000000e+01
1.550001304868171133e+02 1.800000000000000000e+01 2.000000000000000000e+01
1.560001304868170564e+02 1.400000000000000000e+01 2.000000000000000000e+01
1.570001304868169996e+02 9.000000000000000000e+00 1.900000000000000000e+01
1.580001304868169427e+02 9.000000000000000000e+00 1.900000000000000000e+01
1.590001304868168859e+02 7.000000000000000000e+00 1.900000000000000000e+01
1.600001304868168290e+02 5.000000000000000000e+00 1.800000000000000000e+01
1.610001304868167722e+02 5.000000000000000000e+00 1.700000000000000000e+01
1.620001304868167153e+02 4.000000000000000000e+00 1.500000000000000000e+01
1.630001304868166585e+02 3.000000000000000000e+00 1.300000000000000000e+01
1.640001304868166017e+02 2.000000000000000000e+00 1.300000000000000000e+01
1.650001304868165448e+02 4.000000000000000000e+00 1.400000000000000000e+01
1.660001304868164880e+02 4.000000000000000000e+00 1.400000000000000000e+01
1.670001304868164311e+02 5.000000000000000000e+00 1.400000000000000000e+01
1.680001304868163743e+02 5.000000000000000000e+00 1.400000000000000000e+01
1.690001304868163174e+02 6.000000000000000000e+00 1.500000000000000000e+01
1.700001304868162606e+02 6.000000000000000000e+00 1.500000000000000000e+01
1.710001304868162038e+02 6.000000000000000000e+00 1.500000000000000000e+01
1.720001304868161469e+02 6.000000000000000000e+00 1.500000000000000000e+01
1.730001304868160901e+02 5.000000000000000000e+00 1.600000000000000000e+01
1.740001304868160332e+02 5.000000000000000000e+00 1.500000000000000000e+01
1.750001304868159764e+02 6.000000000000000000e+00 1.200000000000000000e+01
1.760001304868159195e+02 7.000000000000000000e+00 1.300000000000000000e+01
1.770001304868158627e+02 8.000000000000000000e+00 1.300000000000000000e+01
1.780001304868158059e+02 7.000000000000000000e+00 1.700000000000000000e+01
1.790001304868157490e+02 7.000000000000000000e+00 2.000000000000000000e+01
1.800001304868156922e+02 8.000000000000000000e+00 2.000000000000000000e+01
1.810001304868156353e+02 5.000000000000000000e+00 1.800000000000000000e+01
1.820001304868155785e+02 6.000000000000000000e+00 1.700000000000000000e+01
1.830001304868155216e+02 2.000000000000000000e+00 1.800000000000000000e+01
1.840001304868154648e+02 2.000000000000000000e+00 1.800000000000000000e+01
1.850001304868154079e+02 2.000000000000000000e+00 1.900000000000000000e+01
1.860001304868153511e+02 3.000000000000000000e+00 1.900000000000000000e+01
1.870001304868152943e+02 4.000000000000000000e+00 2.000000000000000000e+01
1.880001304868152374e+02 4.000000000000000000e+00 1.900000000000000000e+01
1.890001304868151806e+02 5.000000000000000000e+00 1.700000000000000000e+01
1.900001304868151237e+02 4.000000000000000000e+00 1.700000000000000000e+01
1.910001304868150669e+02 6.000000000000000000e+00 1.700000000000000000e+01
1.920001304868150100e+02 5.000000000000000000e+00 2.000000000000000000e+01
1.930001304868149532e+02 7.000000000000000000e+00 2.000000000000000000e+01
1.940001304868148964e+02 5.000000000000000000e+00 2.000000000000000000e+01
1.950001304868148395e+02 4.000000000000000000e+00 2.100000000000000000e+01
1.960001304868147827e+02 5.000000000000000000e+00 2.300000000000000000e+01
1.970001304868147258e+02 6.000000000000000000e+00 2.400000000000000000e+01
1.980001304868146690e+02 6.000000000000000000e+00 2.400000000000000000e+01
1.990001304868146121e+02 8.000000000000000000e+00 2.500000000000000000e+01
2.000001304868145553e+02 8.000000000000000000e+00 2.500000000000000000e+01
2.010001304868144985e+02 8.000000000000000000e+00 2.300000000000000000e+01
2.020001304868144416e+02 1.100000000000000000e+01 2.000000000000000000e+01
2.030001304868143848e+02 1.300000000000000000e+01 1.900000000000000000e+01
2.040001304868143279e+02 1.300000000000000000e+01 1.500000000000000000e+01
2.050001304868142711e+02 1.400000000000000000e+01 1.600000000000000000e+01
2.060001304868142142e+02 1.400000000000000000e+01 1.500000000000000000e+01
2.070001304868141574e+02 1.400000000000000000e+01 1.400000000000000000e+01
2.080001304868141005e+02 1.300000000000000000e+01 1.400000000000000000e+01
2.090001304868140437e+02 1.100000000000000000e+01 1.300000000000000000e+01
2.100001304868139869e+02 1.200000000000000000e+01 1.300000000000000000e+01
2.110001304868139300e+02 1.100000000000000000e+01 1.400000000000000000e+01
2.120001304868138732e+02 1.200000000000000000e+01 1.400000000000000000e+01
2.130001304868138163e+02 1.200000000000000000e+01 1.400000000000000000e+01
2.140001304868137595e+02 1.200000000000000000e+01 1.200000000000000000e+01
2.150001304868137026e+02 1.000000000000000000e+01 1.300000000000000000e+01
2.160001304868136458e+02 1.000000000000000000e+01 1.300000000000000000e+01
2.170001304868135890e+02 1.100000000000000000e+01 1.300000000000000000e+01
2.180000090282784697e+02 1.100000000000000000e+01 1.600000000000000000e+01
2.190001304868134753e+02 1.100000000000000000e+01 1.600000000000000000e+01
2.200001304868134184e+02 1.000000000000000000e+01 1.600000000000000000e+01
2.210001304868133616e+02 9.000000000000000000e+00 1.300000000000000000e+01
2.220001304868133047e+02 1.000000000000000000e+01 1.000000000000000000e+01
2.230001304868132479e+02 1.100000000000000000e+01 9.000000000000000000e+00
2.240001304868131911e+02 1.200000000000000000e+01 9.000000000000000000e+00
2.250001304868131342e+02 1.100000000000000000e+01 9.000000000000000000e+00
2.260001304868130774e+02 1.200000000000000000e+01 9.000000000000000000e+00
2.270001304868130205e+02 1.300000000000000000e+01 1.000000000000000000e+01
2.280001304868129637e+02 1.400000000000000000e+01 1.200000000000000000e+01
2.290001304868129068e+02 1.400000000000000000e+01 1.200000000000000000e+01
2.300001304868128500e+02 1.700000000000000000e+01 1.100000000000000000e+01
2.310001304868127932e+02 1.700000000000000000e+01 1.100000000000000000e+01
2.320001304868127363e+02 1.700000000000000000e+01 1.100000000000000000e+01
2.330001304868126795e+02 1.700000000000000000e+01 1.100000000000000000e+01
2.340001304868126226e+02 1.600000000000000000e+01 1.200000000000000000e+01
2.350001304868125658e+02 1.700000000000000000e+01 1.100000000000000000e+01
2.360001304868125089e+02 1.700000000000000000e+01 7.000000000000000000e+00
2.370001304868124521e+02 1.900000000000000000e+01 4.000000000000000000e+00
2.380001304868123952e+02 1.900000000000000000e+01 6.000000000000000000e+00
2.390001304868123384e+02 1.900000000000000000e+01 5.000000000000000000e+00
2.400001304868122816e+02 1.900000000000000000e+01 5.000000000000000000e+00
2.410001304868122247e+02 2.000000000000000000e+01 3.000000000000000000e+00
2.420001304868121679e+02 2.000000000000000000e+01 4.000000000000000000e+00
2.430001304868121110e+02 1.900000000000000000e+01 4.000000000000000000e+00
2.440001304868120542e+02 2.000000000000000000e+01 5.000000000000000000e+00
2.450001304868119973e+02 2.200000000000000000e+01 5.000000000000000000e+00
2.460001304868119405e+02 2.200000000000000000e+01 5.000000000000000000e+00
2.470001304868118837e+02 2.200000000000000000e+01 5.000000000000000000e+00
2.480001304868118268e+02 2.200000000000000000e+01 5.000000000000000000e+00
2.490001304868117700e+02 1.800000000000000000e+01 5.000000000000000000e+00
2.500001304868117131e+02 1.700000000000000000e+01 7.000000000000000000e+00
2.510001304868116563e+02 1.700000000000000000e+01 6.000000000000000000e+00
2.520001304868115994e+02 1.700000000000000000e+01 8.000000000000000000e+00
2.530001304868115426e+02 1.700000000000000000e+01 9.000000000000000000e+00
2.540001304868114858e+02 1.700000000000000000e+01 1.000000000000000000e+01
2.550001304868114289e+02 1.700000000000000000e+01 1.000000000000000000e+01
2.560001304868113721e+02 1.700000000000000000e+01 1.000000000000000000e+01
2.570001304868115994e+02 1.500000000000000000e+01 1.000000000000000000e+01
2.580001304868118268e+02 1.400000000000000000e+01 1.100000000000000000e+01
2.590001304868120542e+02 1.300000000000000000e+01 1.200000000000000000e+01
2.600001304868122816e+02 5.000000000000000000e+00 1.100000000000000000e+01
2.610001304868125089e+02 4.000000000000000000e+00 1.000000000000000000e+01
2.620001304868127363e+02 2.000000000000000000e+00 1.100000000000000000e+01
2.630001304868129637e+02 3.000000000000000000e+00 1.000000000000000000e+01
2.640001304868131911e+02 3.000000000000000000e+00 1.000000000000000000e+01
2.650001304868134184e+02 3.000000000000000000e+00 9.000000000000000000e+00
2.660001304868136458e+02 5.000000000000000000e+00 1.400000000000000000e+01
2.670000375605724230e+02 8.000000000000000000e+00 1.500000000000000000e+01
2.680001304868141005e+02 8.000000000000000000e+00 1.400000000000000000e+01
2.690001304868143279e+02 9.000000000000000000e+00 1.400000000000000000e+01
2.700001304868145553e+02 9.000000000000000000e+00 1.400000000000000000e+01
2.710001304868147827e+02 8.000000000000000000e+00 1.400000000000000000e+01
2.720001304868150100e+02 9.000000000000000000e+00 1.400000000000000000e+01
2.730001304868152374e+02 9.000000000000000000e+00 1.400000000000000000e+01
2.740001304868154648e+02 1.300000000000000000e+01 1.400000000000000000e+01
2.750001304868156922e+02 1.200000000000000000e+01 1.400000000000000000e+01
2.760001304868159195e+02 1.200000000000000000e+01 1.500000000000000000e+01
2.770001304868161469e+02 1.200000000000000000e+01 1.800000000000000000e+01
2.780001304868163743e+02 1.100000000000000000e+01 1.800000000000000000e+01
2.790001304868166017e+02 1.100000000000000000e+01 1.600000000000000000e+01
2.800001304868168290e+02 1.100000000000000000e+01 1.400000000000000000e+01
2.810001304868170564e+02 9.000000000000000000e+00 1.300000000000000000e+01
2.820000858910644297e+02 8.000000000000000000e+00 1.200000000000000000e+01
2.830001304868175112e+02 8.000000000000000000e+00 1.100000000000000000e+01
2.840001304868177385e+02 8.000000000000000000e+00 9.000000000000000000e+00
2.850001304868179659e+02 7.000000000000000000e+00 8.000000000000000000e+00
2.860001304868181933e+02 7.000000000000000000e+00 7.000000000000000000e+00
2.870001304868184206e+02 7.000000000000000000e+00 6.000000000000000000e+00
2.880001304868186480e+02 5.000000000000000000e+00 6.000000000000000000e+00
2.890001304868188754e+02 6.000000000000000000e+00 7.000000000000000000e+00
2.900001304868191028e+02 6.000000000000000000e+00 8.000000000000000000e+00
2.910001304868193301e+02 7.000000000000000000e+00 8.000000000000000000e+00
2.920001304868195575e+02 7.000000000000000000e+00 8.000000000000000000e+00
2.930001304868197849e+02 7.000000000000000000e+00 9.000000000000000000e+00
2.940001304868200123e+02 9.000000000000000000e+00 1.000000000000000000e+01
2.950001304868202396e+02 1.000000000000000000e+01 1.000000000000000000e+01
2.960001304868204670e+02 9.000000000000000000e+00 1.000000000000000000e+01
2.970001304868206944e+02 1.100000000000000000e+01 1.000000000000000000e+01
2.980001304868209218e+02 9.000000000000000000e+00 1.000000000000000000e+01
2.990001304868211491e+02 1.000000000000000000e+01 1.100000000000000000e+01
3.000001304868213765e+02 6.000000000000000000e+00 1.100000000000000000e+01
