0.000000000000000000e+00 0.000000000000000000e+00 0.000000000000000000e+00
1.000202465455234169e+00 0.000000000000000000e+00 0.000000000000000000e+00
2.000202465455235057e+00 2.000000000000000000e+00 2.000000000000000000e+00
3.000202465455235945e+00 4.000000000000000000e+00 4.000000000000000000e+00
4.000202465455236833e+00 3.000000000000000000e+00 3.000000000000000000e+00
5.000202465455233281e+00 4.000000000000000000e+00 4.000000000000000000e+00
6.000202465455229728e+00 4.000000000000000000e+00 4.000000000000000000e+00
7.000202465455226175e+00 5.000000000000000000e+00 5.000000000000000000e+00
8.000202465455222622e+00 5.000000000000000000e+00 5.000000000000000000e+00
9.000148156362035579e+00 6.000000000000000000e+00 6.000000000000000000e+00
1.000020246545521552e+01 5.000000000000000000e+00 5.000000000000000000e+00
1.100020246545521196e+01 8.000000000000000000e+00 8.000000000000000000e+00
1.200020246545520841e+01 8.000000000000000000e+00 8.000000000000000000e+00
1.300020246545520486e+01 8.000000000000000000e+00 8.000000000000000000e+00
1.400020246545520131e+01 8.000000000000000000e+00 8.000000000000000000e+00
1.500020246545519775e+01 8.000000000000000000e+00 8.000000000000000000e+00
1.600020246545519598e+01 8.000000000000000000e+00 8.000000000000000000e+00
1.700020246545521019e+01 9.000000000000000000e+00 9.000000000000000000e+00
1.800020246545522440e+01 9.000000000000000000e+00 9.000000000000000000e+00
1.900020246545523861e+01 1.000000000000000000e+01 1.000000000000000000e+01
2.000020246545525282e+01 1.000000000000000000e+01 1.000000000000000000e+01
2.100020246545526703e+01 9.000000000000000000e+00 9.000000000000000000e+00
2.200020246545528124e+01 8.000000000000000000e+00 1.000000000000000000e+01
2.300020246545529545e+01 8.000000000000000000e+00 9.000000000000000000e+00
2.400020246545530966e+01 7.000000000000000000e+00 9.000000000000000000e+00
2.500020246545532387e+01 6.000000000000000000e+00 8.000000000000000000e+00
2.600020246545533809e+01 3.000000000000000000e+00 7.000000000000000000e+00
2.700020246545535230e+01 3.000000000000000000e+00 7.000000000000000000e+00
2.800020246545536651e+01 3.000000000000000000e+00 7.000000000000000000e+00
2.900020246545538072e+01 5.000000000000000000e+00 8.000000000000000000e+00
3.000020246545539493e+01 4.000000000000000000e+00 7.000000000000000000e+00
3.100020246545540914e+01 5.000000000000000000e+00 7.000000000000000000e+00
3.200020246545542335e+01 7.000000000000000000e+00 9.000000000000000000e+00
3.300020246545543756e+01 8.000000000000000000e+00 9.000000000000000000e+00
3.400020246545545177e+01 1.000000000000000000e+01 1.000000000000000000e+01
3.500020246545546598e+01 9.000000000000000000e+00 1.000000000000000000e+01
3.600020246545548019e+01 1.100000000000000000e+01 1.200000000000000000e+01
3.700020246545549440e+01 1.100000000000000000e+01 1.100000000000000000e+01
3.800020246545550862e+01 1.100000000000000000e+01 1.200000000000000000e+01
3.900020246545552283e+01 1.100000000000000000e+01 1.100000000000000000e+01
4.000020246545553704e+01 8.000000000000000000e+00 1.000000000000000000e+01
4.100014626696399489e+01 9.000000000000000000e+00 9.000000000000000000e+00
4.200020246545556546e+01 9.000000000000000000e+00 1.000000000000000000e+01
4.300020246545557967e+01 9.000000000000000000e+00 1.000000000000000000e+01
4.400020246545559388e+01 9.000000000000000000e+00 1.100000000000000000e+01
4.500009551630743232e+01 8.000000000000000000e+00 1.100000000000000000e+01
4.600020246545562230e+01 9.000000000000000000e+00 1.200000000000000000e+01
4.700020246545563651e+01 9.000000000000000000e+00 1.200000000000000000e+01
4.800020246545565072e+01 1.000000000000000000e+01 1.200000000000000000e+01
4.900020246545566494e+01 1.000000000000000000e+01 1.200000000000000000e+01
5.000020246545567915e+01 9.000000000000000000e+00 1.500000000000000000e+01
5.100020246545569336e+01 7.000000000000000000e+00 1.500000000000000000e+01
5.200020246545570757e+01 6.000000000000000000e+00 1.400000000000000000e+01
5.300020246545572178e+01 7.000000000000000000e+00 1.500000000000000000e+01
5.400004298978637252e+01 7.000000000000000000e+00 1.500000000000000000e+01
5.500020246545575020e+01 8.000000000000000000e+00 1.500000000000000000e+01
5.600020246545576441e+01 8.000000000000000000e+00 1.700000000000000000e+01
5.700020246545577862e+01 8.000000000000000000e+00 1.900000000000000000e+01
5.800020246545579283e+01 6.000000000000000000e+00 2.000000000000000000e+01
5.900020246545580704e+01 8.000000000000000000e+00 1.900000000000000000e+01
6.000004380861735598e+01 5.000000000000000000e+00 2.000000000000000000e+01
6.100020246545583547e+01 5.000000000000000000e+00 2.100000000000000000e+01
6.200020246545584968e+01 4.000000000000000000e+00 1.900000000000000000e+01
6.300020246545586389e+01 4.000000000000000000e+00 1.900000000000000000e+01
6.400020246545587099e+01 5.000000000000000000e+00 1.800000000000000000e+01
6.500020246545581415e+01 7.000000000000000000e+00 2.000000000000000000e+01
6.600020246545575731e+01 6.000000000000000000e+00 1.900000000000000000e+01
6.700020246545570046e+01 6.000000000000000000e+00 1.900000000000000000e+01
6.800020246545564362e+01 6.000000000000000000e+00 1.900000000000000000e+01
6.900020246545558678e+01 5.000000000000000000e+00 1.900000000000000000e+01
7.000020246545552993e+01 6.000000000000000000e+00 2.100000000000000000e+01
7.100020246545547309e+01 6.000000000000000000e+00 2.100000000000000000e+01
7.200020246545541625e+01 6.000000000000000000e+00 2.100000000000000000e+01
7.300020246545535940e+01 6.000000000000000000e+00 2.000000000000000000e+01
7.400020246545530256e+01 6.000000000000000000e+00 2.000000000000000000e+01
7.500020246545524572e+01 8.000000000000000000e+00 2.000000000000000000e+01
7.600020246545518887e+01 7.000000000000000000e+00 1.800000000000000000e+01
7.700020246545513203e+01 6.000000000000000000e+00 1.600000000000000000e+01
7.800020246545507518e+01 6.000000000000000000e+00 1.600000000000000000e+01
7.900020246545501834e+01 8.000000000000000000e+00 2.000000000000000000e+01
8.000020246545496150e+01 9.000000000000000000e+00 2.100000000000000000e+01
8.100020246545490465e+01 9.000000000000000000e+00 1.900000000000000000e+01
8.200020246545484781e+01 9.000000000000000000e+00 1.900000000000000000e+01
8.300020246545479097e+01 1.100000000000000000e+01 2.000000000000000000e+01
8.400020246545473412e+01 1.100000000000000000e+01 2.000000000000000000e+01
8.500020246545467728e+01 1.200000000000000000e+01 2.000000000000000000e+01
8.600020246545462044e+01 1.200000000000000000e+01 1.800000000000000000e+01
8.700020246545456359e+01 1.100000000000000000e+01 1.600000000000000000e+01
8.800020246545450675e+01 1.200000000000000000e+01 1.000000000000000000e+01
8.900020246545444991e+01 1.300000000000000000e+01 9.000000000000000000e+00
9.000020246545439306e+01 1.300000000000000000e+01 7.000000000000000000e+00
9.100020246545433622e+01 1.300000000000000000e+01 8.000000000000000000e+00
9.200020246545427938e+01 1.200000000000000000e+01 8.000000000000000000e+00
9.300020246545422253e+01 1.300000000000000000e+01 9.000000000000000000e+00
9.400020246545416569e+01 1.300000000000000000e+01 8.000000000000000000e+00
9.500020246545410885e+01 1.200000000000000000e+01 8.000000000000000000e+00
9.600020246545405200e+01 1.100000000000000000e+01 8.000000000000000000e+00
9.700020246545399516e+01 1.200000000000000000e+01 8.000000000000000000e+00
9.800020246545393832e+01 1.100000000000000000e+01 9.000000000000000000e+00
9.900020246545388147e+01 1.100000000000000000e+01 8.000000000000000000e+00
1.000002024654538246e+02 1.200000000000000000e+01 9.000000000000000000e+00
1.010002024654537678e+02 1.100000000000000000e+01 9.000000000000000000e+00
1.020002024654537109e+02 9.000000000000000000e+00 1.100000000000000000e+01
1.030002024654536541e+02 1.000000000000000000e+01 1.300000000000000000e+01
1.040002024654535973e+02 1.200000000000000000e+01 1.400000000000000000e+01
1.050002024654535404e+02 1.300000000000000000e+01 1.400000000000000000e+01
1.060002024654534836e+02 1.100000000000000000e+01 1.500000000000000000e+01
1.070002024654534267e+02 1.200000000000000000e+01 1.400000000000000000e+01
1.080000066356693935e+02 1.100000000000000000e+01 1.200000000000000000e+01
1.090002024654533130e+02 1.200000000000000000e+01 1.500000000000000000e+01
1.100002024654532562e+02 1.100000000000000000e+01 1.300000000000000000e+01
1.110001567294811338e+02 1.200000000000000000e+01 1.300000000000000000e+01
1.120002024654531425e+02 1.200000000000000000e+01 1.200000000000000000e+01
1.130002024654530857e+02 1.200000000000000000e+01 8.000000000000000000e+00
1.140002024654530288e+02 1.200000000000000000e+01 9.000000000000000000e+00
1.150002024654529720e+02 1.200000000000000000e+01 1.000000000000000000e+01
1.160002024654529151e+02 1.400000000000000000e+01 9.000000000000000000e+00
1.170002024654528583e+02 1.200000000000000000e+01 8.000000000000000000e+00
1.180002024654528014e+02 1.200000000000000000e+01 8.000000000000000000e+00
1.190002024654527446e+02 1.200000000000000000e+01 7.000000000000000000e+00
1.200002024654526878e+02 1.300000000000000000e+01 9.000000000000000000e+00
1.210002024654526309e+02 1.300000000000000000e+01 7.000000000000000000e+00
1.220002024654525741e+02 1.600000000000000000e+01 9.000000000000000000e+00
1.230002024654525172e+02 1.700000000000000000e+01 9.000000000000000000e+00
1.240002024654524604e+02 1.600000000000000000e+01 9.000000000000000000e+00
1.250002024654524035e+02 1.600000000000000000e+01 9.000000000000000000e+00
1.260002024654523467e+02 1.600000000000000000e+01 9.000000000000000000e+00
1.270002024654522899e+02 1.600000000000000000e+01 9.000000000000000000e+00
1.280002024654522472e+02 1.700000000000000000e+01 9.000000000000000000e+00
1.290002024654521904e+02 1.700000000000000000e+01 1.000000000000000000e+01
1.300002024654521335e+02 1.900000000000000000e+01 1.100000000000000000e+01
1.310002024654520767e+02 2.000000000000000000e+01 1.100000000000000000e+01
1.320002024654520199e+02 2.000000000000000000e+01 1.200000000000000000e+01
1.330002024654519630e+02 2.100000000000000000e+01 1.400000000000000000e+01
1.340000901311893529e+02 2.200000000000000000e+01 1.600000000000000000e+01
1.350002024654518493e+02 2.300000000000000000e+01 1.900000000000000000e+01
1.360002024654517925e+02 2.400000000000000000e+01 1.800000000000000000e+01
1.370002024654517356e+02 2.500000000000000000e+01 1.600000000000000000e+01
1.380002024654516788e+02 2.200000000000000000e+01 1.600000000000000000e+01
1.390002024654516219e+02 1.500000000000000000e+01 1.600000000000000000e+01
1.400002024654515651e+02 1.500000000000000000e+01 1.700000000000000000e+01
1.410002024654515083e+02 1.300000000000000000e+01 1.700000000000000000e+01
1.420002024654514514e+02 1.300000000000000000e+01 1.700000000000000000e+01
1.430002024654513946e+02 1.000000000000000000e+01 1.600000000000000000e+01
1.440001666451258870e+02 9.000000000000000000e+00 1.600000000000000000e+01
1.450002024654512809e+02 9.000000000000000000e+00 1.600000000000000000e+01
1.460002024654512240e+02 9.000000000000000000e+00 1.700000000000000000e+01
1.470002024654511672e+02 9.000000000000000000e+00 1.700000000000000000e+01
1.480002024654511104e+02 9.000000000000000000e+00 1.700000000000000000e+01
1.490002024654510535e+02 1.000000000000000000e+01 1.800000000000000000e+01
1.500002024654509967e+02 1.000000000000000000e+01 1.800000000000000000e+01
1.510002024654509398e+02 1.100000000000000000e+01 1.800000000000000000e+01
1.520002024654508830e+02 1.200000000000000000e+01 1.900000000000000000e+01
1.530002024654508261e+02 1.200000000000000000e+01 1.900000000000000000e+01
1.540002024654507693e+02 1.200000000000000000e+01 2.000000000000000000e+01
1.550002024654507125e+02 1.300000000000000000e+01 2.200000000000000000e+01
1.560002024654506556e+02 1.500000000000000000e+01 2.200000000000000000e+01
1.570002024654505988e+02 1.600000000000000000e+01 2.300000000000000000e+01
1.580002024654505419e+02 1.600000000000000000e+01 2.100000000000000000e+01
1.590002024654504851e+02 1.400000000000000000e+01 1.900000000000000000e+01
1.600002024654504282e+02 1.300000000000000000e+01 1.900000000000000000e+01
1.610002024654503714e+02 7.000000000000000000e+00 2.000000000000000000e+01
1.620002024654503145e+02 7.000000000000000000e+00 2.100000000000000000e+01
1.630000220716096067e+02 7.000000000000000000e+00 2.100000000000000000e+01
1.640002024654502009e+02 4.000000000000000000e+00 2.200000000000000000e+01
1.650002024654501440e+02 7.000000000000000000e+00 2.300000000000000000e+01
1.660002024654500872e+02 7.000000000000000000e+00 2.300000000000000000e+01
1.670002024654500303e+02 6.000000000000000000e+00 2.400000000000000000e+01
1.680002024654499735e+02 8.000000000000000000e+00 2.100000000000000000e+01
1.690002024654499166e+02 9.000000000000000000e+00 2.000000000000000000e+01
1.700002024654498598e+02 1.100000000000000000e+01 2.000000000000000000e+01
1.710002024654498030e+02 1.200000000000000000e+01 2.000000000000000000e+01
1.720002024654497461e+02 1.200000000000000000e+01 1.900000000000000000e+01
1.730002024654496893e+02 1.300000000000000000e+01 1.700000000000000000e+01
1.740002024654496324e+02 1.600000000000000000e+01 1.700000000000000000e+01
1.750002024654495756e+02 1.800000000000000000e+01 1.800000000000000000e+01
1.760002024654495187e+02 2.000000000000000000e+01 1.800000000000000000e+01
1.770002024654494619e+02 2.000000000000000000e+01 1.900000000000000000e+01
1.780002024654494051e+02 1.700000000000000000e+01 1.900000000000000000e+01
1.790002024654493482e+02 1.600000000000000000e+01 1.900000000000000000e+01
1.800002024654492914e+02 1.400000000000000000e+01 2.000000000000000000e+01
1.810002024654492345e+02 1.300000000000000000e+01 1.900000000000000000e+01
1.820002024654491777e+02 1.300000000000000000e+01 1.800000000000000000e+01
1.830002024654491208e+02 1.300000000000000000e+01 1.800000000000000000e+01
1.840002024654490640e+02 1.300000000000000000e+01 1.800000000000000000e+01
1.850002024654490071e+02 1.400000000000000000e+01 1.800000000000000000e+01
1.860002024654489503e+02 1.500000000000000000e+01 1.500000000000000000e+01
1.870002024654488935e+02 1.600000000000000000e+01 1.400000000000000000e+01
1.880002024654488366e+02 1.600000000000000000e+01 1.000000000000000000e+01
1.890002024654487798e+02 1.100000000000000000e+01 1.100000000000000000e+01
1.900002024654487229e+02 1.100000000000000000e+01 1.100000000000000000e+01
1.910002024654486661e+02 1.100000000000000000e+01 1.200000000000000000e+01
1.920002024654486092e+02 9.000000000000000000e+00 1.200000000000000000e+01
1.930002024654485524e+02 1.000000000000000000e+01 1.200000000000000000e+01
1.940002024654484956e+02 1.000000000000000000e+01 1.200000000000000000e+01
1.950002024654484387e+02 9.000000000000000000e+00 1.300000000000000000e+01
1.960002024654483819e+02 9.000000000000000000e+00 1.300000000000000000e+01
1.970000819793648077e+02 9.000000000000000000e+00 1.400000000000000000e+01
1.980002024654482682e+02 9.000000000000000000e+00 1.200000000000000000e+01
1.990002024654482113e+02 1.000000000000000000e+01 1.500000000000000000e+01
2.000002024654481545e+02 1.100000000000000000e+01 1.600000000000000000e+01
2.010002024654480977e+02 8.000000000000000000e+00 1.400000000000000000e+01
2.020002024654480408e+02 4.000000000000000000e+00 1.600000000000000000e+01
2.030002024654479840e+02 3.000000000000000000e+00 1.700000000000000000e+01
2.040002024654479271e+02 4.000000000000000000e+00 1.800000000000000000e+01
2.050002024654478703e+02 3.000000000000000000e+00 1.800000000000000000e+01
2.060002024654478134e+02 3.000000000000000000e+00 1.800000000000000000e+01
2.070002024654477566e+02 3.000000000000000000e+00 1.800000000000000000e+01
2.080002024654476998e+02 3.000000000000000000e+00 1.600000000000000000e+01
2.090001039354688430e+02 3.000000000000000000e+00 1.600000000000000000e+01
2.100002024654475861e+02 4.000000000000000000e+00 1.700000000000000000e+01
2.110002024654475292e+02 5.000000000000000000e+00 1.800000000000000000e+01
2.120002024654474724e+02 7.000000000000000000e+00 1.900000000000000000e+01
2.130002024654474155e+02 7.000000000000000000e+00 1.900000000000000000e+01
2.140002024654473587e+02 8.000000000000000000e+00 1.800000000000000000e+01
2.150002024654473018e+02 8.000000000000000000e+00 1.800000000000000000e+01
2.160002024654472450e+02 7.000000000000000000e+00 1.800000000000000000e+01
2.170002024654471882e+02 6.000000000000000000e+00 1.800000000000000000e+01
2.180002024654471313e+02 6.000000000000000000e+00 1.900000000000000000e+01
2.190002024654470745e+02 7.000000000000000000e+00 1.900000000000000000e+01
2.200002024654470176e+02 1.000000000000000000e+01 1.900000000000000000e+01
2.210002024654469608e+02 8.000000000000000000e+00 1.900000000000000000e+01
2.220002024654469039e+02 9.000000000000000000e+00 1.900000000000000000e+01
2.230002024654468471e+02 9.000000000000000000e+00 1.900000000000000000e+01
2.240002024654467903e+02 9.000000000000000000e+00 2.000000000000000000e+01
2.250002024654467334e+02 1.000000000000000000e+01 2.200000000000000000e+01
2.260002024654466766e+02 1.100000000000000000e+01 2.200000000000000000e+01
2.270002024654466197e+02 1.200000000000000000e+01 2.200000000000000000e+01
2.280002024654465629e+02 1.300000000000000000e+01 2.200000000000000000e+01
2.290002024654465060e+02 1.300000000000000000e+01 2.100000000000000000e+01
2.300002024654464492e+02 1.300000000000000000e+01 2.100000000000000000e+01
2.310002024654463924e+02 1.100000000000000000e+01 2.300000000000000000e+01
2.320002024654463355e+02 1.000000000000000000e+01 2.400000000000000000e+01
2.330002024654462787e+02 1.100000000000000000e+01 2.500000000000000000e+01
2.340002024654462218e+02 8.000000000000000000e+00 2.500000000000000000e+01
2.350002024654461650e+02 6.000000000000000000e+00 2.500000000000000000e+01
2.360002024654461081e+02 6.000000000000000000e+00 2.600000000000000000e+01
2.370002024654460513e+02 5.000000000000000000e+00 2.700000000000000000e+01
2.380002024654459944e+02 5.000000000000000000e+00 2.900000000000000000e+01
2.390002024654459376e+02 7.000000000000000000e+00 3.100000000000000000e+01
2.400002024654458808e+02 7.000000000000000000e+00 3.100000000000000000e+01
2.410000106111893388e+02 2.000000000000000000e+00 3.100000000000000000e+01
2.420002024654457671e+02 4.000000000000000000e+00 3.100000000000000000e+01
2.430002024654457102e+02 4.000000000000000000e+00 3.000000000000000000e+01
2.440002024654456534e+02 5.000000000000000000e+00 2.900000000000000000e+01
2.450002024654455965e+02 5.000000000000000000e+00 2.000000000000000000e+01
2.460002024654455397e+02 5.000000000000000000e+00 1.800000000000000000e+01
2.470002024654454829e+02 5.000000000000000000e+00 1.600000000000000000e+01
2.480002024654454260e+02 6.000000000000000000e+00 1.700000000000000000e+01
2.490002024654453692e+02 6.000000000000000000e+00 1.300000000000000000e+01
2.500002024654453123e+02 6.000000000000000000e+00 1.200000000000000000e+01
2.510002024654452555e+02 6.000000000000000000e+00 1.100000000000000000e+01
2.520002024654451986e+02 9.000000000000000000e+00 1.200000000000000000e+01
2.530002024654451418e+02 8.000000000000000000e+00 1.300000000000000000e+01
2.540002024654450850e+02 9.000000000000000000e+00 1.400000000000000000e+01
2.550002024654450281e+02 8.000000000000000000e+00 1.500000000000000000e+01
2.560002024654449997e+02 8.000000000000000000e+00 1.500000000000000000e+01
2.570002024654452271e+02 8.000000000000000000e+00 1.600000000000000000e+01
2.580002024654454544e+02 8.000000000000000000e+00 1.600000000000000000e+01
2.590002024654456818e+02 8.000000000000000000e+00 1.400000000000000000e+01
2.600002024654459092e+02 9.000000000000000000e+00 1.400000000000000000e+01
2.610002024654461366e+02 9.000000000000000000e+00 1.500000000000000000e+01
2.620002024654463639e+02 1.000000000000000000e+01 1.500000000000000000e+01
2.630002024654465913e+02 1.100000000000000000e+01 1.600000000000000000e+01
2.640002024654468187e+02 1.200000000000000000e+01 1.500000000000000000e+01
2.650002024654470461e+02 1.300000000000000000e+01 1.500000000000000000e+01
2.660002024654472734e+02 1.200000000000000000e+01 1.600000000000000000e+01
2.670001134866808457e+02 1.300000000000000000e+01 1.700000000000000000e+01
2.680002024654477282e+02 8.000000000000000000e+00 1.800000000000000000e+01
2.690002024654479555e+02 7.000000000000000000e+00 1.900000000000000000e+01
2.700002024654481829e+02 7.000000000000000000e+00 1.900000000000000000e+01
2.710002024654484103e+02 7.000000000000000000e+00 2.100000000000000000e+01
2.720002024654486377e+02 8.000000000000000000e+00 1.900000000000000000e+01
2.730002024654488650e+02 8.000000000000000000e+00 1.900000000000000000e+01
2.740002024654490924e+02 9.000000000000000000e+00 1.900000000000000000e+01
2.750002024654493198e+02 8.000000000000000000e+00 1.400000000000000000e+01
2.760002024654495472e+02 7.000000000000000000e+00 1.400000000000000000e+01
2.770002024654497745e+02 6.000000000000000000e+00 1.600000000000000000e+01
2.780002024654500019e+02 8.000000000000000000e+00 1.400000000000000000e+01
2.790002024654502293e+02 6.000000000000000000e+00 1.600000000000000000e+01
2.800002024654504567e+02 6.000000000000000000e+00 1.500000000000000000e+01
2.810002024654506840e+02 3.000000000000000000e+00 1.600000000000000000e+01
2.820002024654509114e+02 3.000000000000000000e+00 1.600000000000000000e+01
2.830002024654511388e+02 2.000000000000000000e+00 1.700000000000000000e+01
2.840002024654513662e+02 2.000000000000000000e+00 1.700000000000000000e+01
2.850002024654515935e+02 0.000000000000000000e+00 1.800000000000000000e+01
2.860002024654518209e+02 0.000000000000000000e+00 1.900000000000000000e+01
2.870002024654520483e+02 0.000000000000000000e+00 1.900000000000000000e+01
2.880002024654522756e+02 3.000000000000000000e+00 2.000000000000000000e+01
2.890002024654525030e+02 1.000000000000000000e+00 2.000000000000000000e+01
2.900002024654527304e+02 1.000000000000000000e+00 2.000000000000000000e+01
2.910002024654529578e+02 2.000000000000000000e+00 2.200000000000000000e+01
2.920002024654531851e+02 4.000000000000000000e+00 2.200000000000000000e+01
2.930002024654534125e+02 2.000000000000000000e+00 2.400000000000000000e+01
2.940002024654536399e+02 2.000000000000000000e+00 2.200000000000000000e+01
2.950002024654538673e+02 2.000000000000000000e+00 1.900000000000000000e+01
2.960002024654540946e+02 3.000000000000000000e+00 1.900000000000000000e+01
2.970002024654543220e+02 1.000000000000000000e+00 1.900000000000000000e+01
2.980002024654545494e+02 2.000000000000000000e+00 1.900000000000000000e+01
2.990002024654547768e+02 2.000000000000000000e+00 2.000000000000000000e+01
3.000002024654550041e+02 2.000000000000000000e+00 2.000000000000000000e+01
