0.000000000000000000e+00 0.000000000000000000e+00 0.000000000000000000e+00
1.000541687876555397e+00 1.000000000000000000e+00 1.000000000000000000e+00
2.000541687876556285e+00 4.000000000000000000e+00 4.000000000000000000e+00
3.000541687876557173e+00 5.000000000000000000e+00 5.000000000000000000e+00
4.000541687876557617e+00 5.000000000000000000e+00 5.000000000000000000e+00
5.000541687876554064e+00 5.000000000000000000e+00 5.000000000000000000e+00
6.000541687876550512e+00 8.000000000000000000e+00 8.000000000000000000e+00
7.000541687876546959e+00 9.000000000000000000e+00 9.000000000000000000e+00
8.000541687876543406e+00 9.000000000000000000e+00 9.000000000000000000e+00
9.000541687876539854e+00 1.000000000000000000e+01 1.000000000000000000e+01
1.000054168787653630e+01 1.100000000000000000e+01 1.100000000000000000e+01
1.100054168787653275e+01 1.200000000000000000e+01 1.300000000000000000e+01
1.200054168787652920e+01 1.300000000000000000e+01 1.400000000000000000e+01
1.300045455263667904e+01 1.200000000000000000e+01 1.300000000000000000e+01
1.400054168787652209e+01 1.200000000000000000e+01 1.300000000000000000e+01
1.500054168787651854e+01 1.100000000000000000e+01 1.200000000000000000e+01
1.600054168787651676e+01 1.000000000000000000e+01 1.100000000000000000e+01
1.700012517979605775e+01 9.000000000000000000e+00 1.000000000000000000e+01
1.800054168787654518e+01 1.000000000000000000e+01 1.100000000000000000e+01
1.900054168787655939e+01 1.000000000000000000e+01 1.100000000000000000e+01
2.000054168787657360e+01 1.000000000000000000e+01 1.200000000000000000e+01
2.100054168787658782e+01 9.000000000000000000e+00 1.000000000000000000e+01
2.200054168787660203e+01 9.000000000000000000e+00 1.000000000000000000e+01
2.300054168787661624e+01 1.000000000000000000e+01 1.100000000000000000e+01
2.400054168787663045e+01 1.000000000000000000e+01 1.100000000000000000e+01
2.500054168787664466e+01 1.100000000000000000e+01 1.300000000000000000e+01
2.600054168787665887e+01 1.300000000000000000e+01 1.500000000000000000e+01
2.700054168787667308e+01 1.300000000000000000e+01 1.500000000000000000e+01
2.800054168787668729e+01 1.300000000000000000e+01 1.500000000000000000e+01
2.900054168787670150e+01 1.300000000000000000e+01 1.500000000000000000e+01
3.000054168787671571e+01 1.300000000000000000e+01 1.500000000000000000e+01
3.100054168787672992e+01 1.600000000000000000e+01 1.600000000000000000e+01
3.200054168787674058e+01 1.700000000000000000e+01 1.300000000000000000e+01
3.300054168787675479e+01 1.500000000000000000e+01 1.200000000000000000e+01
3.400054168787676900e+01 1.600000000000000000e+01 1.200000000000000000e+01
3.500054168787678321e+01 1.400000000000000000e+01 1.300000000000000000e+01
3.600054168787679743e+01 1.500000000000000000e+01 1.200000000000000000e+01
3.700054168787681164e+01 1.400000000000000000e+01 1.000000000000000000e+01
3.800054168787682585e+01 1.400000000000000000e+01 1.000000000000000000e+01
3.900054168787684006e+01 1.400000000000000000e+01 9.000000000000000000e+00
4.000054168787685427e+01 1.700000000000000000e+01 1.100000000000000000e+01
4.100054168787686848e+01 1.700000000000000000e+01 1.100000000000000000e+01
4.200054168787688269e+01 1.800000000000000000e+01 1.200000000000000000e+01
4.300054168787689690e+01 1.800000000000000000e+01 1.300000000000000000e+01
4.400054168787691111e+01 1.800000000000000000e+01 1.100000000000000000e+01
4.500054168787692532e+01 1.700000000000000000e+01 1.100000000000000000e+01
4.600054168787693953e+01 1.800000000000000000e+01 1.200000000000000000e+01
4.700054168787695374e+01 1.600000000000000000e+01 8.000000000000000000e+00
4.800010970528902021e+01 1.400000000000000000e+01 3.000000000000000000e+00
4.900054168787698217e+01 1.300000000000000000e+01 3.000000000000000000e+00
5.000054168787699638e+01 1.300000000000000000e+01 3.000000000000000000e+00
5.100054168787701059e+01 1.400000000000000000e+01 3.000000000000000000e+00
5.200054168787702480e+01 1.300000000000000000e+01 3.000000000000000000e+00
5.300054168787703901e+01 1.500000000000000000e+01 3.000000000000000000e+00
5.400054168787705322e+01 1.300000000000000000e+01 3.000000000000000000e+00
5.500034929620850477e+01 1.100000000000000000e+01 1.000000000000000000e+00
5.600054168787708164e+01 9.000000000000000000e+00 0.000000000000000000e+00
5.700054168787709585e+01 9.000000000000000000e+00 1.000000000000000000e+00
5.800054168787711006e+01 9.000000000000000000e+00 2.000000000000000000e+00
5.900054168787712428e+01 9.000000000000000000e+00 2.000000000000000000e+00
6.000020012517532564e+01 8.000000000000000000e+00 3.000000000000000000e+00
6.100054168787715270e+01 8.000000000000000000e+00 3.000000000000000000e+00
6.200054168787716691e+01 8.000000000000000000e+00 2.000000000000000000e+00
6.300054168787718112e+01 8.000000000000000000e+00 2.000000000000000000e+00
6.400054168787718822e+01 8.000000000000000000e+00 2.000000000000000000e+00
6.500054168787713138e+01 9.000000000000000000e+00 3.000000000000000000e+00
6.600054168787707454e+01 1.000000000000000000e+01 4.000000000000000000e+00
6.700054168787701769e+01 1.000000000000000000e+01 4.000000000000000000e+00
6.800007280745604987e+01 1.000000000000000000e+01 4.000000000000000000e+00
6.900054168787690401e+01 1.100000000000000000e+01 6.000000000000000000e+00
7.000053458096036252e+01 1.100000000000000000e+01 7.000000000000000000e+00
7.100054168787679032e+01 1.000000000000000000e+01 7.000000000000000000e+00
7.200015897241438267e+01 1.000000000000000000e+01 6.000000000000000000e+00
7.300054168787667663e+01 7.000000000000000000e+00 6.000000000000000000e+00
7.400054168787661979e+01 7.000000000000000000e+00 6.000000000000000000e+00
7.500054168787656295e+01 6.000000000000000000e+00 7.000000000000000000e+00
7.600054168787650610e+01 7.000000000000000000e+00 8.000000000000000000e+00
7.700044151551705340e+01 7.000000000000000000e+00 8.000000000000000000e+00
7.800054168787639242e+01 8.000000000000000000e+00 9.000000000000000000e+00
7.900054168787633557e+01 9.000000000000000000e+00 8.000000000000000000e+00
8.000054168787627873e+01 1.000000000000000000e+01 8.000000000000000000e+00
8.100054168787622189e+01 1.100000000000000000e+01 6.000000000000000000e+00
8.200054168787616504e+01 1.100000000000000000e+01 5.000000000000000000e+00
8.300015623065526427e+01 1.100000000000000000e+01 5.000000000000000000e+00
8.400054168787605136e+01 1.300000000000000000e+01 5.000000000000000000e+00
8.500054168787599451e+01 1.400000000000000000e+01 6.000000000000000000e+00
8.600054168787593767e+01 1.400000000000000000e+01 5.000000000000000000e+00
8.700054168787588083e+01 1.300000000000000000e+01 4.000000000000000000e+00
8.800054168787582398e+01 1.300000000000000000e+01 5.000000000000000000e+00
8.900051192056770333e+01 1.200000000000000000e+01 5.000000000000000000e+00
9.000054168787571029e+01 1.100000000000000000e+01 5.000000000000000000e+00
9.100054168787565345e+01 1.200000000000000000e+01 7.000000000000000000e+00
9.200054168787559661e+01 1.300000000000000000e+01 8.000000000000000000e+00
9.300054168787553976e+01 1.000000000000000000e+01 8.000000000000000000e+00
9.400054168787548292e+01 5.000000000000000000e+00 9.000000000000000000e+00
9.500054168787542608e+01 2.000000000000000000e+00 1.000000000000000000e+01
9.600054168787536923e+01 2.000000000000000000e+00 9.000000000000000000e+00
9.700054168787531239e+01 2.000000000000000000e+00 9.000000000000000000e+00
9.800054168787525555e+01 0.000000000000000000e+00 7.000000000000000000e+00
9.900054168787519870e+01 0.000000000000000000e+00 7.000000000000000000e+00
1.000005416878751419e+02 1.000000000000000000e+00 9.000000000000000000e+00
1.010001164135397289e+02 2.000000000000000000e+00 9.000000000000000000e+00
1.020005416878750282e+02 3.000000000000000000e+00 1.100000000000000000e+01
1.030005416878749713e+02 3.000000000000000000e+00 1.100000000000000000e+01
1.040005416878749145e+02 3.000000000000000000e+00 1.000000000000000000e+01
1.050005416878748576e+02 5.000000000000000000e+00 1.200000000000000000e+01
1.060005416878748008e+02 6.000000000000000000e+00 1.100000000000000000e+01
1.070005416878747440e+02 5.000000000000000000e+00 1.000000000000000000e+01
1.080005416878746871e+02 4.000000000000000000e+00 9.000000000000000000e+00
1.090005416878746303e+02 3.000000000000000000e+00 9.000000000000000000e+00
1.100005416878745734e+02 3.000000000000000000e+00 1.000000000000000000e+01
1.110005416878745166e+02 3.000000000000000000e+00 9.000000000000000000e+00
1.120005416878744597e+02 5.000000000000000000e+00 1.000000000000000000e+01
1.130005416878744029e+02 6.000000000000000000e+00 1.000000000000000000e+01
1.140005416878743461e+02 7.000000000000000000e+00 1.000000000000000000e+01
1.150005416878742892e+02 4.000000000000000000e+00 1.000000000000000000e+01
1.160005416878742324e+02 2.000000000000000000e+00 1.000000000000000000e+01
1.170005416878741755e+02 1.000000000000000000e+00 1.100000000000000000e+01
1.180005416878741187e+02 2.000000000000000000e+00 1.100000000000000000e+01
1.190005416878740618e+02 3.000000000000000000e+00 1.200000000000000000e+01
1.200005416878740050e+02 4.000000000000000000e+00 1.200000000000000000e+01
1.210005416878739481e+02 7.000000000000000000e+00 1.100000000000000000e+01
1.220002418544708860e+02 6.000000000000000000e+00 7.000000000000000000e+00
1.230005416878738345e+02 9.000000000000000000e+00 7.000000000000000000e+00
1.240005416878737776e+02 6.000000000000000000e+00 3.000000000000000000e+00
1.250005416878737208e+02 6.000000000000000000e+00 3.000000000000000000e+00
1.260005416878736639e+02 6.000000000000000000e+00 1.000000000000000000e+00
1.270005416878736071e+02 8.000000000000000000e+00 2.000000000000000000e+00
1.280005416878735502e+02 8.000000000000000000e+00 1.000000000000000000e+00
1.290005416878734934e+02 8.000000000000000000e+00 2.000000000000000000e+00
1.300005416878734366e+02 8.000000000000000000e+00 1.000000000000000000e+00
1.310005416878733797e+02 5.000000000000000000e+00 2.000000000000000000e+00
1.320005416878733229e+02 8.000000000000000000e+00 3.000000000000000000e+00
1.330005416878732660e+02 1.000000000000000000e+01 3.000000000000000000e+00
1.340005416878732092e+02 1.100000000000000000e+01 3.000000000000000000e+00
1.350004335189629217e+02 1.200000000000000000e+01 5.000000000000000000e+00
1.360005416878730955e+02 1.200000000000000000e+01 4.000000000000000000e+00
1.370004721479120064e+02 1.200000000000000000e+01 5.000000000000000000e+00
1.380005416878729818e+02 1.500000000000000000e+01 5.000000000000000000e+00
1.390005416878729250e+02 1.600000000000000000e+01 6.000000000000000000e+00
1.400005416878728681e+02 1.700000000000000000e+01 7.000000000000000000e+00
1.410005416878728113e+02 1.700000000000000000e+01 8.000000000000000000e+00
1.420005416878727544e+02 2.000000000000000000e+01 7.000000000000000000e+00
1.430005416878726976e+02 2.000000000000000000e+01 9.000000000000000000e+00
1.440005416878726408e+02 2.200000000000000000e+01 1.000000000000000000e+01
1.450005416878725839e+02 2.200000000000000000e+01 1.000000000000000000e+01
1.460005416878725271e+02 2.100000000000000000e+01 9.000000000000000000e+00
1.470005416878724702e+02 2.100000000000000000e+01 1.000000000000000000e+01
1.480005416878724134e+02 1.900000000000000000e+01 9.000000000000000000e+00
1.490005416878723565e+02 1.700000000000000000e+01 1.000000000000000000e+01
1.500005416878722997e+02 1.800000000000000000e+01 9.000000000000000000e+00
1.510005416878722428e+02 1.500000000000000000e+01 7.000000000000000000e+00
1.520005416878721860e+02 1.400000000000000000e+01 8.000000000000000000e+00
1.530005416878721292e+02 1.600000000000000000e+01 8.000000000000000000e+00
1.540005416878720723e+02 1.600000000000000000e+01 8.000000000000000000e+00
1.550005416878720155e+02 1.600000000000000000e+01 7.000000000000000000e+00
1.560005416878719586e+02 1.600000000000000000e+01 6.000000000000000000e+00
1.570005416878719018e+02 1.600000000000000000e+01 4.000000000000000000e+00
1.580005416878718449e+02 1.600000000000000000e+01 4.000000000000000000e+00
1.590005416878717881e+02 1.800000000000000000e+01 4.000000000000000000e+00
1.600005416878717313e+02 1.700000000000000000e+01 3.000000000000000000e+00
1.610005416878716744e+02 1.800000000000000000e+01 3.000000000000000000e+00
1.620005416878716176e+02 1.900000000000000000e+01 4.000000000000000000e+00
1.630005416878715607e+02 2.000000000000000000e+01 5.000000000000000000e+00
1.640005416878715039e+02 2.200000000000000000e+01 5.000000000000000000e+00
1.650004182624380746e+02 2.400000000000000000e+01 6.000000000000000000e+00
1.660005416878713902e+02 2.400000000000000000e+01 6.000000000000000000e+00
1.670005416878713334e+02 2.500000000000000000e+01 7.000000000000000000e+00
1.680005416878712765e+02 2.500000000000000000e+01 7.000000000000000000e+00
1.690005416878712197e+02 2.600000000000000000e+01 8.000000000000000000e+00
1.700005416878711628e+02 2.600000000000000000e+01 8.000000000000000000e+00
1.710005416878711060e+02 2.600000000000000000e+01 7.000000000000000000e+00
1.720005416878710491e+02 2.600000000000000000e+01 8.000000000000000000e+00
1.730005416878709923e+02 2.500000000000000000e+01 8.000000000000000000e+00
1.740005416878709354e+02 2.200000000000000000e+01 7.000000000000000000e+00
1.750005416878708786e+02 2.000000000000000000e+01 7.000000000000000000e+00
1.760003997793478163e+02 2.100000000000000000e+01 7.000000000000000000e+00
1.770005416878707649e+02 1.900000000000000000e+01 7.000000000000000000e+00
1.780005416878707081e+02 2.000000000000000000e+01 7.000000000000000000e+00
1.790005416878706512e+02 1.900000000000000000e+01 7.000000000000000000e+00
1.800005416878705944e+02 1.800000000000000000e+01 7.000000000000000000e+00
1.810005416878705375e+02 1.800000000000000000e+01 9.000000000000000000e+00
1.820005416878704807e+02 1.800000000000000000e+01 1.000000000000000000e+01
1.830005416878704239e+02 1.900000000000000000e+01 9.000000000000000000e+00
1.840005416878703670e+02 2.000000000000000000e+01 9.000000000000000000e+00
1.850005416878703102e+02 2.100000000000000000e+01 8.000000000000000000e+00
1.860005416878702533e+02 2.100000000000000000e+01 1.100000000000000000e+01
1.870005416878701965e+02 2.000000000000000000e+01 9.000000000000000000e+00
1.880005416878701396e+02 2.100000000000000000e+01 8.000000000000000000e+00
1.890005416878700828e+02 2.200000000000000000e+01 8.000000000000000000e+00
1.900005416878700260e+02 2.000000000000000000e+01 1.100000000000000000e+01
1.910005416878699691e+02 2.200000000000000000e+01 1.000000000000000000e+01
1.920005416878699123e+02 2.300000000000000000e+01 8.000000000000000000e+00
1.930005416878698554e+02 2.400000000000000000e+01 1.000000000000000000e+01
1.940005416878697986e+02 2.500000000000000000e+01 1.200000000000000000e+01
1.950005416878697417e+02 2.700000000000000000e+01 1.200000000000000000e+01
1.960005416878696849e+02 2.700000000000000000e+01 1.200000000000000000e+01
1.970005416878696280e+02 2.800000000000000000e+01 1.400000000000000000e+01
1.980005416878695712e+02 2.000000000000000000e+01 1.400000000000000000e+01
1.990005416878695144e+02 1.200000000000000000e+01 1.400000000000000000e+01
2.000005416878694575e+02 1.100000000000000000e+01 1.400000000000000000e+01
2.010005416878694007e+02 1.200000000000000000e+01 1.600000000000000000e+01
2.020005416878693438e+02 1.100000000000000000e+01 1.700000000000000000e+01
2.030005416878692870e+02 1.100000000000000000e+01 1.600000000000000000e+01
2.040005416878692301e+02 1.100000000000000000e+01 1.600000000000000000e+01
2.050005416878691733e+02 1.100000000000000000e+01 1.700000000000000000e+01
2.060005416878691165e+02 1.100000000000000000e+01 1.800000000000000000e+01
2.070005416878690596e+02 1.100000000000000000e+01 1.600000000000000000e+01
2.080005416878690028e+02 1.100000000000000000e+01 1.500000000000000000e+01
2.090005416878689459e+02 1.300000000000000000e+01 1.500000000000000000e+01
2.100005416878688891e+02 1.400000000000000000e+01 1.700000000000000000e+01
2.110005416878688322e+02 1.500000000000000000e+01 1.600000000000000000e+01
2.120005416878687754e+02 1.400000000000000000e+01 1.500000000000000000e+01
2.130005416878687186e+02 1.200000000000000000e+01 1.500000000000000000e+01
2.140005416878686617e+02 1.100000000000000000e+01 1.500000000000000000e+01
2.150005416878686049e+02 1.000000000000000000e+01 1.500000000000000000e+01
2.160005416878685480e+02 1.000000000000000000e+01 1.400000000000000000e+01
2.170005416878684912e+02 9.000000000000000000e+00 1.400000000000000000e+01
2.180005416878684343e+02 1.000000000000000000e+01 1.500000000000000000e+01
2.190005416878683775e+02 1.100000000000000000e+01 1.600000000000000000e+01
2.200005416878683207e+02 1.100000000000000000e+01 1.600000000000000000e+01
2.210005416878682638e+02 1.200000000000000000e+01 1.600000000000000000e+01
2.220003703637273986e+02 1.100000000000000000e+01 1.500000000000000000e+01
2.230005416878681501e+02 1.500000000000000000e+01 1.600000000000000000e+01
2.240005416878680933e+02 1.400000000000000000e+01 1.500000000000000000e+01
2.250005416878680364e+02 1.300000000000000000e+01 1.500000000000000000e+01
2.260005416878679796e+02 1.000000000000000000e+01 1.400000000000000000e+01
2.270005416878679227e+02 6.000000000000000000e+00 1.200000000000000000e+01
2.280000999749895527e+02 7.000000000000000000e+00 1.100000000000000000e+01
2.290005416878678091e+02 7.000000000000000000e+00 1.300000000000000000e+01
2.300005416878677522e+02 7.000000000000000000e+00 1.400000000000000000e+01
2.310005416878676954e+02 6.000000000000000000e+00 1.500000000000000000e+01
2.320005416878676385e+02 6.000000000000000000e+00 1.400000000000000000e+01
2.330004213958677042e+02 6.000000000000000000e+00 1.400000000000000000e+01
2.340005416878675248e+02 6.000000000000000000e+00 1.400000000000000000e+01
2.350003726423959449e+02 6.000000000000000000e+00 1.400000000000000000e+01
2.360005416878674112e+02 8.000000000000000000e+00 1.100000000000000000e+01
2.370005416878673543e+02 7.000000000000000000e+00 1.100000000000000000e+01
2.380002237208333611e+02 7.000000000000000000e+00 1.200000000000000000e+01
2.390005416878672406e+02 7.000000000000000000e+00 1.400000000000000000e+01
2.400005416878671838e+02 9.000000000000000000e+00 1.400000000000000000e+01
2.410005416878671269e+02 1.000000000000000000e+01 1.400000000000000000e+01
2.420005416878670701e+02 1.100000000000000000e+01 1.400000000000000000e+01
2.430003371229709046e+02 1.200000000000000000e+01 1.400000000000000000e+01
2.440005416878669564e+02 1.400000000000000000e+01 1.500000000000000000e+01
2.450005416878668996e+02 1.400000000000000000e+01 1.600000000000000000e+01
2.460005416878668427e+02 1.500000000000000000e+01 1.800000000000000000e+01
2.470005416878667859e+02 1.600000000000000000e+01 1.800000000000000000e+01
2.480005416878667290e+02 1.700000000000000000e+01 2.000000000000000000e+01
2.490005416878666722e+02 1.800000000000000000e+01 1.900000000000000000e+01
2.500005416878666153e+02 1.800000000000000000e+01 2.100000000000000000e+01
2.510005416878665585e+02 1.900000000000000000e+01 2.200000000000000000e+01
2.520005416878665017e+02 2.000000000000000000e+01 2.500000000000000000e+01
2.530005416878664448e+02 2.000000000000000000e+01 2.200000000000000000e+01
2.540005416878663880e+02 2.100000000000000000e+01 2.100000000000000000e+01
2.550005416878663311e+02 1.900000000000000000e+01 2.500000000000000000e+01
2.560005416878663027e+02 2.000000000000000000e+01 2.700000000000000000e+01
2.570000069852905540e+02 1.900000000000000000e+01 2.600000000000000000e+01
2.580005416878667575e+02 1.800000000000000000e+01 2.600000000000000000e+01
2.590005416878669848e+02 1.800000000000000000e+01 2.400000000000000000e+01
2.600005416878672122e+02 1.700000000000000000e+01 1.900000000000000000e+01
2.610000921496107367e+02 1.900000000000000000e+01 1.400000000000000000e+01
2.620005416878676670e+02 1.600000000000000000e+01 9.000000000000000000e+00
2.630001432976213778e+02 1.400000000000000000e+01 9.000000000000000000e+00
2.640000175657311843e+02 1.300000000000000000e+01 7.000000000000000000e+00
2.650005416878683491e+02 1.100000000000000000e+01 7.000000000000000000e+00
2.660005416878685764e+02 8.000000000000000000e+00 8.000000000000000000e+00
2.670005416878688038e+02 7.000000000000000000e+00 8.000000000000000000e+00
2.680005416878690312e+02 6.000000000000000000e+00 8.000000000000000000e+00
2.690005416878692586e+02 7.000000000000000000e+00 6.000000000000000000e+00
2.700003531992044827e+02 7.000000000000000000e+00 5.000000000000000000e+00
2.710005416878697133e+02 7.000000000000000000e+00 5.000000000000000000e+00
2.720005416878699407e+02 7.000000000000000000e+00 5.000000000000000000e+00
2.730005416878701681e+02 7.000000000000000000e+00 5.000000000000000000e+00
2.740005416878703954e+02 8.000000000000000000e+00 5.000000000000000000e+00
2.750003982354405707e+02 7.000000000000000000e+00 5.000000000000000000e+00
2.760005416878708502e+02 7.000000000000000000e+00 4.000000000000000000e+00
2.770005416878710776e+02 8.000000000000000000e+00 5.000000000000000000e+00
2.780005416878713049e+02 8.000000000000000000e+00 6.000000000000000000e+00
2.790002150630691631e+02 7.000000000000000000e+00 5.000000000000000000e+00
2.800005416878717597e+02 7.000000000000000000e+00 4.000000000000000000e+00
2.810005416878719871e+02 7.000000000000000000e+00 4.000000000000000000e+00
2.820005416878722144e+02 8.000000000000000000e+00 1.000000000000000000e+00
2.830005416878724418e+02 9.000000000000000000e+00 3.000000000000000000e+00
2.840005416878726692e+02 1.000000000000000000e+01 1.000000000000000000e+00
2.850005416878728965e+02 1.000000000000000000e+01 3.000000000000000000e+00
2.860005416878731239e+02 1.100000000000000000e+01 4.000000000000000000e+00
2.870005416878733513e+02 1.100000000000000000e+01 3.000000000000000000e+00
2.880005416878735787e+02 1.300000000000000000e+01 4.000000000000000000e+00
2.890005064759415632e+02 1.400000000000000000e+01 5.000000000000000000e+00
2.900005416878740334e+02 1.400000000000000000e+01 5.000000000000000000e+00
2.910004067400014947e+02 1.500000000000000000e+01 5.000000000000000000e+00
2.920005416878744882e+02 1.500000000000000000e+01 6.000000000000000000e+00
2.930005416878747155e+02 1.500000000000000000e+01 6.000000000000000000e+00
2.940005416878749429e+02 1.600000000000000000e+01 3.000000000000000000e+00
2.950005416878751703e+02 1.700000000000000000e+01 5.000000000000000000e+00
2.960002650152896990e+02 1.700000000000000000e+01 5.000000000000000000e+00
2.970005416878756250e+02 1.600000000000000000e+01 6.000000000000000000e+00
2.980005416878758524e+02 1.900000000000000000e+01 5.000000000000000000e+00
2.990005416878760798e+02 1.900000000000000000e+01 6.000000000000000000e+00
3.000005416878763072e+02 1.900000000000000000e+01 7.000000000000000000e+00
