0.000000000000000000e+00 0.000000000000000000e+00 0.000000000000000000e+00
1.000056433266606204e+00 2.000000000000000000e+00 2.000000000000000000e+00
2.000056433266606870e+00 2.000000000000000000e+00 2.000000000000000000e+00
3.000056433266607758e+00 4.000000000000000000e+00 4.000000000000000000e+00
4.000056433266608202e+00 4.000000000000000000e+00 4.000000000000000000e+00
5.000056433266604650e+00 5.000000000000000000e+00 5.000000000000000000e+00
6.000056433266601097e+00 6.000000000000000000e+00 6.000000000000000000e+00
7.000056433266597544e+00 6.000000000000000000e+00 6.000000000000000000e+00
8.000056433266594880e+00 9.000000000000000000e+00 9.000000000000000000e+00
9.000056433266591327e+00 8.000000000000000000e+00 8.000000000000000000e+00
1.000005643326658777e+01 1.000000000000000000e+01 1.000000000000000000e+01
1.100005643326658422e+01 8.000000000000000000e+00 8.000000000000000000e+00
1.200005643326658067e+01 8.000000000000000000e+00 8.000000000000000000e+00
1.300005643326657712e+01 8.000000000000000000e+00 8.000000000000000000e+00
1.400005643326657356e+01 8.000000000000000000e+00 8.000000000000000000e+00
1.500005643326657001e+01 8.000000000000000000e+00 8.000000000000000000e+00
1.600005643326656823e+01 8.000000000000000000e+00 8.000000000000000000e+00
1.700005643326658245e+01 9.000000000000000000e+00 1.000000000000000000e+01
1.800005643326659666e+01 9.000000000000000000e+00 1.000000000000000000e+01
1.900005643326661087e+01 1.100000000000000000e+01 1.200000000000000000e+01
2.000005643326662508e+01 1.200000000000000000e+01 1.200000000000000000e+01
2.100005643326663929e+01 1.300000000000000000e+01 1.400000000000000000e+01
2.200005643326665350e+01 1.200000000000000000e+01 1.200000000000000000e+01
2.300005643326666771e+01 1.200000000000000000e+01 1.300000000000000000e+01
2.400005643326668192e+01 1.100000000000000000e+01 1.200000000000000000e+01
2.500005643326669613e+01 1.200000000000000000e+01 1.300000000000000000e+01
2.600005643326671034e+01 1.400000000000000000e+01 1.400000000000000000e+01
2.700005643326672455e+01 1.600000000000000000e+01 1.600000000000000000e+01
2.800005643326673876e+01 2.000000000000000000e+01 2.000000000000000000e+01
2.900005643326675298e+01 2.600000000000000000e+01 2.500000000000000000e+01
3.000005643326676719e+01 2.700000000000000000e+01 2.600000000000000000e+01
3.100005643326678140e+01 3.000000000000000000e+01 2.900000000000000000e+01
3.200005643326679206e+01 3.100000000000000000e+01 3.000000000000000000e+01
3.300005643326680627e+01 3.000000000000000000e+01 3.000000000000000000e+01
3.400005643326682048e+01 2.800000000000000000e+01 3.000000000000000000e+01
3.500005643326683469e+01 2.600000000000000000e+01 3.000000000000000000e+01
3.600005643326684890e+01 2.300000000000000000e+01 3.100000000000000000e+01
3.700005643326686311e+01 2.300000000000000000e+01 3.100000000000000000e+01
3.800005643326687732e+01 2.400000000000000000e+01 2.900000000000000000e+01
3.900005643326689153e+01 2.400000000000000000e+01 2.900000000000000000e+01
4.000005643326690574e+01 2.200000000000000000e+01 2.700000000000000000e+01
4.100005643326691995e+01 2.200000000000000000e+01 2.600000000000000000e+01
4.200005643326693416e+01 2.200000000000000000e+01 2.300000000000000000e+01
4.300005643326694837e+01 2.000000000000000000e+01 2.300000000000000000e+01
4.400005643326696259e+01 1.900000000000000000e+01 1.900000000000000000e+01
4.500005643326697680e+01 1.900000000000000000e+01 2.000000000000000000e+01
4.600005643326699101e+01 2.000000000000000000e+01 1.800000000000000000e+01
4.700005643326700522e+01 2.000000000000000000e+01 1.800000000000000000e+01
4.800005643326701943e+01 2.000000000000000000e+01 1.800000000000000000e+01
4.900005643326703364e+01 1.900000000000000000e+01 1.800000000000000000e+01
5.000005643326704785e+01 1.900000000000000000e+01 1.700000000000000000e+01
5.100005643326706206e+01 1.900000000000000000e+01 1.700000000000000000e+01
5.200005643326707627e+01 1.900000000000000000e+01 1.700000000000000000e+01
5.300005643326709048e+01 2.000000000000000000e+01 2.000000000000000000e+01
5.400005643326710469e+01 2.100000000000000000e+01 2.000000000000000000e+01
5.500005643326711890e+01 2.000000000000000000e+01 2.000000000000000000e+01
5.600005643326713312e+01 2.200000000000000000e+01 1.800000000000000000e+01
5.700005643326714733e+01 2.200000000000000000e+01 1.700000000000000000e+01
5.800005643326716154e+01 2.400000000000000000e+01 1.800000000000000000e+01
5.900005643326717575e+01 2.300000000000000000e+01 1.700000000000000000e+01
6.000005643326718996e+01 2.300000000000000000e+01 9.000000000000000000e+00
6.100005643326720417e+01 2.300000000000000000e+01 8.000000000000000000e+00
6.200005643326721838e+01 2.300000000000000000e+01 3.000000000000000000e+00
6.300005643326723259e+01 2.400000000000000000e+01 2.000000000000000000e+00
6.400005643326724680e+01 2.400000000000000000e+01 1.000000000000000000e+00
6.500005643326718996e+01 2.400000000000000000e+01 3.000000000000000000e+00
6.600005643326713312e+01 2.400000000000000000e+01 2.000000000000000000e+00
6.700005643326707627e+01 2.400000000000000000e+01 3.000000000000000000e+00
6.800000003616816002e+01 2.500000000000000000e+01 2.000000000000000000e+00
6.900005643326696259e+01 2.300000000000000000e+01 5.000000000000000000e+00
7.000005643326690574e+01 2.100000000000000000e+01 4.000000000000000000e+00
7.100005643326684890e+01 2.000000000000000000e+01 4.000000000000000000e+00
7.200005643326679206e+01 2.100000000000000000e+01 5.000000000000000000e+00
7.300003563377167382e+01 2.100000000000000000e+01 6.000000000000000000e+00
7.400005643326667837e+01 2.000000000000000000e+01 7.000000000000000000e+00
7.500005643326662153e+01 2.000000000000000000e+01 7.000000000000000000e+00
7.600005643326656468e+01 2.000000000000000000e+01 7.000000000000000000e+00
7.700005643326650784e+01 2.000000000000000000e+01 7.000000000000000000e+00
7.800005643326645099e+01 2.100000000000000000e+01 8.000000000000000000e+00
7.900005643326639415e+01 2.200000000000000000e+01 8.000000000000000000e+00
8.000005643326633731e+01 2.000000000000000000e+01 7.000000000000000000e+00
8.100005643326628046e+01 2.100000000000000000e+01 8.000000000000000000e+00
8.200005643326622362e+01 2.200000000000000000e+01 8.000000000000000000e+00
8.300005643326616678e+01 2.100000000000000000e+01 7.000000000000000000e+00
8.400005643326610993e+01 2.000000000000000000e+01 7.000000000000000000e+00
8.500005643326605309e+01 1.900000000000000000e+01 7.000000000000000000e+00
8.600005643326599625e+01 1.900000000000000000e+01 8.000000000000000000e+00
8.700005643326593940e+01 1.800000000000000000e+01 8.000000000000000000e+00
8.800005643326588256e+01 1.800000000000000000e+01 8.000000000000000000e+00
8.900005643326582572e+01 1.700000000000000000e+01 9.000000000000000000e+00
9.000005643326576887e+01 1.900000000000000000e+01 8.000000000000000000e+00
9.100005643326571203e+01 1.900000000000000000e+01 8.000000000000000000e+00
9.200005643326565519e+01 2.100000000000000000e+01 9.000000000000000000e+00
9.300005643326559834e+01 2.300000000000000000e+01 1.100000000000000000e+01
9.400005643326554150e+01 2.300000000000000000e+01 1.200000000000000000e+01
9.500005643326548466e+01 2.400000000000000000e+01 1.300000000000000000e+01
9.600005643326542781e+01 2.400000000000000000e+01 1.000000000000000000e+01
9.700005643326537097e+01 2.400000000000000000e+01 1.000000000000000000e+01
9.800005643326531413e+01 2.500000000000000000e+01 1.200000000000000000e+01
9.900005643326525728e+01 2.400000000000000000e+01 1.200000000000000000e+01
1.000000564332652004e+02 2.400000000000000000e+01 1.300000000000000000e+01
1.010000564332651436e+02 2.400000000000000000e+01 1.400000000000000000e+01
1.020000564332650868e+02 2.600000000000000000e+01 1.600000000000000000e+01
1.030000564332650299e+02 2.700000000000000000e+01 1.800000000000000000e+01
1.040000564332649731e+02 2.700000000000000000e+01 1.400000000000000000e+01
1.050000564332649162e+02 2.800000000000000000e+01 1.400000000000000000e+01
1.060000564332648594e+02 2.700000000000000000e+01 1.100000000000000000e+01
1.070000190368986210e+02 2.700000000000000000e+01 1.300000000000000000e+01
1.080000564332647457e+02 2.900000000000000000e+01 1.300000000000000000e+01
1.090000564332646888e+02 3.000000000000000000e+01 1.100000000000000000e+01
1.100000564332646320e+02 3.000000000000000000e+01 6.000000000000000000e+00
1.110000564332645752e+02 2.900000000000000000e+01 2.000000000000000000e+00
1.120000564332645183e+02 3.000000000000000000e+01 0.000000000000000000e+00
1.130000564332644615e+02 2.900000000000000000e+01 1.000000000000000000e+00
1.140000564332644046e+02 2.800000000000000000e+01 2.000000000000000000e+00
1.150000284226139513e+02 3.000000000000000000e+01 3.000000000000000000e+00
1.160000564332642909e+02 3.000000000000000000e+01 2.000000000000000000e+00
1.170000564332642341e+02 2.900000000000000000e+01 1.000000000000000000e+00
1.180000564332641773e+02 3.100000000000000000e+01 2.000000000000000000e+00
1.190000564332641204e+02 3.100000000000000000e+01 3.000000000000000000e+00
1.200000564332640636e+02 3.200000000000000000e+01 4.000000000000000000e+00
1.210000564332640067e+02 3.300000000000000000e+01 6.000000000000000000e+00
1.220000564332639499e+02 3.300000000000000000e+01 5.000000000000000000e+00
1.230000564332638930e+02 3.100000000000000000e+01 5.000000000000000000e+00
1.240000564332638362e+02 3.000000000000000000e+01 5.000000000000000000e+00
1.250000564332637794e+02 3.000000000000000000e+01 4.000000000000000000e+00
1.260000564332637225e+02 3.100000000000000000e+01 4.000000000000000000e+00
1.270000564332636657e+02 3.100000000000000000e+01 4.000000000000000000e+00
1.280000564332636088e+02 3.100000000000000000e+01 4.000000000000000000e+00
1.290000564332635520e+02 3.300000000000000000e+01 6.000000000000000000e+00
1.300000564332634951e+02 3.200000000000000000e+01 6.000000000000000000e+00
1.310000564332634383e+02 3.200000000000000000e+01 7.000000000000000000e+00
1.320000564332633815e+02 3.200000000000000000e+01 5.000000000000000000e+00
1.330000564332633246e+02 3.300000000000000000e+01 4.000000000000000000e+00
1.340000564332632678e+02 3.400000000000000000e+01 5.000000000000000000e+00
1.350000564332632109e+02 3.500000000000000000e+01 3.000000000000000000e+00
1.360000564332631541e+02 3.500000000000000000e+01 4.000000000000000000e+00
1.370000564332630972e+02 3.500000000000000000e+01 5.000000000000000000e+00
1.380000564332630404e+02 3.500000000000000000e+01 5.000000000000000000e+00
1.390000564332629835e+02 3.500000000000000000e+01 6.000000000000000000e+00
1.400000564332629267e+02 3.600000000000000000e+01 6.000000000000000000e+00
1.410000564332628699e+02 3.600000000000000000e+01 7.000000000000000000e+00
1.420000564332628130e+02 3.900000000000000000e+01 7.000000000000000000e+00
1.430000564332627562e+02 3.900000000000000000e+01 8.000000000000000000e+00
1.440000564332626993e+02 4.000000000000000000e+01 8.000000000000000000e+00
1.450000564332626425e+02 4.100000000000000000e+01 1.000000000000000000e+01
1.460000564332625856e+02 3.900000000000000000e+01 8.000000000000000000e+00
1.470000564332625288e+02 4.000000000000000000e+01 8.000000000000000000e+00
1.480000564332624720e+02 4.200000000000000000e+01 1.000000000000000000e+01
1.490000564332624151e+02 4.200000000000000000e+01 1.200000000000000000e+01
1.500000564332623583e+02 4.200000000000000000e+01 1.200000000000000000e+01
1.510000337014031970e+02 4.400000000000000000e+01 1.300000000000000000e+01
1.520000564332622446e+02 4.600000000000000000e+01 1.500000000000000000e+01
1.530000564332621877e+02 4.400000000000000000e+01 1.200000000000000000e+01
1.540000564332621309e+02 4.200000000000000000e+01 1.200000000000000000e+01
1.550000564332620741e+02 4.100000000000000000e+01 1.200000000000000000e+01
1.560000564332620172e+02 4.100000000000000000e+01 1.300000000000000000e+01
1.570000564332619604e+02 4.000000000000000000e+01 1.200000000000000000e+01
1.580000564332619035e+02 3.700000000000000000e+01 9.000000000000000000e+00
1.590000564332618467e+02 3.500000000000000000e+01 1.000000000000000000e+01
1.600000564332617898e+02 3.400000000000000000e+01 1.000000000000000000e+01
1.610000564332617330e+02 3.300000000000000000e+01 1.000000000000000000e+01
1.620000564332616761e+02 3.300000000000000000e+01 1.200000000000000000e+01
1.630000564332616193e+02 3.400000000000000000e+01 1.300000000000000000e+01
1.640000564332615625e+02 3.300000000000000000e+01 1.300000000000000000e+01
1.650000564332615056e+02 3.400000000000000000e+01 1.200000000000000000e+01
1.660000564332614488e+02 3.300000000000000000e+01 1.300000000000000000e+01
1.670000564332613919e+02 3.200000000000000000e+01 1.400000000000000000e+01
1.680000564332613351e+02 3.100000000000000000e+01 1.500000000000000000e+01
1.690000564332612782e+02 2.700000000000000000e+01 1.600000000000000000e+01
1.700000564332612214e+02 2.300000000000000000e+01 1.600000000000000000e+01
1.710000564332611646e+02 2.300000000000000000e+01 1.600000000000000000e+01
1.720000564332611077e+02 2.400000000000000000e+01 1.900000000000000000e+01
1.730000564332610509e+02 2.700000000000000000e+01 1.900000000000000000e+01
1.740000564332609940e+02 2.800000000000000000e+01 2.000000000000000000e+01
1.750000564332609372e+02 2.600000000000000000e+01 2.000000000000000000e+01
1.760000564332608803e+02 2.800000000000000000e+01 2.100000000000000000e+01
1.770000564332608235e+02 3.000000000000000000e+01 2.100000000000000000e+01
1.780000564332607667e+02 3.100000000000000000e+01 2.200000000000000000e+01
1.790000564332607098e+02 2.800000000000000000e+01 2.200000000000000000e+01
1.800000564332606530e+02 2.600000000000000000e+01 2.000000000000000000e+01
1.810000564332605961e+02 2.600000000000000000e+01 2.000000000000000000e+01
1.820000564332605393e+02 2.400000000000000000e+01 2.000000000000000000e+01
1.830000564332604824e+02 1.700000000000000000e+01 1.900000000000000000e+01
1.840000564332604256e+02 1.600000000000000000e+01 1.900000000000000000e+01
1.850000564332603687e+02 1.600000000000000000e+01 1.600000000000000000e+01
1.860000564332603119e+02 1.600000000000000000e+01 1.500000000000000000e+01
1.870000564332602551e+02 1.600000000000000000e+01 1.200000000000000000e+01
1.880000564332601982e+02 1.600000000000000000e+01 1.100000000000000000e+01
1.890000564332601414e+02 1.600000000000000000e+01 1.000000000000000000e+01
1.900000564332600845e+02 1.600000000000000000e+01 1.000000000000000000e+01
1.910000498740463115e+02 1.500000000000000000e+01 1.100000000000000000e+01
1.920000564332599708e+02 1.500000000000000000e+01 1.200000000000000000e+01
1.930000564332599140e+02 1.500000000000000000e+01 1.100000000000000000e+01
1.940000564332598572e+02 1.700000000000000000e+01 1.200000000000000000e+01
1.950000564332598003e+02 1.700000000000000000e+01 1.300000000000000000e+01
1.960000564332597435e+02 1.800000000000000000e+01 1.300000000000000000e+01
1.970000564332596866e+02 1.800000000000000000e+01 1.300000000000000000e+01
1.980000564332596298e+02 1.900000000000000000e+01 1.400000000000000000e+01
1.990000564332595729e+02 1.600000000000000000e+01 1.300000000000000000e+01
2.000000564332595161e+02 1.200000000000000000e+01 1.400000000000000000e+01
2.010000564332594593e+02 9.000000000000000000e+00 1.400000000000000000e+01
2.020000564332594024e+02 1.100000000000000000e+01 1.500000000000000000e+01
2.030000564332593456e+02 1.200000000000000000e+01 1.500000000000000000e+01
2.040000564332592887e+02 1.200000000000000000e+01 1.400000000000000000e+01
2.050000564332592319e+02 1.200000000000000000e+01 1.000000000000000000e+01
2.060000564332591750e+02 1.100000000000000000e+01 1.100000000000000000e+01
2.070000564332591182e+02 1.100000000000000000e+01 1.100000000000000000e+01
2.080000564332590614e+02 1.200000000000000000e+01 1.000000000000000000e+01
2.090000564332590045e+02 1.200000000000000000e+01 1.100000000000000000e+01
2.100000564332589477e+02 1.600000000000000000e+01 1.200000000000000000e+01
2.110000564332588908e+02 1.600000000000000000e+01 1.200000000000000000e+01
2.120000564332588340e+02 1.600000000000000000e+01 1.300000000000000000e+01
2.130000564332587771e+02 1.600000000000000000e+01 1.400000000000000000e+01
2.140000564332587203e+02 1.700000000000000000e+01 1.500000000000000000e+01
2.150000564332586634e+02 1.900000000000000000e+01 1.300000000000000000e+01
2.160000564332586066e+02 2.000000000000000000e+01 1.400000000000000000e+01
2.170000564332585498e+02 2.100000000000000000e+01 1.500000000000000000e+01
2.180000564332584929e+02 2.300000000000000000e+01 1.500000000000000000e+01
2.190000564332584361e+02 2.200000000000000000e+01 1.600000000000000000e+01
2.200000564332583792e+02 2.300000000000000000e+01 1.600000000000000000e+01
2.210000564332583224e+02 2.300000000000000000e+01 1.600000000000000000e+01
2.220000564332582655e+02 2.500000000000000000e+01 1.800000000000000000e+01
2.230000564332582087e+02 2.700000000000000000e+01 1.900000000000000000e+01
2.240000564332581519e+02 2.600000000000000000e+01 1.900000000000000000e+01
2.250000564332580950e+02 2.300000000000000000e+01 1.900000000000000000e+01
2.260000564332580382e+02 2.400000000000000000e+01 2.200000000000000000e+01
2.270000564332579813e+02 2.500000000000000000e+01 2.100000000000000000e+01
2.280000564332579245e+02 2.500000000000000000e+01 2.200000000000000000e+01
2.290000564332578676e+02 2.500000000000000000e+01 2.200000000000000000e+01
2.300000564332578108e+02 2.500000000000000000e+01 2.200000000000000000e+01
2.310000564332577540e+02 2.600000000000000000e+01 2.300000000000000000e+01
2.320000564332576971e+02 2.800000000000000000e+01 2.500000000000000000e+01
2.330000564332576403e+02 2.500000000000000000e+01 2.400000000000000000e+01
2.340000564332575834e+02 2.400000000000000000e+01 2.300000000000000000e+01
2.350000564332575266e+02 2.100000000000000000e+01 2.000000000000000000e+01
2.360000564332574697e+02 2.200000000000000000e+01 1.300000000000000000e+01
2.370000564332574129e+02 2.100000000000000000e+01 1.300000000000000000e+01
2.380000564332573560e+02 2.000000000000000000e+01 1.300000000000000000e+01
2.390000564332572992e+02 2.100000000000000000e+01 1.500000000000000000e+01
2.400000564332572424e+02 2.100000000000000000e+01 1.700000000000000000e+01
2.410000564332571855e+02 2.100000000000000000e+01 2.000000000000000000e+01
2.420000564332571287e+02 2.300000000000000000e+01 1.900000000000000000e+01
2.430000564332570718e+02 2.400000000000000000e+01 1.800000000000000000e+01
2.440000564332570150e+02 2.400000000000000000e+01 2.000000000000000000e+01
2.450000564332569581e+02 2.400000000000000000e+01 1.900000000000000000e+01
2.460000564332569013e+02 2.500000000000000000e+01 1.400000000000000000e+01
2.470000564332568445e+02 2.400000000000000000e+01 1.100000000000000000e+01
2.480000564332567876e+02 2.200000000000000000e+01 1.000000000000000000e+01
2.490000564332567308e+02 2.100000000000000000e+01 8.000000000000000000e+00
2.500000564332566739e+02 2.200000000000000000e+01 9.000000000000000000e+00
2.510000564332566171e+02 1.600000000000000000e+01 9.000000000000000000e+00
2.520000564332565602e+02 1.300000000000000000e+01 9.000000000000000000e+00
2.530000564332565034e+02 1.200000000000000000e+01 1.000000000000000000e+01
2.540000179011983619e+02 1.300000000000000000e+01 1.100000000000000000e+01
2.550000564332563897e+02 1.200000000000000000e+01 9.000000000000000000e+00
2.560000564332563613e+02 1.100000000000000000e+01 9.000000000000000000e+00
2.570000564332565887e+02 1.100000000000000000e+01 9.000000000000000000e+00
2.580000564332568160e+02 1.100000000000000000e+01 1.000000000000000000e+01
2.590000564332570434e+02 1.200000000000000000e+01 8.000000000000000000e+00
2.600000564332572708e+02 1.300000000000000000e+01 9.000000000000000000e+00
2.610000564332574982e+02 1.200000000000000000e+01 1.000000000000000000e+01
2.620000564332577255e+02 1.100000000000000000e+01 5.000000000000000000e+00
2.630000564332579529e+02 1.200000000000000000e+01 3.000000000000000000e+00
2.640000564332581803e+02 1.100000000000000000e+01 4.000000000000000000e+00
2.650000564332584077e+02 1.200000000000000000e+01 5.000000000000000000e+00
2.660000564332586350e+02 1.100000000000000000e+01 4.000000000000000000e+00
2.670000564332588624e+02 1.000000000000000000e+01 4.000000000000000000e+00
2.680000564332590898e+02 1.000000000000000000e+01 4.000000000000000000e+00
2.690000564332593171e+02 1.000000000000000000e+01 5.000000000000000000e+00
2.700000564332595445e+02 1.000000000000000000e+01 6.000000000000000000e+00
2.710000564332597719e+02 1.100000000000000000e+01 7.000000000000000000e+00
2.720000564332599993e+02 1.300000000000000000e+01 7.000000000000000000e+00
2.730000564332602266e+02 1.300000000000000000e+01 7.000000000000000000e+00
2.740000564332604540e+02 1.500000000000000000e+01 7.000000000000000000e+00
2.750000564332606814e+02 1.300000000000000000e+01 6.000000000000000000e+00
2.760000564332609088e+02 1.500000000000000000e+01 7.000000000000000000e+00
2.770000564332611361e+02 1.600000000000000000e+01 7.000000000000000000e+00
2.780000564332613635e+02 1.700000000000000000e+01 6.000000000000000000e+00
2.790000564332615909e+02 1.900000000000000000e+01 5.000000000000000000e+00
2.800000564332618183e+02 1.900000000000000000e+01 5.000000000000000000e+00
2.810000564332620456e+02 2.200000000000000000e+01 5.000000000000000000e+00
2.820000564332622730e+02 2.400000000000000000e+01 6.000000000000000000e+00
2.830000564332625004e+02 2.400000000000000000e+01 6.000000000000000000e+00
2.840000564332627278e+02 2.400000000000000000e+01 7.000000000000000000e+00
2.850000564332629551e+02 2.300000000000000000e+01 8.000000000000000000e+00
2.860000564332631825e+02 2.100000000000000000e+01 7.000000000000000000e+00
2.870000564332634099e+02 2.200000000000000000e+01 8.000000000000000000e+00
2.880000564332636372e+02 1.700000000000000000e+01 7.000000000000000000e+00
2.890000564332638646e+02 1.600000000000000000e+01 6.000000000000000000e+00
2.900000564332640920e+02 1.600000000000000000e+01 6.000000000000000000e+00
2.910000564332643194e+02 1.500000000000000000e+01 6.000000000000000000e+00
2.920000564332645467e+02 1.600000000000000000e+01 6.000000000000000000e+00
2.930000564332647741e+02 1.800000000000000000e+01 6.000000000000000000e+00
2.940000564332650015e+02 1.800000000000000000e+01 8.000000000000000000e+00
2.950000564332652289e+02 1.700000000000000000e+01 9.000000000000000000e+00
2.960000564332654562e+02 1.800000000000000000e+01 9.000000000000000000e+00
2.970000564332656836e+02 1.800000000000000000e+01 9.000000000000000000e+00
2.980000564332659110e+02 1.600000000000000000e+01 9.000000000000000000e+00
2.990000564332661384e+02 1.600000000000000000e+01 1.000000000000000000e+01
3.000000564332663657e+02 1.700000000000000000e+01 8.000000000000000000e+00
