0.000000000000000000e+00 0.000000000000000000e+00 0.000000000000000000e+00
1.000036819711178637e+00 3.000000000000000000e+00 3.000000000000000000e+00
2.000036819711179525e+00 4.000000000000000000e+00 4.000000000000000000e+00
3.000036819711180414e+00 6.000000000000000000e+00 6.000000000000000000e+00
4.000036819711181302e+00 8.000000000000000000e+00 8.000000000000000000e+00
5.000036819711177749e+00 9.000000000000000000e+00 9.000000000000000000e+00
6.000036819711174196e+00 9.000000000000000000e+00 9.000000000000000000e+00
7.000036819711170644e+00 9.000000000000000000e+00 9.000000000000000000e+00
8.000036819711167979e+00 9.000000000000000000e+00 9.000000000000000000e+00
9.000036819711164426e+00 1.000000000000000000e+01 1.000000000000000000e+01
1.000003681971116087e+01 9.000000000000000000e+00 9.000000000000000000e+00
1.100003681971115732e+01 9.000000000000000000e+00 9.000000000000000000e+00
1.200003681971115377e+01 1.000000000000000000e+01 1.000000000000000000e+01
1.300003681971115022e+01 1.100000000000000000e+01 1.100000000000000000e+01
1.400003681971114666e+01 1.000000000000000000e+01 1.000000000000000000e+01
1.500003681971114311e+01 1.000000000000000000e+01 1.000000000000000000e+01
1.600003681971114133e+01 9.000000000000000000e+00 9.000000000000000000e+00
1.700003681971115554e+01 9.000000000000000000e+00 8.000000000000000000e+00
1.800003681971116976e+01 1.000000000000000000e+01 9.000000000000000000e+00
1.900003681971118397e+01 9.000000000000000000e+00 8.000000000000000000e+00
2.000003681971119818e+01 8.000000000000000000e+00 7.000000000000000000e+00
2.100003681971121239e+01 8.000000000000000000e+00 6.000000000000000000e+00
2.200003681971122660e+01 9.000000000000000000e+00 8.000000000000000000e+00
2.300003681971124081e+01 1.100000000000000000e+01 1.000000000000000000e+01
2.400003681971125502e+01 1.000000000000000000e+01 9.000000000000000000e+00
2.500003681971126923e+01 1.000000000000000000e+01 9.000000000000000000e+00
2.600003681971128344e+01 1.000000000000000000e+01 7.000000000000000000e+00
2.700003681971129765e+01 1.100000000000000000e+01 6.000000000000000000e+00
2.800003681971131186e+01 1.100000000000000000e+01 5.000000000000000000e+00
2.900003681971132607e+01 1.200000000000000000e+01 6.000000000000000000e+00
3.000003681971134029e+01 1.200000000000000000e+01 5.000000000000000000e+00
3.100003681971135450e+01 1.200000000000000000e+01 5.000000000000000000e+00
3.200003681971136871e+01 1.300000000000000000e+01 6.000000000000000000e+00
3.300003681971138292e+01 1.300000000000000000e+01 6.000000000000000000e+00
3.400003681971139713e+01 1.400000000000000000e+01 7.000000000000000000e+00
3.500003681971141134e+01 1.400000000000000000e+01 9.000000000000000000e+00
3.600003681971142555e+01 1.400000000000000000e+01 9.000000000000000000e+00
3.700003681971143976e+01 1.300000000000000000e+01 9.000000000000000000e+00
3.800003681971145397e+01 1.400000000000000000e+01 9.000000000000000000e+00
3.900003681971146818e+01 1.300000000000000000e+01 1.000000000000000000e+01
4.000003681971148239e+01 1.100000000000000000e+01 1.100000000000000000e+01
4.100003681971149661e+01 1.200000000000000000e+01 1.200000000000000000e+01
4.200003681971151082e+01 1.100000000000000000e+01 1.200000000000000000e+01
4.300003681971152503e+01 1.100000000000000000e+01 1.200000000000000000e+01
4.400003681971153924e+01 9.000000000000000000e+00 1.200000000000000000e+01
4.500003681971155345e+01 1.000000000000000000e+01 1.200000000000000000e+01
4.600003681971156766e+01 1.000000000000000000e+01 1.100000000000000000e+01
4.700003681971158187e+01 1.000000000000000000e+01 1.000000000000000000e+01
4.800003681971159608e+01 1.100000000000000000e+01 9.000000000000000000e+00
4.900003681971161029e+01 1.000000000000000000e+01 1.000000000000000000e+01
5.000003681971162450e+01 9.000000000000000000e+00 9.000000000000000000e+00
5.100003681971163871e+01 1.200000000000000000e+01 1.400000000000000000e+01
5.200003681971165292e+01 1.200000000000000000e+01 1.400000000000000000e+01
5.300003681971166714e+01 1.300000000000000000e+01 1.300000000000000000e+01
5.400003681971168135e+01 1.200000000000000000e+01 1.300000000000000000e+01
5.500003681971169556e+01 1.200000000000000000e+01 1.300000000000000000e+01
5.600003681971170977e+01 1.300000000000000000e+01 1.400000000000000000e+01
5.700003681971172398e+01 1.400000000000000000e+01 1.600000000000000000e+01
5.800003681971173819e+01 1.300000000000000000e+01 1.700000000000000000e+01
5.900003681971175240e+01 1.200000000000000000e+01 1.600000000000000000e+01
6.000003681971176661e+01 1.300000000000000000e+01 1.600000000000000000e+01
6.100003681971178082e+01 1.400000000000000000e+01 1.900000000000000000e+01
6.200003681971179503e+01 1.400000000000000000e+01 2.200000000000000000e+01
6.300003681971180924e+01 1.400000000000000000e+01 2.100000000000000000e+01
6.400003681971182345e+01 1.200000000000000000e+01 2.300000000000000000e+01
6.500003681971176661e+01 1.000000000000000000e+01 2.300000000000000000e+01
6.600003681971170977e+01 6.000000000000000000e+00 2.300000000000000000e+01
6.700003681971165292e+01 6.000000000000000000e+00 2.000000000000000000e+01
6.800003681971159608e+01 9.000000000000000000e+00 2.100000000000000000e+01
6.900003681971153924e+01 1.100000000000000000e+01 1.900000000000000000e+01
7.000003681971148239e+01 1.100000000000000000e+01 1.900000000000000000e+01
7.100003681971142555e+01 1.000000000000000000e+01 2.000000000000000000e+01
7.200003681971136871e+01 1.200000000000000000e+01 2.100000000000000000e+01
7.300003681971131186e+01 1.300000000000000000e+01 2.200000000000000000e+01
7.400003681971125502e+01 1.300000000000000000e+01 2.200000000000000000e+01
7.500003681971119818e+01 1.200000000000000000e+01 2.100000000000000000e+01
7.600003681971114133e+01 1.400000000000000000e+01 2.300000000000000000e+01
7.700003681971108449e+01 1.600000000000000000e+01 2.400000000000000000e+01
7.800003681971102765e+01 1.600000000000000000e+01 2.200000000000000000e+01
7.900003681971097080e+01 1.700000000000000000e+01 2.200000000000000000e+01
8.000003681971091396e+01 1.700000000000000000e+01 2.000000000000000000e+01
8.100003681971085712e+01 1.700000000000000000e+01 1.900000000000000000e+01
8.200003681971080027e+01 1.400000000000000000e+01 1.700000000000000000e+01
8.300003681971074343e+01 1.200000000000000000e+01 1.600000000000000000e+01
8.400003681971068659e+01 1.200000000000000000e+01 1.500000000000000000e+01
8.500003681971062974e+01 1.200000000000000000e+01 1.500000000000000000e+01
8.600003681971057290e+01 1.300000000000000000e+01 1.600000000000000000e+01
8.700003681971051606e+01 1.400000000000000000e+01 1.500000000000000000e+01
8.800003681971045921e+01 1.100000000000000000e+01 1.500000000000000000e+01
8.900003681971040237e+01 1.100000000000000000e+01 1.500000000000000000e+01
9.000003681971034553e+01 1.400000000000000000e+01 1.800000000000000000e+01
9.100003681971028868e+01 1.500000000000000000e+01 1.400000000000000000e+01
9.200003681971023184e+01 1.600000000000000000e+01 1.300000000000000000e+01
9.300003681971017500e+01 1.400000000000000000e+01 1.200000000000000000e+01
9.400003681971011815e+01 1.300000000000000000e+01 1.200000000000000000e+01
9.500003681971006131e+01 1.300000000000000000e+01 1.200000000000000000e+01
9.600003681971000447e+01 1.300000000000000000e+01 1.200000000000000000e+01
9.700003681970994762e+01 1.200000000000000000e+01 1.200000000000000000e+01
9.800003681970989078e+01 1.300000000000000000e+01 1.300000000000000000e+01
9.900003681970983394e+01 1.400000000000000000e+01 1.500000000000000000e+01
1.000000368197097771e+02 1.400000000000000000e+01 1.500000000000000000e+01
1.010000368197097202e+02 1.800000000000000000e+01 1.800000000000000000e+01
1.020000368197096634e+02 1.700000000000000000e+01 1.800000000000000000e+01
1.030000368197096066e+02 1.700000000000000000e+01 1.800000000000000000e+01
1.040000368197095497e+02 1.600000000000000000e+01 1.900000000000000000e+01
1.050000368197094929e+02 1.500000000000000000e+01 1.900000000000000000e+01
1.060000368197094360e+02 1.300000000000000000e+01 1.900000000000000000e+01
1.070000368197093792e+02 1.400000000000000000e+01 2.000000000000000000e+01
1.080000368197093223e+02 9.000000000000000000e+00 2.100000000000000000e+01
1.090000368197092655e+02 7.000000000000000000e+00 2.100000000000000000e+01
1.100000368197092087e+02 7.000000000000000000e+00 2.100000000000000000e+01
1.110000368197091518e+02 7.000000000000000000e+00 2.200000000000000000e+01
1.120000368197090950e+02 6.000000000000000000e+00 2.100000000000000000e+01
1.130000368197090381e+02 6.000000000000000000e+00 2.200000000000000000e+01
1.140000368197089813e+02 7.000000000000000000e+00 2.300000000000000000e+01
1.150000368197089244e+02 8.000000000000000000e+00 2.300000000000000000e+01
1.160000368197088676e+02 8.000000000000000000e+00 2.300000000000000000e+01
1.170000368197088108e+02 8.000000000000000000e+00 2.300000000000000000e+01
1.180000368197087539e+02 7.000000000000000000e+00 2.300000000000000000e+01
1.190000368197086971e+02 9.000000000000000000e+00 2.400000000000000000e+01
1.200000368197086402e+02 1.000000000000000000e+01 2.500000000000000000e+01
1.210000213939387521e+02 1.200000000000000000e+01 2.500000000000000000e+01
1.220000368197085265e+02 1.400000000000000000e+01 2.500000000000000000e+01
1.230000368197084697e+02 1.500000000000000000e+01 2.500000000000000000e+01
1.240000368197084128e+02 1.500000000000000000e+01 2.500000000000000000e+01
1.250000368197083560e+02 1.600000000000000000e+01 2.600000000000000000e+01
1.260000368197082992e+02 1.800000000000000000e+01 2.700000000000000000e+01
1.270000368197082423e+02 2.000000000000000000e+01 2.700000000000000000e+01
1.280000368197081855e+02 1.900000000000000000e+01 2.700000000000000000e+01
1.290000368197081286e+02 1.900000000000000000e+01 2.700000000000000000e+01
1.300000368197080718e+02 2.000000000000000000e+01 2.700000000000000000e+01
1.310000368197080149e+02 2.200000000000000000e+01 2.800000000000000000e+01
1.320000368197079581e+02 2.100000000000000000e+01 2.800000000000000000e+01
1.330000368197079013e+02 2.100000000000000000e+01 2.800000000000000000e+01
1.340000368197078444e+02 2.100000000000000000e+01 2.800000000000000000e+01
1.350000368197077876e+02 1.700000000000000000e+01 2.900000000000000000e+01
1.360000368197077307e+02 1.500000000000000000e+01 3.100000000000000000e+01
1.370000368197076739e+02 1.500000000000000000e+01 3.000000000000000000e+01
1.380000368197076170e+02 1.500000000000000000e+01 2.500000000000000000e+01
1.390000368197075602e+02 1.500000000000000000e+01 2.100000000000000000e+01
1.400000368197075034e+02 1.700000000000000000e+01 2.000000000000000000e+01
1.410000368197074465e+02 1.700000000000000000e+01 2.100000000000000000e+01
1.420000368197073897e+02 1.700000000000000000e+01 1.900000000000000000e+01
1.430000368197073328e+02 1.700000000000000000e+01 1.700000000000000000e+01
1.440000368197072760e+02 1.800000000000000000e+01 1.700000000000000000e+01
1.450000368197072191e+02 1.700000000000000000e+01 2.000000000000000000e+01
1.460000368197071623e+02 1.800000000000000000e+01 1.800000000000000000e+01
1.470000368197071055e+02 1.800000000000000000e+01 1.800000000000000000e+01
1.480000368197070486e+02 1.700000000000000000e+01 1.800000000000000000e+01
1.490000368197069918e+02 1.700000000000000000e+01 1.800000000000000000e+01
1.500000368197069349e+02 1.700000000000000000e+01 1.900000000000000000e+01
1.510000368197068781e+02 1.800000000000000000e+01 1.800000000000000000e+01
1.520000368197068212e+02 1.800000000000000000e+01 1.500000000000000000e+01
1.530000368197067644e+02 1.600000000000000000e+01 1.500000000000000000e+01
1.540000368197067075e+02 1.600000000000000000e+01 1.400000000000000000e+01
1.550000368197066507e+02 1.600000000000000000e+01 1.400000000000000000e+01
1.560000368197065939e+02 1.600000000000000000e+01 1.200000000000000000e+01
1.570000368197065370e+02 1.400000000000000000e+01 1.200000000000000000e+01
1.580000368197064802e+02 1.500000000000000000e+01 9.000000000000000000e+00
1.590000368197064233e+02 1.500000000000000000e+01 8.000000000000000000e+00
1.600000368197063665e+02 1.400000000000000000e+01 7.000000000000000000e+00
1.610000368197063096e+02 1.500000000000000000e+01 4.000000000000000000e+00
1.620000368197062528e+02 1.500000000000000000e+01 3.000000000000000000e+00
1.630000368197061960e+02 1.700000000000000000e+01 1.000000000000000000e+00
1.640000368197061391e+02 1.300000000000000000e+01 2.000000000000000000e+00
1.650000368197060823e+02 8.000000000000000000e+00 2.000000000000000000e+00
1.660000368197060254e+02 9.000000000000000000e+00 3.000000000000000000e+00
1.670000368197059686e+02 9.000000000000000000e+00 4.000000000000000000e+00
1.680000368197059117e+02 1.000000000000000000e+01 5.000000000000000000e+00
1.690000368197058549e+02 9.000000000000000000e+00 6.000000000000000000e+00
1.700000368197057981e+02 5.000000000000000000e+00 5.000000000000000000e+00
1.710000368197057412e+02 4.000000000000000000e+00 6.000000000000000000e+00
1.720000368197056844e+02 3.000000000000000000e+00 9.000000000000000000e+00
1.730000368197056275e+02 3.000000000000000000e+00 1.100000000000000000e+01
1.740000368197055707e+02 3.000000000000000000e+00 1.100000000000000000e+01
1.750000368197055138e+02 3.000000000000000000e+00 1.200000000000000000e+01
1.760000368197054570e+02 2.000000000000000000e+00 1.100000000000000000e+01
1.770000368197054001e+02 1.000000000000000000e+00 1.100000000000000000e+01
1.780000368197053433e+02 1.000000000000000000e+00 1.400000000000000000e+01
1.790000368197052865e+02 1.000000000000000000e+00 1.600000000000000000e+01
1.800000368197052296e+02 3.000000000000000000e+00 1.700000000000000000e+01
1.810000368197051728e+02 3.000000000000000000e+00 1.500000000000000000e+01
1.820000368197051159e+02 2.000000000000000000e+00 1.500000000000000000e+01
1.830000368197050591e+02 4.000000000000000000e+00 1.600000000000000000e+01
1.840000368197050022e+02 5.000000000000000000e+00 1.400000000000000000e+01
1.850000368197049454e+02 5.000000000000000000e+00 1.200000000000000000e+01
1.860000368197048886e+02 5.000000000000000000e+00 1.200000000000000000e+01
1.870000368197048317e+02 6.000000000000000000e+00 1.200000000000000000e+01
1.880000368197047749e+02 6.000000000000000000e+00 1.300000000000000000e+01
1.890000368197047180e+02 5.000000000000000000e+00 1.500000000000000000e+01
1.900000368197046612e+02 5.000000000000000000e+00 1.600000000000000000e+01
1.910000368197046043e+02 7.000000000000000000e+00 1.800000000000000000e+01
1.920000368197045475e+02 8.000000000000000000e+00 1.900000000000000000e+01
1.930000368197044907e+02 7.000000000000000000e+00 2.000000000000000000e+01
1.940000368197044338e+02 7.000000000000000000e+00 2.100000000000000000e+01
1.950000368197043770e+02 8.000000000000000000e+00 2.200000000000000000e+01
1.960000368197043201e+02 9.000000000000000000e+00 2.200000000000000000e+01
1.970000368197042633e+02 1.100000000000000000e+01 2.400000000000000000e+01
1.980000368197042064e+02 1.100000000000000000e+01 2.400000000000000000e+01
1.990000368197041496e+02 1.000000000000000000e+01 2.300000000000000000e+01
2.000000368197040927e+02 1.100000000000000000e+01 2.400000000000000000e+01
2.010000368197040359e+02 9.000000000000000000e+00 2.000000000000000000e+01
2.020000368197039791e+02 9.000000000000000000e+00 2.100000000000000000e+01
2.030000368197039222e+02 8.000000000000000000e+00 2.000000000000000000e+01
2.040000368197038654e+02 5.000000000000000000e+00 1.900000000000000000e+01
2.050000368197038085e+02 5.000000000000000000e+00 1.800000000000000000e+01
2.060000368197037517e+02 5.000000000000000000e+00 1.600000000000000000e+01
2.070000368197036948e+02 3.000000000000000000e+00 1.600000000000000000e+01
2.080000368197036380e+02 2.000000000000000000e+00 1.700000000000000000e+01
2.090000368197035812e+02 2.000000000000000000e+00 1.800000000000000000e+01
2.100000368197035243e+02 4.000000000000000000e+00 2.000000000000000000e+01
2.110000368197034675e+02 6.000000000000000000e+00 1.800000000000000000e+01
2.120000368197034106e+02 6.000000000000000000e+00 1.900000000000000000e+01
2.130000368197033538e+02 8.000000000000000000e+00 2.000000000000000000e+01
2.140000368197032969e+02 1.100000000000000000e+01 2.000000000000000000e+01
2.150000368197032401e+02 1.100000000000000000e+01 2.000000000000000000e+01
2.160000368197031833e+02 1.100000000000000000e+01 1.700000000000000000e+01
2.170000368197031264e+02 1.100000000000000000e+01 1.800000000000000000e+01
2.180000368197030696e+02 1.200000000000000000e+01 9.000000000000000000e+00
2.190000368197030127e+02 1.400000000000000000e+01 8.000000000000000000e+00
2.200000368197029559e+02 1.600000000000000000e+01 9.000000000000000000e+00
2.210000368197028990e+02 1.400000000000000000e+01 9.000000000000000000e+00
2.220000368197028422e+02 1.500000000000000000e+01 9.000000000000000000e+00
2.230000368197027854e+02 1.600000000000000000e+01 1.100000000000000000e+01
2.240000368197027285e+02 1.600000000000000000e+01 1.100000000000000000e+01
2.250000368197026717e+02 1.900000000000000000e+01 1.000000000000000000e+01
2.260000368197026148e+02 1.900000000000000000e+01 1.100000000000000000e+01
2.270000368197025580e+02 1.900000000000000000e+01 1.100000000000000000e+01
2.280000368197025011e+02 2.000000000000000000e+01 1.000000000000000000e+01
2.290000368197024443e+02 2.100000000000000000e+01 1.100000000000000000e+01
2.300000368197023874e+02 2.200000000000000000e+01 1.100000000000000000e+01
2.310000368197023306e+02 2.200000000000000000e+01 1.200000000000000000e+01
2.320000368197022738e+02 2.200000000000000000e+01 1.100000000000000000e+01
2.330000368197022169e+02 2.200000000000000000e+01 1.300000000000000000e+01
2.340000368197021601e+02 2.200000000000000000e+01 1.100000000000000000e+01
2.350000368197021032e+02 2.100000000000000000e+01 1.200000000000000000e+01
2.360000368197020464e+02 2.000000000000000000e+01 1.200000000000000000e+01
2.370000368197019895e+02 2.000000000000000000e+01 1.200000000000000000e+01
2.380000368197019327e+02 1.800000000000000000e+01 1.400000000000000000e+01
2.390000368197018759e+02 1.700000000000000000e+01 1.600000000000000000e+01
2.400000368197018190e+02 1.700000000000000000e+01 1.600000000000000000e+01
2.410000368197017622e+02 1.500000000000000000e+01 1.500000000000000000e+01
2.420000368197017053e+02 1.300000000000000000e+01 1.500000000000000000e+01
2.430000368197016485e+02 1.400000000000000000e+01 1.300000000000000000e+01
2.440000368197015916e+02 1.400000000000000000e+01 1.100000000000000000e+01
2.450000368197015348e+02 1.500000000000000000e+01 8.000000000000000000e+00
2.460000368197014780e+02 1.500000000000000000e+01 9.000000000000000000e+00
2.470000368197014211e+02 1.500000000000000000e+01 8.000000000000000000e+00
2.480000368197013643e+02 1.700000000000000000e+01 8.000000000000000000e+00
2.490000368197013074e+02 1.900000000000000000e+01 8.000000000000000000e+00
2.500000368197012506e+02 2.100000000000000000e+01 9.000000000000000000e+00
2.510000368197011937e+02 2.000000000000000000e+01 8.000000000000000000e+00
2.520000368197011369e+02 2.000000000000000000e+01 1.000000000000000000e+01
2.530000368197010800e+02 2.100000000000000000e+01 1.000000000000000000e+01
2.540000368197010232e+02 2.000000000000000000e+01 1.000000000000000000e+01
2.550000368197009664e+02 1.900000000000000000e+01 9.000000000000000000e+00
2.560000368197009379e+02 1.900000000000000000e+01 8.000000000000000000e+00
2.570000368197011653e+02 1.900000000000000000e+01 9.000000000000000000e+00
2.580000368197013927e+02 2.100000000000000000e+01 9.000000000000000000e+00
2.590000368197016201e+02 2.200000000000000000e+01 1.100000000000000000e+01
2.600000368197018474e+02 2.300000000000000000e+01 9.000000000000000000e+00
2.610000368197020748e+02 2.400000000000000000e+01 9.000000000000000000e+00
2.620000368197023022e+02 2.300000000000000000e+01 9.000000000000000000e+00
2.630000368197025296e+02 2.300000000000000000e+01 1.000000000000000000e+01
2.640000368197027569e+02 2.500000000000000000e+01 9.000000000000000000e+00
2.650000368197029843e+02 2.500000000000000000e+01 9.000000000000000000e+00
2.660000368197032117e+02 2.500000000000000000e+01 1.100000000000000000e+01
2.670000368197034391e+02 2.600000000000000000e+01 1.000000000000000000e+01
2.680000368197036664e+02 2.500000000000000000e+01 1.000000000000000000e+01
2.690000368197038938e+02 2.600000000000000000e+01 1.100000000000000000e+01
2.700000368197041212e+02 2.400000000000000000e+01 1.100000000000000000e+01
2.710000368197043485e+02 2.400000000000000000e+01 1.100000000000000000e+01
2.720000368197045759e+02 2.300000000000000000e+01 1.100000000000000000e+01
2.730000368197048033e+02 2.400000000000000000e+01 1.200000000000000000e+01
2.740000368197050307e+02 2.500000000000000000e+01 1.300000000000000000e+01
2.750000368197052580e+02 2.500000000000000000e+01 1.300000000000000000e+01
2.760000368197054854e+02 2.500000000000000000e+01 1.200000000000000000e+01
2.770000368197057128e+02 2.600000000000000000e+01 8.000000000000000000e+00
2.780000368197059402e+02 2.700000000000000000e+01 5.000000000000000000e+00
2.790000368197061675e+02 2.700000000000000000e+01 4.000000000000000000e+00
2.800000368197063949e+02 2.700000000000000000e+01 5.000000000000000000e+00
2.810000368197066223e+02 2.700000000000000000e+01 5.000000000000000000e+00
2.820000368197068497e+02 2.800000000000000000e+01 6.000000000000000000e+00
2.830000368197070770e+02 2.800000000000000000e+01 7.000000000000000000e+00
2.840000368197073044e+02 2.900000000000000000e+01 8.000000000000000000e+00
2.850000368197075318e+02 2.900000000000000000e+01 8.000000000000000000e+00
2.860000368197077592e+02 2.800000000000000000e+01 7.000000000000000000e+00
2.870000368197079865e+02 2.600000000000000000e+01 8.000000000000000000e+00
2.880000368197082139e+02 2.500000000000000000e+01 9.000000000000000000e+00
2.890000368197084413e+02 2.600000000000000000e+01 1.000000000000000000e+01
2.900000368197086686e+02 2.600000000000000000e+01 1.100000000000000000e+01
2.910000368197088960e+02 2.600000000000000000e+01 1.100000000000000000e+01
2.920000368197091234e+02 2.200000000000000000e+01 1.200000000000000000e+01
2.930000368197093508e+02 2.200000000000000000e+01 1.200000000000000000e+01
2.940000368197095781e+02 2.000000000000000000e+01 1.300000000000000000e+01
2.950000368197098055e+02 1.900000000000000000e+01 1.400000000000000000e+01
2.960000368197100329e+02 1.500000000000000000e+01 1.300000000000000000e+01
2.970000368197102603e+02 1.400000000000000000e+01 1.500000000000000000e+01
2.980000368197104876e+02 1.100000000000000000e+01 1.700000000000000000e+01
2.990000368197107150e+02 1.100000000000000000e+01 1.700000000000000000e+01
3.000000368197109424e+02 9.000000000000000000e+00 1.600000000000000000e+01
