0.000000000000000000e+00 0.000000000000000000e+00 0.000000000000000000e+00
1.000560510809995529e+00 2.000000000000000000e+00 2.000000000000000000e+00
2.000560510809996195e+00 2.000000000000000000e+00 2.000000000000000000e+00
3.000560510809997083e+00 2.000000000000000000e+00 2.000000000000000000e+00
4.000560510809997972e+00 5.000000000000000000e+00 5.000000000000000000e+00
5.000560510809994419e+00 5.000000000000000000e+00 5.000000000000000000e+00
6.000206763155444989e+00 8.000000000000000000e+00 8.000000000000000000e+00
7.000560510809987314e+00 1.000000000000000000e+01 1.000000000000000000e+01
8.000560510809984649e+00 1.000000000000000000e+01 1.000000000000000000e+01
9.000560510809981096e+00 9.000000000000000000e+00 9.000000000000000000e+00
1.000056051080997754e+01 1.100000000000000000e+01 1.100000000000000000e+01
1.100056051080997399e+01 1.100000000000000000e+01 1.100000000000000000e+01
1.200056051080997044e+01 1.200000000000000000e+01 1.200000000000000000e+01
1.300056051080996689e+01 1.200000000000000000e+01 1.200000000000000000e+01
1.400056051080996333e+01 1.200000000000000000e+01 1.200000000000000000e+01
1.500056051080995978e+01 1.400000000000000000e+01 1.400000000000000000e+01
1.600056051080995800e+01 1.500000000000000000e+01 1.500000000000000000e+01
1.700056051080997221e+01 1.500000000000000000e+01 1.500000000000000000e+01
1.800013028479534327e+01 1.200000000000000000e+01 1.200000000000000000e+01
1.900056051081000064e+01 1.000000000000000000e+01 1.000000000000000000e+01
2.000056051081001485e+01 1.000000000000000000e+01 1.000000000000000000e+01
2.100056051081002906e+01 1.100000000000000000e+01 1.200000000000000000e+01
2.200056051081004327e+01 1.100000000000000000e+01 1.200000000000000000e+01
2.300039041144047047e+01 1.100000000000000000e+01 1.100000000000000000e+01
2.400056051081007169e+01 1.200000000000000000e+01 1.200000000000000000e+01
2.500056051081008590e+01 1.200000000000000000e+01 1.100000000000000000e+01
2.600056051081010011e+01 1.100000000000000000e+01 1.000000000000000000e+01
2.700056051081011432e+01 9.000000000000000000e+00 1.000000000000000000e+01
2.800056051081012853e+01 9.000000000000000000e+00 1.000000000000000000e+01
2.900056051081014274e+01 1.000000000000000000e+01 1.100000000000000000e+01
3.000056051081015696e+01 1.000000000000000000e+01 1.000000000000000000e+01
3.100056051081017117e+01 1.000000000000000000e+01 9.000000000000000000e+00
3.200056051081018182e+01 9.000000000000000000e+00 9.000000000000000000e+00
3.300056051081019604e+01 9.000000000000000000e+00 9.000000000000000000e+00
3.400056051081021025e+01 1.000000000000000000e+01 1.000000000000000000e+01
3.500056051081022446e+01 1.000000000000000000e+01 1.000000000000000000e+01
3.600056051081023867e+01 1.100000000000000000e+01 1.000000000000000000e+01
3.700056051081025288e+01 1.000000000000000000e+01 1.000000000000000000e+01
3.800036200407529918e+01 9.000000000000000000e+00 1.000000000000000000e+01
3.900056051081028130e+01 9.000000000000000000e+00 1.100000000000000000e+01
4.000056051081029551e+01 9.000000000000000000e+00 1.100000000000000000e+01
4.100056051081030972e+01 9.000000000000000000e+00 1.100000000000000000e+01
4.200056051081032393e+01 8.000000000000000000e+00 1.300000000000000000e+01
4.300056051081033814e+01 8.000000000000000000e+00 1.400000000000000000e+01
4.400056051081035235e+01 9.000000000000000000e+00 1.600000000000000000e+01
4.500056051081036657e+01 9.000000000000000000e+00 1.500000000000000000e+01
4.600056051081038078e+01 1.000000000000000000e+01 1.500000000000000000e+01
4.700056051081039499e+01 8.000000000000000000e+00 1.500000000000000000e+01
4.800056051081040920e+01 9.000000000000000000e+00 1.400000000000000000e+01
4.900056051081042341e+01 1.000000000000000000e+01 1.600000000000000000e+01
5.000056051081043762e+01 8.000000000000000000e+00 1.600000000000000000e+01
5.100056051081045183e+01 9.000000000000000000e+00 1.700000000000000000e+01
5.200056051081046604e+01 8.000000000000000000e+00 1.700000000000000000e+01
5.300056051081048025e+01 9.000000000000000000e+00 1.800000000000000000e+01
5.400056051081049446e+01 7.000000000000000000e+00 1.600000000000000000e+01
5.500056051081050867e+01 1.100000000000000000e+01 1.800000000000000000e+01
5.600056051081052289e+01 1.000000000000000000e+01 1.800000000000000000e+01
5.700056051081053710e+01 1.100000000000000000e+01 2.000000000000000000e+01
5.800056051081055131e+01 1.100000000000000000e+01 2.000000000000000000e+01
5.900001655777540321e+01 1.200000000000000000e+01 2.200000000000000000e+01
6.000056051081057973e+01 1.200000000000000000e+01 2.200000000000000000e+01
6.100056051081059394e+01 1.200000000000000000e+01 2.200000000000000000e+01
6.200056051081060815e+01 1.300000000000000000e+01 2.300000000000000000e+01
6.300056051081062236e+01 1.400000000000000000e+01 2.400000000000000000e+01
6.400056051081062947e+01 1.600000000000000000e+01 2.600000000000000000e+01
6.500056051081057262e+01 1.600000000000000000e+01 2.700000000000000000e+01
6.600056051081051578e+01 1.400000000000000000e+01 2.700000000000000000e+01
6.700056051081045894e+01 1.400000000000000000e+01 2.700000000000000000e+01
6.800056051081040209e+01 1.000000000000000000e+01 2.400000000000000000e+01
6.900056051081034525e+01 8.000000000000000000e+00 2.300000000000000000e+01
7.000056051081028841e+01 8.000000000000000000e+00 2.500000000000000000e+01
7.100056051081023156e+01 7.000000000000000000e+00 2.300000000000000000e+01
7.200056051081017472e+01 6.000000000000000000e+00 2.500000000000000000e+01
7.300048755273431311e+01 6.000000000000000000e+00 2.600000000000000000e+01
7.400056051081006103e+01 5.000000000000000000e+00 2.500000000000000000e+01
7.500056051081000419e+01 5.000000000000000000e+00 2.600000000000000000e+01
7.600056051080994735e+01 6.000000000000000000e+00 2.700000000000000000e+01
7.700056051080989050e+01 5.000000000000000000e+00 2.700000000000000000e+01
7.800056051080983366e+01 4.000000000000000000e+00 2.700000000000000000e+01
7.900056051080977682e+01 4.000000000000000000e+00 2.600000000000000000e+01
8.000056051080971997e+01 3.000000000000000000e+00 2.400000000000000000e+01
8.100034426961103406e+01 3.000000000000000000e+00 2.200000000000000000e+01
8.200056051080960628e+01 3.000000000000000000e+00 2.200000000000000000e+01
8.300056051080954944e+01 3.000000000000000000e+00 2.200000000000000000e+01
8.400001323475865433e+01 3.000000000000000000e+00 2.500000000000000000e+01
8.500056051080943575e+01 4.000000000000000000e+00 2.600000000000000000e+01
8.600056051080937891e+01 4.000000000000000000e+00 2.400000000000000000e+01
8.700056051080932207e+01 3.000000000000000000e+00 2.400000000000000000e+01
8.800056051080926522e+01 4.000000000000000000e+00 2.200000000000000000e+01
8.900056051080920838e+01 2.000000000000000000e+00 2.200000000000000000e+01
9.000056051080915154e+01 3.000000000000000000e+00 2.300000000000000000e+01
9.100036078766198955e+01 4.000000000000000000e+00 2.300000000000000000e+01
9.200056051080903785e+01 5.000000000000000000e+00 2.100000000000000000e+01
9.300056051080898101e+01 6.000000000000000000e+00 2.300000000000000000e+01
9.400056051080892416e+01 5.000000000000000000e+00 2.200000000000000000e+01
9.500056051080886732e+01 4.000000000000000000e+00 2.100000000000000000e+01
9.600056051080881048e+01 3.000000000000000000e+00 2.000000000000000000e+01
9.700056051080875363e+01 3.000000000000000000e+00 1.800000000000000000e+01
9.800056051080869679e+01 3.000000000000000000e+00 1.900000000000000000e+01
9.900056051080863995e+01 4.000000000000000000e+00 2.000000000000000000e+01
1.000005605108085831e+02 4.000000000000000000e+00 2.100000000000000000e+01
1.010005605108085263e+02 5.000000000000000000e+00 2.400000000000000000e+01
1.020005605108084694e+02 5.000000000000000000e+00 2.300000000000000000e+01
1.030005605108084126e+02 3.000000000000000000e+00 2.300000000000000000e+01
1.040005605108083557e+02 3.000000000000000000e+00 2.400000000000000000e+01
1.050005605108082989e+02 4.000000000000000000e+00 2.400000000000000000e+01
1.060005605108082420e+02 5.000000000000000000e+00 2.400000000000000000e+01
1.070005605108081852e+02 6.000000000000000000e+00 2.300000000000000000e+01
1.080005605108081284e+02 7.000000000000000000e+00 2.300000000000000000e+01
1.090005605108080715e+02 6.000000000000000000e+00 2.300000000000000000e+01
1.100005605108080147e+02 6.000000000000000000e+00 2.300000000000000000e+01
1.110005605108079578e+02 7.000000000000000000e+00 2.400000000000000000e+01
1.120005605108079010e+02 6.000000000000000000e+00 2.600000000000000000e+01
1.130005605108078441e+02 5.000000000000000000e+00 2.500000000000000000e+01
1.140005605108077873e+02 6.000000000000000000e+00 2.500000000000000000e+01
1.150005605108077305e+02 5.000000000000000000e+00 2.600000000000000000e+01
1.160005605108076736e+02 5.000000000000000000e+00 2.600000000000000000e+01
1.170005605108076168e+02 6.000000000000000000e+00 2.700000000000000000e+01
1.180005605108075599e+02 7.000000000000000000e+00 2.700000000000000000e+01
1.190005605108075031e+02 7.000000000000000000e+00 2.600000000000000000e+01
1.200005605108074462e+02 9.000000000000000000e+00 2.600000000000000000e+01
1.210005605108073894e+02 1.100000000000000000e+01 2.600000000000000000e+01
1.220005605108073325e+02 1.200000000000000000e+01 2.500000000000000000e+01
1.230002430344521400e+02 1.400000000000000000e+01 1.800000000000000000e+01
1.240005605108072189e+02 1.500000000000000000e+01 1.400000000000000000e+01
1.250005605108071620e+02 1.700000000000000000e+01 1.300000000000000000e+01
1.260005605108071052e+02 1.600000000000000000e+01 1.000000000000000000e+01
1.270004253691827074e+02 1.700000000000000000e+01 9.000000000000000000e+00
1.280005605108069915e+02 1.900000000000000000e+01 8.000000000000000000e+00
1.290005605108069346e+02 1.900000000000000000e+01 7.000000000000000000e+00
1.300005605108068778e+02 1.800000000000000000e+01 8.000000000000000000e+00
1.310000231056918096e+02 1.900000000000000000e+01 8.000000000000000000e+00
1.320005605108067641e+02 1.900000000000000000e+01 6.000000000000000000e+00
1.330005605108067073e+02 1.900000000000000000e+01 6.000000000000000000e+00
1.340005605108066504e+02 1.600000000000000000e+01 7.000000000000000000e+00
1.350002896058011572e+02 1.300000000000000000e+01 7.000000000000000000e+00
1.360005605108065367e+02 1.400000000000000000e+01 8.000000000000000000e+00
1.370005605108064799e+02 1.600000000000000000e+01 9.000000000000000000e+00
1.380004859024666928e+02 1.600000000000000000e+01 1.000000000000000000e+01
1.390005605108063662e+02 1.600000000000000000e+01 1.000000000000000000e+01
1.400001272074189842e+02 1.200000000000000000e+01 8.000000000000000000e+00
1.410005605108062525e+02 1.100000000000000000e+01 9.000000000000000000e+00
1.420005605108061957e+02 1.000000000000000000e+01 9.000000000000000000e+00
1.430005605108061388e+02 1.200000000000000000e+01 1.000000000000000000e+01
1.440005605108060820e+02 1.300000000000000000e+01 1.000000000000000000e+01
1.450005605108060251e+02 1.200000000000000000e+01 8.000000000000000000e+00
1.460001090863831053e+02 1.300000000000000000e+01 7.000000000000000000e+00
1.470005605108059115e+02 1.500000000000000000e+01 5.000000000000000000e+00
1.480005605108058546e+02 1.200000000000000000e+01 3.000000000000000000e+00
1.490005605108057978e+02 1.300000000000000000e+01 4.000000000000000000e+00
1.500004223308579014e+02 1.400000000000000000e+01 5.000000000000000000e+00
1.510005605108056841e+02 1.300000000000000000e+01 6.000000000000000000e+00
1.520003083826646275e+02 1.000000000000000000e+01 6.000000000000000000e+00
1.530005605108055704e+02 1.100000000000000000e+01 8.000000000000000000e+00
1.540005605108055136e+02 1.100000000000000000e+01 8.000000000000000000e+00
1.550002218909250473e+02 1.000000000000000000e+01 9.000000000000000000e+00
1.560005605108053999e+02 1.000000000000000000e+01 8.000000000000000000e+00
1.570005605108053430e+02 1.000000000000000000e+01 8.000000000000000000e+00
1.580005605108052862e+02 1.100000000000000000e+01 1.100000000000000000e+01
1.590005605108052293e+02 1.100000000000000000e+01 1.100000000000000000e+01
1.600005605108051725e+02 1.100000000000000000e+01 6.000000000000000000e+00
1.610001177216260544e+02 1.000000000000000000e+01 5.000000000000000000e+00
1.620005605108050588e+02 1.000000000000000000e+01 4.000000000000000000e+00
1.630005605108050020e+02 1.000000000000000000e+01 5.000000000000000000e+00
1.640002950269082191e+02 1.000000000000000000e+01 5.000000000000000000e+00
1.650005605108048883e+02 1.100000000000000000e+01 4.000000000000000000e+00
1.660005605108048314e+02 9.000000000000000000e+00 5.000000000000000000e+00
1.670005605108047746e+02 8.000000000000000000e+00 5.000000000000000000e+00
1.680002414664277239e+02 9.000000000000000000e+00 3.000000000000000000e+00
1.690005605108046609e+02 1.000000000000000000e+01 3.000000000000000000e+00
1.700005605108046041e+02 1.000000000000000000e+01 4.000000000000000000e+00
1.710005605108045472e+02 1.100000000000000000e+01 5.000000000000000000e+00
1.720005605108044904e+02 1.000000000000000000e+01 7.000000000000000000e+00
1.730005605108044335e+02 9.000000000000000000e+00 6.000000000000000000e+00
1.740005605108043767e+02 9.000000000000000000e+00 6.000000000000000000e+00
1.750001194270862754e+02 9.000000000000000000e+00 6.000000000000000000e+00
1.760005605108042630e+02 8.000000000000000000e+00 7.000000000000000000e+00
1.770005605108042062e+02 7.000000000000000000e+00 7.000000000000000000e+00
1.780005605108041493e+02 9.000000000000000000e+00 8.000000000000000000e+00
1.790005605108040925e+02 9.000000000000000000e+00 9.000000000000000000e+00
1.800002390700025785e+02 1.000000000000000000e+01 7.000000000000000000e+00
1.810005605108039788e+02 1.000000000000000000e+01 5.000000000000000000e+00
1.820005605108039219e+02 1.100000000000000000e+01 4.000000000000000000e+00
1.830005605108038651e+02 1.200000000000000000e+01 5.000000000000000000e+00
1.840005605108038083e+02 1.000000000000000000e+01 6.000000000000000000e+00
1.850005605108037514e+02 1.000000000000000000e+01 6.000000000000000000e+00
1.860002873225672317e+02 1.000000000000000000e+01 4.000000000000000000e+00
1.870005336042698616e+02 1.000000000000000000e+01 5.000000000000000000e+00
1.880005605108035809e+02 1.000000000000000000e+01 5.000000000000000000e+00
1.890005605108035240e+02 9.000000000000000000e+00 5.000000000000000000e+00
1.900005605108034672e+02 9.000000000000000000e+00 4.000000000000000000e+00
1.910002976051916050e+02 8.000000000000000000e+00 4.000000000000000000e+00
1.920005605108033535e+02 9.000000000000000000e+00 6.000000000000000000e+00
1.930005605108032967e+02 9.000000000000000000e+00 6.000000000000000000e+00
1.940005605108032398e+02 9.000000000000000000e+00 7.000000000000000000e+00
1.950005605108031830e+02 1.000000000000000000e+01 7.000000000000000000e+00
1.960005605108031261e+02 9.000000000000000000e+00 9.000000000000000000e+00
1.970005605108030693e+02 9.000000000000000000e+00 8.000000000000000000e+00
1.980005605108030124e+02 9.000000000000000000e+00 1.000000000000000000e+01
1.990005605108029556e+02 1.100000000000000000e+01 1.000000000000000000e+01
2.000005605108028988e+02 1.100000000000000000e+01 1.100000000000000000e+01
2.010005605108028419e+02 1.100000000000000000e+01 1.200000000000000000e+01
2.020005605108027851e+02 1.100000000000000000e+01 1.500000000000000000e+01
2.030005605108027282e+02 9.000000000000000000e+00 1.500000000000000000e+01
2.040005605108026714e+02 4.000000000000000000e+00 1.600000000000000000e+01
2.050005605108026145e+02 1.000000000000000000e+00 1.600000000000000000e+01
2.060005605108025577e+02 1.000000000000000000e+00 1.600000000000000000e+01
2.070005605108025009e+02 2.000000000000000000e+00 1.900000000000000000e+01
2.080005605108024440e+02 3.000000000000000000e+00 2.000000000000000000e+01
2.090005605108023872e+02 3.000000000000000000e+00 2.000000000000000000e+01
2.100005605108023303e+02 8.000000000000000000e+00 2.000000000000000000e+01
2.110005605108022735e+02 9.000000000000000000e+00 2.200000000000000000e+01
2.120005605108022166e+02 1.000000000000000000e+01 2.300000000000000000e+01
2.130005605108021598e+02 1.000000000000000000e+01 2.400000000000000000e+01
2.140005605108021030e+02 1.100000000000000000e+01 2.400000000000000000e+01
2.150005605108020461e+02 1.200000000000000000e+01 2.400000000000000000e+01
2.160005605108019893e+02 1.100000000000000000e+01 2.500000000000000000e+01
2.170005605108019324e+02 1.100000000000000000e+01 2.400000000000000000e+01
2.180004767586496826e+02 1.000000000000000000e+01 2.400000000000000000e+01
2.190005605108018187e+02 1.100000000000000000e+01 1.900000000000000000e+01
2.200005605108017619e+02 1.000000000000000000e+01 2.000000000000000000e+01
2.210005605108017050e+02 9.000000000000000000e+00 1.900000000000000000e+01
2.220005605108016482e+02 8.000000000000000000e+00 1.800000000000000000e+01
2.230005605108015914e+02 8.000000000000000000e+00 1.800000000000000000e+01
2.240005605108015345e+02 9.000000000000000000e+00 1.700000000000000000e+01
2.250005605108014777e+02 8.000000000000000000e+00 1.600000000000000000e+01
2.260005605108014208e+02 8.000000000000000000e+00 1.500000000000000000e+01
2.270005605108013640e+02 9.000000000000000000e+00 1.600000000000000000e+01
2.280005605108013071e+02 9.000000000000000000e+00 1.700000000000000000e+01
2.290005605108012503e+02 9.000000000000000000e+00 1.900000000000000000e+01
2.300005605108011935e+02 9.000000000000000000e+00 2.100000000000000000e+01
2.310005605108011366e+02 9.000000000000000000e+00 2.000000000000000000e+01
2.320005605108010798e+02 9.000000000000000000e+00 1.900000000000000000e+01
2.330003574332009180e+02 1.100000000000000000e+01 1.500000000000000000e+01
2.340005605108009661e+02 1.200000000000000000e+01 1.100000000000000000e+01
2.350000791913596174e+02 1.300000000000000000e+01 1.000000000000000000e+01
2.360005605108008524e+02 1.300000000000000000e+01 1.100000000000000000e+01
2.370005605108007956e+02 1.200000000000000000e+01 1.000000000000000000e+01
2.380005605108007387e+02 1.400000000000000000e+01 1.100000000000000000e+01
2.390000045940670930e+02 1.600000000000000000e+01 9.000000000000000000e+00
2.400005605108006250e+02 1.600000000000000000e+01 8.000000000000000000e+00
2.410005605108005682e+02 1.600000000000000000e+01 9.000000000000000000e+00
2.420005605108005113e+02 1.600000000000000000e+01 9.000000000000000000e+00
2.430005605108004545e+02 1.700000000000000000e+01 1.000000000000000000e+01
2.440005605108003977e+02 1.900000000000000000e+01 9.000000000000000000e+00
2.450005605108003408e+02 1.900000000000000000e+01 8.000000000000000000e+00
2.460005605108002840e+02 1.700000000000000000e+01 8.000000000000000000e+00
2.470005605108002271e+02 1.600000000000000000e+01 8.000000000000000000e+00
2.480005605108001703e+02 1.700000000000000000e+01 8.000000000000000000e+00
2.490005022397545247e+02 1.500000000000000000e+01 9.000000000000000000e+00
2.500005605108000566e+02 1.800000000000000000e+01 9.000000000000000000e+00
2.510005605107999997e+02 1.300000000000000000e+01 9.000000000000000000e+00
2.520005605107999429e+02 1.300000000000000000e+01 1.000000000000000000e+01
2.530005605107998861e+02 1.400000000000000000e+01 1.000000000000000000e+01
2.540005605107998292e+02 9.000000000000000000e+00 1.000000000000000000e+01
2.550005605107997724e+02 7.000000000000000000e+00 9.000000000000000000e+00
2.560005605107997440e+02 7.000000000000000000e+00 7.000000000000000000e+00
2.570005605107999713e+02 9.000000000000000000e+00 7.000000000000000000e+00
2.580005605108001987e+02 8.000000000000000000e+00 1.000000000000000000e+01
2.590005605108004261e+02 1.000000000000000000e+01 9.000000000000000000e+00
2.600005605108006534e+02 1.000000000000000000e+01 8.000000000000000000e+00
2.610005605108008808e+02 1.000000000000000000e+01 8.000000000000000000e+00
2.620002214913204170e+02 1.300000000000000000e+01 1.000000000000000000e+01
2.630005605108013356e+02 1.400000000000000000e+01 1.000000000000000000e+01
2.640005605108015629e+02 1.400000000000000000e+01 1.100000000000000000e+01
2.650005605108017903e+02 1.400000000000000000e+01 1.200000000000000000e+01
2.660005605108020177e+02 1.300000000000000000e+01 1.600000000000000000e+01
2.670005605108022451e+02 1.500000000000000000e+01 1.600000000000000000e+01
2.680005605108024724e+02 1.500000000000000000e+01 1.700000000000000000e+01
2.690005605108026998e+02 1.600000000000000000e+01 1.900000000000000000e+01
2.700004286462555001e+02 1.700000000000000000e+01 2.100000000000000000e+01
2.710005605108031546e+02 1.700000000000000000e+01 2.100000000000000000e+01
2.720005605108033819e+02 1.700000000000000000e+01 1.900000000000000000e+01
2.730005605108036093e+02 1.800000000000000000e+01 1.800000000000000000e+01
2.740005605108038367e+02 1.900000000000000000e+01 1.900000000000000000e+01
2.750005605108040641e+02 2.000000000000000000e+01 1.800000000000000000e+01
2.760005605108042914e+02 1.600000000000000000e+01 1.900000000000000000e+01
2.770005605108045188e+02 1.700000000000000000e+01 1.800000000000000000e+01
2.780005605108047462e+02 1.800000000000000000e+01 1.800000000000000000e+01
2.790005605108049735e+02 1.500000000000000000e+01 1.900000000000000000e+01
2.800005605108052009e+02 1.400000000000000000e+01 2.000000000000000000e+01
2.810005605108054283e+02 1.400000000000000000e+01 2.100000000000000000e+01
2.820005605108056557e+02 1.500000000000000000e+01 2.100000000000000000e+01
2.830005605108058830e+02 1.500000000000000000e+01 2.100000000000000000e+01
2.840005605108061104e+02 1.500000000000000000e+01 2.200000000000000000e+01
2.850005605108063378e+02 1.700000000000000000e+01 2.200000000000000000e+01
2.860005605108065652e+02 1.700000000000000000e+01 2.400000000000000000e+01
2.870005605108067925e+02 1.800000000000000000e+01 2.000000000000000000e+01
2.880005605108070199e+02 1.800000000000000000e+01 1.700000000000000000e+01
2.890005605108072473e+02 1.800000000000000000e+01 1.600000000000000000e+01
2.900005605108074747e+02 1.800000000000000000e+01 1.800000000000000000e+01
2.910005605108077020e+02 1.700000000000000000e+01 1.800000000000000000e+01
2.920005605108079294e+02 1.400000000000000000e+01 1.800000000000000000e+01
2.930005605108081568e+02 1.500000000000000000e+01 1.800000000000000000e+01
2.940005605108083842e+02 1.600000000000000000e+01 1.600000000000000000e+01
2.950005605108086115e+02 1.700000000000000000e+01 1.700000000000000000e+01
2.960001943760783547e+02 1.600000000000000000e+01 1.600000000000000000e+01
2.970005605108090663e+02 1.800000000000000000e+01 1.800000000000000000e+01
2.980005605108092936e+02 1.800000000000000000e+01 1.900000000000000000e+01
2.990005605108095210e+02 1.900000000000000000e+01 1.700000000000000000e+01
3.000005605108097484e+02 1.900000000000000000e+01 1.500000000000000000e+01
