0.000000000000000000e+00 0.000000000000000000e+00 0.000000000000000000e+00
1.000286056380272903e+00 0.000000000000000000e+00 0.000000000000000000e+00
2.000286056380273791e+00 2.000000000000000000e+00 2.000000000000000000e+00
3.000286056380274680e+00 3.000000000000000000e+00 3.000000000000000000e+00
4.000020560995510621e+00 3.000000000000000000e+00 3.000000000000000000e+00
5.000286056380272015e+00 4.000000000000000000e+00 4.000000000000000000e+00
6.000286056380268462e+00 5.000000000000000000e+00 5.000000000000000000e+00
7.000286056380264910e+00 6.000000000000000000e+00 6.000000000000000000e+00
8.000286056380261357e+00 6.000000000000000000e+00 6.000000000000000000e+00
9.000286056380257804e+00 6.000000000000000000e+00 6.000000000000000000e+00
1.000028605638025425e+01 6.000000000000000000e+00 6.000000000000000000e+00
1.100028605638025070e+01 6.000000000000000000e+00 6.000000000000000000e+00
1.200028605638024715e+01 5.000000000000000000e+00 5.000000000000000000e+00
1.300028605638024359e+01 7.000000000000000000e+00 6.000000000000000000e+00
1.400028605638024004e+01 7.000000000000000000e+00 6.000000000000000000e+00
1.500028605638023649e+01 8.000000000000000000e+00 7.000000000000000000e+00
1.600007171710291232e+01 8.000000000000000000e+00 7.000000000000000000e+00
1.700028605638024715e+01 8.000000000000000000e+00 8.000000000000000000e+00
1.800028605638026136e+01 1.000000000000000000e+01 1.000000000000000000e+01
1.900028605638027557e+01 1.200000000000000000e+01 9.000000000000000000e+00
2.000028605638028978e+01 1.100000000000000000e+01 7.000000000000000000e+00
2.100028605638030399e+01 1.000000000000000000e+01 5.000000000000000000e+00
2.200028605638031820e+01 1.000000000000000000e+01 4.000000000000000000e+00
2.300028605638033241e+01 1.100000000000000000e+01 1.000000000000000000e+00
2.400028605638034662e+01 1.200000000000000000e+01 2.000000000000000000e+00
2.500028605638036083e+01 1.400000000000000000e+01 3.000000000000000000e+00
2.600028605638037504e+01 1.400000000000000000e+01 3.000000000000000000e+00
2.700028605638038925e+01 1.400000000000000000e+01 5.000000000000000000e+00
2.800028605638040347e+01 1.600000000000000000e+01 6.000000000000000000e+00
2.900028605638041768e+01 1.600000000000000000e+01 4.000000000000000000e+00
3.000028605638043189e+01 1.500000000000000000e+01 5.000000000000000000e+00
3.100028605638044610e+01 1.500000000000000000e+01 4.000000000000000000e+00
3.200028605638046031e+01 1.700000000000000000e+01 5.000000000000000000e+00
3.300028605638047452e+01 1.800000000000000000e+01 4.000000000000000000e+00
3.400028605638048873e+01 1.800000000000000000e+01 5.000000000000000000e+00
3.500028605638050294e+01 1.500000000000000000e+01 6.000000000000000000e+00
3.600028605638051715e+01 1.600000000000000000e+01 8.000000000000000000e+00
3.700028605638053136e+01 1.500000000000000000e+01 9.000000000000000000e+00
3.800028605638054557e+01 1.300000000000000000e+01 9.000000000000000000e+00
3.900028605638055978e+01 1.400000000000000000e+01 9.000000000000000000e+00
4.000028605638057400e+01 1.600000000000000000e+01 1.100000000000000000e+01
4.100028605638058821e+01 1.600000000000000000e+01 1.200000000000000000e+01
4.200028605638060242e+01 1.600000000000000000e+01 9.000000000000000000e+00
4.300013578763767441e+01 1.500000000000000000e+01 8.000000000000000000e+00
4.400028605638063084e+01 1.500000000000000000e+01 1.000000000000000000e+01
4.500028605638064505e+01 1.400000000000000000e+01 9.000000000000000000e+00
4.600028605638065926e+01 1.500000000000000000e+01 9.000000000000000000e+00
4.700028605638067347e+01 1.500000000000000000e+01 9.000000000000000000e+00
4.800028605638068768e+01 1.600000000000000000e+01 9.000000000000000000e+00
4.900028605638070189e+01 1.700000000000000000e+01 9.000000000000000000e+00
5.000028605638071610e+01 1.600000000000000000e+01 1.000000000000000000e+01
5.100028605638073032e+01 1.500000000000000000e+01 1.100000000000000000e+01
5.200028605638074453e+01 1.600000000000000000e+01 1.100000000000000000e+01
5.300028605638075874e+01 1.500000000000000000e+01 1.100000000000000000e+01
5.400028605638077295e+01 1.600000000000000000e+01 1.100000000000000000e+01
5.500028605638078716e+01 1.700000000000000000e+01 1.100000000000000000e+01
5.600027173451576346e+01 1.900000000000000000e+01 1.200000000000000000e+01
5.700028605638081558e+01 1.800000000000000000e+01 1.200000000000000000e+01
5.800028605638082979e+01 2.000000000000000000e+01 1.400000000000000000e+01
5.900028605638084400e+01 1.900000000000000000e+01 1.000000000000000000e+01
6.000028605638085821e+01 2.100000000000000000e+01 8.000000000000000000e+00
6.100028605638087242e+01 2.000000000000000000e+01 8.000000000000000000e+00
6.200028605638088663e+01 2.100000000000000000e+01 8.000000000000000000e+00
6.300028605638090085e+01 2.300000000000000000e+01 7.000000000000000000e+00
6.400028605638091506e+01 2.300000000000000000e+01 8.000000000000000000e+00
6.500028605638085821e+01 2.400000000000000000e+01 8.000000000000000000e+00
6.600028605638080137e+01 2.400000000000000000e+01 8.000000000000000000e+00
6.700028605638074453e+01 2.500000000000000000e+01 8.000000000000000000e+00
6.800028605638068768e+01 2.700000000000000000e+01 1.000000000000000000e+01
6.900028605638063084e+01 2.600000000000000000e+01 1.100000000000000000e+01
7.000028605638057400e+01 2.500000000000000000e+01 1.100000000000000000e+01
7.100028605638051715e+01 2.600000000000000000e+01 1.300000000000000000e+01
7.200028605638046031e+01 2.600000000000000000e+01 1.200000000000000000e+01
7.300028605638040347e+01 2.800000000000000000e+01 1.300000000000000000e+01
7.400028605638034662e+01 2.900000000000000000e+01 1.300000000000000000e+01
7.500028605638028978e+01 2.900000000000000000e+01 1.100000000000000000e+01
7.600028605638023294e+01 2.900000000000000000e+01 1.000000000000000000e+01
7.700028605638017609e+01 2.900000000000000000e+01 9.000000000000000000e+00
7.800028605638011925e+01 2.800000000000000000e+01 1.000000000000000000e+01
7.900028605638006240e+01 2.500000000000000000e+01 7.000000000000000000e+00
8.000028605638000556e+01 2.300000000000000000e+01 6.000000000000000000e+00
8.100028605637994872e+01 2.200000000000000000e+01 6.000000000000000000e+00
8.200028605637989187e+01 2.100000000000000000e+01 6.000000000000000000e+00
8.300028605637983503e+01 2.000000000000000000e+01 6.000000000000000000e+00
8.400028605637977819e+01 1.600000000000000000e+01 7.000000000000000000e+00
8.500028605637972134e+01 1.500000000000000000e+01 6.000000000000000000e+00
8.600028605637966450e+01 1.400000000000000000e+01 5.000000000000000000e+00
8.700028605637960766e+01 1.500000000000000000e+01 5.000000000000000000e+00
8.800028605637955081e+01 1.500000000000000000e+01 4.000000000000000000e+00
8.900028605637949397e+01 1.400000000000000000e+01 5.000000000000000000e+00
9.000028605637943713e+01 1.400000000000000000e+01 5.000000000000000000e+00
9.100028605637938028e+01 1.300000000000000000e+01 6.000000000000000000e+00
9.200028605637932344e+01 1.300000000000000000e+01 6.000000000000000000e+00
9.300028605637926660e+01 1.400000000000000000e+01 5.000000000000000000e+00
9.400028605637920975e+01 1.500000000000000000e+01 4.000000000000000000e+00
9.500028605637915291e+01 1.600000000000000000e+01 4.000000000000000000e+00
9.600028605637909607e+01 1.600000000000000000e+01 2.000000000000000000e+00
9.700028605637903922e+01 1.600000000000000000e+01 2.000000000000000000e+00
9.800028605637898238e+01 1.600000000000000000e+01 2.000000000000000000e+00
9.900028605637892554e+01 1.500000000000000000e+01 2.000000000000000000e+00
1.000002860563788687e+02 1.600000000000000000e+01 3.000000000000000000e+00
1.010002860563788118e+02 1.500000000000000000e+01 3.000000000000000000e+00
1.020002767898912026e+02 1.500000000000000000e+01 3.000000000000000000e+00
1.030002860563786982e+02 1.500000000000000000e+01 3.000000000000000000e+00
1.040002860563786413e+02 1.600000000000000000e+01 5.000000000000000000e+00
1.050002860563785845e+02 1.600000000000000000e+01 5.000000000000000000e+00
1.060002860563785276e+02 1.600000000000000000e+01 5.000000000000000000e+00
1.070002860563784708e+02 1.600000000000000000e+01 7.000000000000000000e+00
1.080002860563784139e+02 1.600000000000000000e+01 7.000000000000000000e+00
1.090002860563783571e+02 1.700000000000000000e+01 7.000000000000000000e+00
1.100002860563783003e+02 1.700000000000000000e+01 6.000000000000000000e+00
1.110002860563782434e+02 1.700000000000000000e+01 6.000000000000000000e+00
1.120002860563781866e+02 1.800000000000000000e+01 6.000000000000000000e+00
1.130002860563781297e+02 1.800000000000000000e+01 5.000000000000000000e+00
1.140002860563780729e+02 1.600000000000000000e+01 5.000000000000000000e+00
1.150002860563780160e+02 1.700000000000000000e+01 7.000000000000000000e+00
1.160001021691045935e+02 1.700000000000000000e+01 6.000000000000000000e+00
1.170002860563779024e+02 1.700000000000000000e+01 4.000000000000000000e+00
1.180002860563778455e+02 1.800000000000000000e+01 5.000000000000000000e+00
1.190002860563777887e+02 1.700000000000000000e+01 4.000000000000000000e+00
1.200002860563777318e+02 1.600000000000000000e+01 4.000000000000000000e+00
1.210002109171813061e+02 1.600000000000000000e+01 4.000000000000000000e+00
1.220002860563776181e+02 1.700000000000000000e+01 5.000000000000000000e+00
1.230002860563775613e+02 1.800000000000000000e+01 5.000000000000000000e+00
1.240002860563775045e+02 1.500000000000000000e+01 2.000000000000000000e+00
1.250002860563774476e+02 1.500000000000000000e+01 2.000000000000000000e+00
1.260002860563773908e+02 1.500000000000000000e+01 0.000000000000000000e+00
1.270002860563773339e+02 1.500000000000000000e+01 2.000000000000000000e+00
1.280002860563772913e+02 1.500000000000000000e+01 2.000000000000000000e+00
1.290002860563772344e+02 1.700000000000000000e+01 1.000000000000000000e+00
1.300002860563771776e+02 1.700000000000000000e+01 3.000000000000000000e+00
1.310002860563771208e+02 1.700000000000000000e+01 3.000000000000000000e+00
1.320002860563770639e+02 1.900000000000000000e+01 5.000000000000000000e+00
1.330002860563770071e+02 1.800000000000000000e+01 3.000000000000000000e+00
1.340002358762284018e+02 2.000000000000000000e+01 3.000000000000000000e+00
1.350002860563768934e+02 1.800000000000000000e+01 4.000000000000000000e+00
1.360002860563768365e+02 1.700000000000000000e+01 4.000000000000000000e+00
1.370002860563767797e+02 1.600000000000000000e+01 4.000000000000000000e+00
1.380002860563767229e+02 1.700000000000000000e+01 5.000000000000000000e+00
1.390002860563766660e+02 1.700000000000000000e+01 7.000000000000000000e+00
1.400002860563766092e+02 1.800000000000000000e+01 8.000000000000000000e+00
1.410002860563765523e+02 1.800000000000000000e+01 1.000000000000000000e+01
1.420002860563764955e+02 1.800000000000000000e+01 9.000000000000000000e+00
1.430002860563764386e+02 2.000000000000000000e+01 1.000000000000000000e+01
1.440002860563763818e+02 2.100000000000000000e+01 1.000000000000000000e+01
1.450002860563763250e+02 2.300000000000000000e+01 1.000000000000000000e+01
1.460002860563762681e+02 2.300000000000000000e+01 1.000000000000000000e+01
1.470002860563762113e+02 2.200000000000000000e+01 1.300000000000000000e+01
1.480002860563761544e+02 2.100000000000000000e+01 1.300000000000000000e+01
1.490002860563760976e+02 1.700000000000000000e+01 1.300000000000000000e+01
1.500002860563760407e+02 1.800000000000000000e+01 1.500000000000000000e+01
1.510002860563759839e+02 2.100000000000000000e+01 1.500000000000000000e+01
1.520002860563759270e+02 1.900000000000000000e+01 1.500000000000000000e+01
1.530002860563758702e+02 2.000000000000000000e+01 1.600000000000000000e+01
1.540001721147765750e+02 2.200000000000000000e+01 1.800000000000000000e+01
1.550002860563757565e+02 2.400000000000000000e+01 1.400000000000000000e+01
1.560002860563756997e+02 2.400000000000000000e+01 1.300000000000000000e+01
1.570002860563756428e+02 2.300000000000000000e+01 1.200000000000000000e+01
1.580002860563755860e+02 2.300000000000000000e+01 1.200000000000000000e+01
1.590002860563755291e+02 2.000000000000000000e+01 1.300000000000000000e+01
1.600002860563754723e+02 1.800000000000000000e+01 1.300000000000000000e+01
1.610002860563754155e+02 1.700000000000000000e+01 1.300000000000000000e+01
1.620000256939165979e+02 1.400000000000000000e+01 1.300000000000000000e+01
1.630001510442904191e+02 1.400000000000000000e+01 1.400000000000000000e+01
1.640002860563752449e+02 1.500000000000000000e+01 1.400000000000000000e+01
1.650002860563751881e+02 1.500000000000000000e+01 1.500000000000000000e+01
1.660002860563751312e+02 1.500000000000000000e+01 1.500000000000000000e+01
1.670002860563750744e+02 1.500000000000000000e+01 1.400000000000000000e+01
1.680002860563750176e+02 1.500000000000000000e+01 1.400000000000000000e+01
1.690002860563749607e+02 1.600000000000000000e+01 1.400000000000000000e+01
1.700002860563749039e+02 1.500000000000000000e+01 1.500000000000000000e+01
1.710001609194993364e+02 1.400000000000000000e+01 1.600000000000000000e+01
1.720002860563747902e+02 1.400000000000000000e+01 1.600000000000000000e+01
1.730002860563747333e+02 1.500000000000000000e+01 1.600000000000000000e+01
1.740002860563746765e+02 1.600000000000000000e+01 1.600000000000000000e+01
1.750002860563746196e+02 1.500000000000000000e+01 1.700000000000000000e+01
1.760002860563745628e+02 1.500000000000000000e+01 1.700000000000000000e+01
1.770002860563745060e+02 1.400000000000000000e+01 2.100000000000000000e+01
1.780002860563744491e+02 1.400000000000000000e+01 2.100000000000000000e+01
1.790002860563743923e+02 1.400000000000000000e+01 2.100000000000000000e+01
1.800002860563743354e+02 1.500000000000000000e+01 2.100000000000000000e+01
1.810002860563742786e+02 1.500000000000000000e+01 2.100000000000000000e+01
1.820002860563742217e+02 1.600000000000000000e+01 2.200000000000000000e+01
1.830002860563741649e+02 1.600000000000000000e+01 2.100000000000000000e+01
1.840002860563741081e+02 1.500000000000000000e+01 1.900000000000000000e+01
1.850002860563740512e+02 1.600000000000000000e+01 1.900000000000000000e+01
1.860002860563739944e+02 1.600000000000000000e+01 1.700000000000000000e+01
1.870002860563739375e+02 1.800000000000000000e+01 1.500000000000000000e+01
1.880002860563738807e+02 1.900000000000000000e+01 1.500000000000000000e+01
1.890002860563738238e+02 2.000000000000000000e+01 1.700000000000000000e+01
1.900002860563737670e+02 2.200000000000000000e+01 1.800000000000000000e+01
1.910002860563737102e+02 2.200000000000000000e+01 1.800000000000000000e+01
1.920002860563736533e+02 2.300000000000000000e+01 1.800000000000000000e+01
1.930002860563735965e+02 2.700000000000000000e+01 1.900000000000000000e+01
1.940002860563735396e+02 2.400000000000000000e+01 2.000000000000000000e+01
1.950002860563734828e+02 2.500000000000000000e+01 2.000000000000000000e+01
1.960002860563734259e+02 2.100000000000000000e+01 2.000000000000000000e+01
1.970002860563733691e+02 2.200000000000000000e+01 2.000000000000000000e+01
1.980002860563733122e+02 2.000000000000000000e+01 2.100000000000000000e+01
1.990002860563732554e+02 1.900000000000000000e+01 2.200000000000000000e+01
2.000002860563731986e+02 2.000000000000000000e+01 2.300000000000000000e+01
2.010002860563731417e+02 2.000000000000000000e+01 2.300000000000000000e+01
2.020002860563730849e+02 2.000000000000000000e+01 2.200000000000000000e+01
2.030002860563730280e+02 2.100000000000000000e+01 2.000000000000000000e+01
2.040002860563729712e+02 2.100000000000000000e+01 1.800000000000000000e+01
2.050002860563729143e+02 2.300000000000000000e+01 1.900000000000000000e+01
2.060002860563728575e+02 2.400000000000000000e+01 2.000000000000000000e+01
2.070002860563728007e+02 2.400000000000000000e+01 1.600000000000000000e+01
2.080002860563727438e+02 2.500000000000000000e+01 1.700000000000000000e+01
2.090000558094732810e+02 2.400000000000000000e+01 1.600000000000000000e+01
2.100002860563726301e+02 2.400000000000000000e+01 1.500000000000000000e+01
2.110002860563725733e+02 2.500000000000000000e+01 1.400000000000000000e+01
2.120002860563725164e+02 2.600000000000000000e+01 1.300000000000000000e+01
2.130002860563724596e+02 2.700000000000000000e+01 1.300000000000000000e+01
2.140002860563724028e+02 2.700000000000000000e+01 1.300000000000000000e+01
2.150002860563723459e+02 2.700000000000000000e+01 1.300000000000000000e+01
2.160002860563722891e+02 2.700000000000000000e+01 1.300000000000000000e+01
2.170002860563722322e+02 2.500000000000000000e+01 1.400000000000000000e+01
2.180002860563721754e+02 2.200000000000000000e+01 1.500000000000000000e+01
2.190002860563721185e+02 2.100000000000000000e+01 1.600000000000000000e+01
2.200002860563720617e+02 2.200000000000000000e+01 1.700000000000000000e+01
2.210002860563720049e+02 2.300000000000000000e+01 1.600000000000000000e+01
2.220002860563719480e+02 2.300000000000000000e+01 1.500000000000000000e+01
2.230002860563718912e+02 2.500000000000000000e+01 1.400000000000000000e+01
2.240002860563718343e+02 2.700000000000000000e+01 1.100000000000000000e+01
2.250002860563717775e+02 2.700000000000000000e+01 1.100000000000000000e+01
2.260002860563717206e+02 2.800000000000000000e+01 9.000000000000000000e+00
2.270002860563716638e+02 2.800000000000000000e+01 1.100000000000000000e+01
2.280002860563716069e+02 2.700000000000000000e+01 1.100000000000000000e+01
2.290002860563715501e+02 2.700000000000000000e+01 1.200000000000000000e+01
2.300002860563714933e+02 3.000000000000000000e+01 1.300000000000000000e+01
2.310002860563714364e+02 2.900000000000000000e+01 1.400000000000000000e+01
2.320002860563713796e+02 2.800000000000000000e+01 1.300000000000000000e+01
2.330002860563713227e+02 2.900000000000000000e+01 1.300000000000000000e+01
2.340002860563712659e+02 3.000000000000000000e+01 1.400000000000000000e+01
2.350002860563712090e+02 3.000000000000000000e+01 1.400000000000000000e+01
2.360002860563711522e+02 3.000000000000000000e+01 1.500000000000000000e+01
2.370002860563710954e+02 3.100000000000000000e+01 1.400000000000000000e+01
2.380002860563710385e+02 3.100000000000000000e+01 1.500000000000000000e+01
2.390002860563709817e+02 3.100000000000000000e+01 1.600000000000000000e+01
2.400002860563709248e+02 3.000000000000000000e+01 1.600000000000000000e+01
2.410002860563708680e+02 3.100000000000000000e+01 1.700000000000000000e+01
2.420002860563708111e+02 3.100000000000000000e+01 1.700000000000000000e+01
2.430002860563707543e+02 3.000000000000000000e+01 1.700000000000000000e+01
2.440002860563706975e+02 2.800000000000000000e+01 1.700000000000000000e+01
2.450002860563706406e+02 2.800000000000000000e+01 1.500000000000000000e+01
2.460002860563705838e+02 3.000000000000000000e+01 1.300000000000000000e+01
2.470002860563705269e+02 2.900000000000000000e+01 1.100000000000000000e+01
2.480002860563704701e+02 2.900000000000000000e+01 1.000000000000000000e+01
2.490002860563704132e+02 2.900000000000000000e+01 1.000000000000000000e+01
2.500002860563703564e+02 2.900000000000000000e+01 1.100000000000000000e+01
2.510002860563702995e+02 2.600000000000000000e+01 1.200000000000000000e+01
2.520002860563702427e+02 2.200000000000000000e+01 1.300000000000000000e+01
2.530002860563701859e+02 2.000000000000000000e+01 1.200000000000000000e+01
2.540000038482637024e+02 2.100000000000000000e+01 1.300000000000000000e+01
2.550002860563700722e+02 2.100000000000000000e+01 1.200000000000000000e+01
2.560002860563700438e+02 2.100000000000000000e+01 1.300000000000000000e+01
2.570002860563702711e+02 2.100000000000000000e+01 1.500000000000000000e+01
2.580002860563704985e+02 2.000000000000000000e+01 1.200000000000000000e+01
2.590000191390895452e+02 1.700000000000000000e+01 1.100000000000000000e+01
2.600002860563709532e+02 1.000000000000000000e+01 9.000000000000000000e+00
2.610002860563711806e+02 5.000000000000000000e+00 9.000000000000000000e+00
2.620002860563714080e+02 5.000000000000000000e+00 1.000000000000000000e+01
2.630002860563716354e+02 5.000000000000000000e+00 9.000000000000000000e+00
2.640002860563718627e+02 2.000000000000000000e+00 1.000000000000000000e+01
2.650002860563720901e+02 2.000000000000000000e+00 1.100000000000000000e+01
2.660002860563723175e+02 2.000000000000000000e+00 1.200000000000000000e+01
2.670002860563725449e+02 2.000000000000000000e+00 1.300000000000000000e+01
2.680001584197324291e+02 2.000000000000000000e+00 1.300000000000000000e+01
2.690002860563729996e+02 5.000000000000000000e+00 1.100000000000000000e+01
2.700002860563732270e+02 5.000000000000000000e+00 1.000000000000000000e+01
2.710002860563734544e+02 7.000000000000000000e+00 1.300000000000000000e+01
2.720002860563736817e+02 6.000000000000000000e+00 1.300000000000000000e+01
2.730002860563739091e+02 5.000000000000000000e+00 1.300000000000000000e+01
2.740002860563741365e+02 3.000000000000000000e+00 9.000000000000000000e+00
2.750002860563743639e+02 5.000000000000000000e+00 7.000000000000000000e+00
2.760002860563745912e+02 6.000000000000000000e+00 4.000000000000000000e+00
2.770002860563748186e+02 4.000000000000000000e+00 5.000000000000000000e+00
2.780002860563750460e+02 4.000000000000000000e+00 5.000000000000000000e+00
2.790002860563752733e+02 6.000000000000000000e+00 7.000000000000000000e+00
2.800002860563755007e+02 7.000000000000000000e+00 5.000000000000000000e+00
2.810002860563757281e+02 7.000000000000000000e+00 5.000000000000000000e+00
2.820002860563759555e+02 8.000000000000000000e+00 6.000000000000000000e+00
2.830002860563761828e+02 8.000000000000000000e+00 6.000000000000000000e+00
2.840002860563764102e+02 8.000000000000000000e+00 6.000000000000000000e+00
2.850002860563766376e+02 7.000000000000000000e+00 7.000000000000000000e+00
2.860002860563768650e+02 8.000000000000000000e+00 8.000000000000000000e+00
2.870002860563770923e+02 8.000000000000000000e+00 9.000000000000000000e+00
2.880002860563773197e+02 8.000000000000000000e+00 9.000000000000000000e+00
2.890002860563775471e+02 8.000000000000000000e+00 1.200000000000000000e+01
2.900002860563777745e+02 6.000000000000000000e+00 1.500000000000000000e+01
2.910002860563780018e+02 6.000000000000000000e+00 1.700000000000000000e+01
2.920002860563782292e+02 7.000000000000000000e+00 1.700000000000000000e+01
2.930002860563784566e+02 8.000000000000000000e+00 1.800000000000000000e+01
2.940002860563786840e+02 8.000000000000000000e+00 1.900000000000000000e+01
2.950002860563789113e+02 9.000000000000000000e+00 1.800000000000000000e+01
2.960002860563791387e+02 7.000000000000000000e+00 1.700000000000000000e+01
2.970002860563793661e+02 9.000000000000000000e+00 1.600000000000000000e+01
2.980002860563795934e+02 8.000000000000000000e+00 1.500000000000000000e+01
2.990002860563798208e+02 9.000000000000000000e+00 1.500000000000000000e+01
3.000002860563800482e+02 1.100000000000000000e+01 1.600000000000000000e+01
