0.000000000000000000e+00 0.000000000000000000e+00 0.000000000000000000e+00
1.000739563318195247e+00 3.000000000000000000e+00 3.000000000000000000e+00
2.000739563318195913e+00 3.000000000000000000e+00 3.000000000000000000e+00
3.000739563318196801e+00 3.000000000000000000e+00 3.000000000000000000e+00
4.000739563318197689e+00 3.000000000000000000e+00 3.000000000000000000e+00
5.000739563318194136e+00 3.000000000000000000e+00 3.000000000000000000e+00
6.000739563318190584e+00 4.000000000000000000e+00 4.000000000000000000e+00
7.000255914288468162e+00 3.000000000000000000e+00 3.000000000000000000e+00
8.000739563318184366e+00 4.000000000000000000e+00 4.000000000000000000e+00
9.000620399528157733e+00 6.000000000000000000e+00 6.000000000000000000e+00
1.000073956331817726e+01 6.000000000000000000e+00 6.000000000000000000e+00
1.100073956331817371e+01 6.000000000000000000e+00 6.000000000000000000e+00
1.200073956331817016e+01 7.000000000000000000e+00 7.000000000000000000e+00
1.300022836852915908e+01 7.000000000000000000e+00 7.000000000000000000e+00
1.400073956331816305e+01 6.000000000000000000e+00 6.000000000000000000e+00
1.500073956331815950e+01 6.000000000000000000e+00 6.000000000000000000e+00
1.600073956331815594e+01 6.000000000000000000e+00 6.000000000000000000e+00
1.700073956331817016e+01 7.000000000000000000e+00 6.000000000000000000e+00
1.800073956331818437e+01 5.000000000000000000e+00 6.000000000000000000e+00
1.900073956331819858e+01 6.000000000000000000e+00 7.000000000000000000e+00
2.000073956331821279e+01 3.000000000000000000e+00 6.000000000000000000e+00
2.100073956331822700e+01 2.000000000000000000e+00 5.000000000000000000e+00
2.200073956331824121e+01 1.000000000000000000e+00 5.000000000000000000e+00
2.300073956331825542e+01 3.000000000000000000e+00 7.000000000000000000e+00
2.400073956331826963e+01 4.000000000000000000e+00 8.000000000000000000e+00
2.500073956331828384e+01 5.000000000000000000e+00 9.000000000000000000e+00
2.600073956331829805e+01 2.000000000000000000e+00 8.000000000000000000e+00
2.700073956331831226e+01 3.000000000000000000e+00 8.000000000000000000e+00
2.800073956331832647e+01 5.000000000000000000e+00 1.000000000000000000e+01
2.900073956331834069e+01 8.000000000000000000e+00 1.300000000000000000e+01
3.000073956331835490e+01 8.000000000000000000e+00 1.200000000000000000e+01
3.100073956331836911e+01 9.000000000000000000e+00 1.400000000000000000e+01
3.200073956331838332e+01 1.000000000000000000e+01 1.400000000000000000e+01
3.300073956331839753e+01 1.000000000000000000e+01 1.300000000000000000e+01
3.400073956331841174e+01 1.000000000000000000e+01 1.300000000000000000e+01
3.500073956331842595e+01 1.000000000000000000e+01 1.300000000000000000e+01
3.600049651029023323e+01 9.000000000000000000e+00 1.300000000000000000e+01
3.700073956331845437e+01 1.100000000000000000e+01 1.400000000000000000e+01
3.800073956331846858e+01 1.300000000000000000e+01 1.400000000000000000e+01
3.900073956331848279e+01 1.300000000000000000e+01 1.400000000000000000e+01
4.000073956331849701e+01 1.300000000000000000e+01 1.100000000000000000e+01
4.100073956331851122e+01 1.300000000000000000e+01 1.100000000000000000e+01
4.200073956331852543e+01 1.300000000000000000e+01 8.000000000000000000e+00
4.300073956331853964e+01 1.700000000000000000e+01 7.000000000000000000e+00
4.400073956331855385e+01 1.800000000000000000e+01 6.000000000000000000e+00
4.500073956331856806e+01 1.800000000000000000e+01 4.000000000000000000e+00
4.600073956331858227e+01 1.800000000000000000e+01 3.000000000000000000e+00
4.700073956331859648e+01 2.000000000000000000e+01 4.000000000000000000e+00
4.800073956331861069e+01 2.000000000000000000e+01 4.000000000000000000e+00
4.900073956331862490e+01 2.100000000000000000e+01 5.000000000000000000e+00
5.000073956331863911e+01 2.200000000000000000e+01 7.000000000000000000e+00
5.100000932084252270e+01 2.200000000000000000e+01 7.000000000000000000e+00
5.200073956331866754e+01 2.300000000000000000e+01 9.000000000000000000e+00
5.300073956331868175e+01 2.400000000000000000e+01 6.000000000000000000e+00
5.400064254150912291e+01 2.400000000000000000e+01 6.000000000000000000e+00
5.500073956331871017e+01 2.300000000000000000e+01 7.000000000000000000e+00
5.600073956331872438e+01 2.100000000000000000e+01 7.000000000000000000e+00
5.700073956331873859e+01 2.100000000000000000e+01 8.000000000000000000e+00
5.800073956331875280e+01 2.200000000000000000e+01 9.000000000000000000e+00
5.900073956331876701e+01 2.500000000000000000e+01 1.000000000000000000e+01
6.000073956331878122e+01 2.300000000000000000e+01 1.000000000000000000e+01
6.100073956331879543e+01 2.200000000000000000e+01 9.000000000000000000e+00
6.200073956331880964e+01 1.900000000000000000e+01 9.000000000000000000e+00
6.300073956331882385e+01 1.900000000000000000e+01 9.000000000000000000e+00
6.400073956331883096e+01 2.000000000000000000e+01 1.000000000000000000e+01
6.500073956331877412e+01 1.700000000000000000e+01 1.100000000000000000e+01
6.600073956331871727e+01 1.700000000000000000e+01 1.300000000000000000e+01
6.700073956331866043e+01 1.500000000000000000e+01 1.300000000000000000e+01
6.800022618943079067e+01 1.600000000000000000e+01 1.300000000000000000e+01
6.900073956331854674e+01 1.500000000000000000e+01 1.300000000000000000e+01
7.000073956331848990e+01 1.000000000000000000e+01 1.300000000000000000e+01
7.100073956331843306e+01 8.000000000000000000e+00 1.500000000000000000e+01
7.200073956331837621e+01 6.000000000000000000e+00 1.400000000000000000e+01
7.300026421646063568e+01 6.000000000000000000e+00 1.400000000000000000e+01
7.400073956331826253e+01 6.000000000000000000e+00 1.400000000000000000e+01
7.500073956331820568e+01 7.000000000000000000e+00 1.500000000000000000e+01
7.600051903806257769e+01 7.000000000000000000e+00 1.500000000000000000e+01
7.700073956331809200e+01 7.000000000000000000e+00 1.500000000000000000e+01
7.800005135957856339e+01 8.000000000000000000e+00 1.700000000000000000e+01
7.900073956331797831e+01 8.000000000000000000e+00 1.800000000000000000e+01
8.000073956331792147e+01 9.000000000000000000e+00 1.900000000000000000e+01
8.100073956331786462e+01 9.000000000000000000e+00 1.900000000000000000e+01
8.200073956331780778e+01 9.000000000000000000e+00 1.900000000000000000e+01
8.300008750471303642e+01 9.000000000000000000e+00 1.800000000000000000e+01
8.400072600076124729e+01 1.000000000000000000e+01 1.900000000000000000e+01
8.500073956331763725e+01 1.100000000000000000e+01 1.900000000000000000e+01
8.600073956331758041e+01 1.100000000000000000e+01 1.700000000000000000e+01
8.700073956331752356e+01 9.000000000000000000e+00 1.600000000000000000e+01
8.800073956331746672e+01 7.000000000000000000e+00 1.400000000000000000e+01
8.900073956331740987e+01 8.000000000000000000e+00 1.400000000000000000e+01
9.000073956331735303e+01 8.000000000000000000e+00 1.300000000000000000e+01
9.100073956331729619e+01 1.100000000000000000e+01 1.100000000000000000e+01
9.200073956331723934e+01 1.300000000000000000e+01 1.300000000000000000e+01
9.300073956331718250e+01 1.200000000000000000e+01 1.300000000000000000e+01
9.400031250956538997e+01 1.200000000000000000e+01 1.300000000000000000e+01
9.500073956331706881e+01 1.200000000000000000e+01 1.300000000000000000e+01
9.600073956331701197e+01 1.200000000000000000e+01 1.300000000000000000e+01
9.700012321397903747e+01 1.300000000000000000e+01 1.500000000000000000e+01
9.800073956331689828e+01 1.400000000000000000e+01 1.400000000000000000e+01
9.900073956331684144e+01 1.400000000000000000e+01 1.300000000000000000e+01
1.000007395633167846e+02 1.500000000000000000e+01 1.400000000000000000e+01
1.010007395633167278e+02 1.500000000000000000e+01 1.500000000000000000e+01
1.020007152758133913e+02 1.700000000000000000e+01 1.400000000000000000e+01
1.030007395633166141e+02 1.700000000000000000e+01 1.500000000000000000e+01
1.040007395633165572e+02 1.800000000000000000e+01 1.300000000000000000e+01
1.050007395633165004e+02 1.900000000000000000e+01 1.300000000000000000e+01
1.060007395633164435e+02 2.000000000000000000e+01 1.400000000000000000e+01
1.070007395633163867e+02 2.000000000000000000e+01 1.600000000000000000e+01
1.080007395633163298e+02 1.900000000000000000e+01 1.300000000000000000e+01
1.090007395633162730e+02 1.900000000000000000e+01 1.200000000000000000e+01
1.100007395633162162e+02 1.900000000000000000e+01 1.100000000000000000e+01
1.110007395633161593e+02 1.900000000000000000e+01 1.000000000000000000e+01
1.120000962551737445e+02 2.000000000000000000e+01 1.200000000000000000e+01
1.130007395633160456e+02 1.900000000000000000e+01 1.200000000000000000e+01
1.140007395633159888e+02 1.900000000000000000e+01 1.200000000000000000e+01
1.150007395633159319e+02 1.900000000000000000e+01 1.000000000000000000e+01
1.160007395633158751e+02 2.000000000000000000e+01 6.000000000000000000e+00
1.170007395633158183e+02 2.000000000000000000e+01 5.000000000000000000e+00
1.180001133183925930e+02 2.000000000000000000e+01 5.000000000000000000e+00
1.190007395633157046e+02 2.000000000000000000e+01 4.000000000000000000e+00
1.200007395633156477e+02 2.100000000000000000e+01 5.000000000000000000e+00
1.210007395633155909e+02 2.200000000000000000e+01 4.000000000000000000e+00
1.220007395633155340e+02 2.200000000000000000e+01 4.000000000000000000e+00
1.230007395633154772e+02 2.200000000000000000e+01 5.000000000000000000e+00
1.240007395633154204e+02 2.300000000000000000e+01 5.000000000000000000e+00
1.250007395633153635e+02 2.400000000000000000e+01 7.000000000000000000e+00
1.260007395633153067e+02 2.400000000000000000e+01 6.000000000000000000e+00
1.270007395633152498e+02 2.300000000000000000e+01 6.000000000000000000e+00
1.280002296544332125e+02 2.300000000000000000e+01 5.000000000000000000e+00
1.290007395633151361e+02 2.300000000000000000e+01 7.000000000000000000e+00
1.300007395633150793e+02 2.400000000000000000e+01 8.000000000000000000e+00
1.310007395633150225e+02 2.200000000000000000e+01 7.000000000000000000e+00
1.320007395633149656e+02 2.200000000000000000e+01 7.000000000000000000e+00
1.330007395633149088e+02 2.600000000000000000e+01 7.000000000000000000e+00
1.340007395633148519e+02 2.600000000000000000e+01 8.000000000000000000e+00
1.350007395633147951e+02 2.500000000000000000e+01 9.000000000000000000e+00
1.360007395633147382e+02 2.500000000000000000e+01 1.000000000000000000e+01
1.370007395633146814e+02 2.500000000000000000e+01 1.000000000000000000e+01
1.380007395633146245e+02 2.300000000000000000e+01 1.000000000000000000e+01
1.390007395633145677e+02 2.400000000000000000e+01 1.100000000000000000e+01
1.400007395633145109e+02 2.300000000000000000e+01 1.100000000000000000e+01
1.410007395633144540e+02 2.300000000000000000e+01 9.000000000000000000e+00
1.420007395633143972e+02 2.300000000000000000e+01 9.000000000000000000e+00
1.430007366490800962e+02 2.300000000000000000e+01 1.000000000000000000e+01
1.440002533546034726e+02 2.400000000000000000e+01 1.000000000000000000e+01
1.450007395633142266e+02 2.500000000000000000e+01 1.200000000000000000e+01
1.460007395633141698e+02 2.400000000000000000e+01 1.300000000000000000e+01
1.470007395633141130e+02 2.300000000000000000e+01 1.300000000000000000e+01
1.480006527149544695e+02 1.800000000000000000e+01 1.400000000000000000e+01
1.490007395633139993e+02 1.600000000000000000e+01 1.300000000000000000e+01
1.500007395633139424e+02 1.600000000000000000e+01 1.200000000000000000e+01
1.510007395633138856e+02 1.700000000000000000e+01 1.200000000000000000e+01
1.520007395633138287e+02 1.700000000000000000e+01 1.500000000000000000e+01
1.530007395633137719e+02 1.700000000000000000e+01 1.500000000000000000e+01
1.540006992064689939e+02 1.700000000000000000e+01 1.500000000000000000e+01
1.550007395633136582e+02 1.700000000000000000e+01 1.600000000000000000e+01
1.560007395633136014e+02 1.700000000000000000e+01 1.800000000000000000e+01
1.570004859794335346e+02 1.700000000000000000e+01 1.800000000000000000e+01
1.580007395633134877e+02 1.700000000000000000e+01 1.700000000000000000e+01
1.590007042754050701e+02 1.700000000000000000e+01 1.600000000000000000e+01
1.600007395633133740e+02 1.800000000000000000e+01 1.600000000000000000e+01
1.610007395633133171e+02 1.700000000000000000e+01 1.700000000000000000e+01
1.620007395633132603e+02 1.700000000000000000e+01 1.900000000000000000e+01
1.630007395633132035e+02 1.700000000000000000e+01 1.800000000000000000e+01
1.640005150562107019e+02 1.700000000000000000e+01 1.800000000000000000e+01
1.650007395633130898e+02 1.700000000000000000e+01 1.800000000000000000e+01
1.660007395633130329e+02 1.800000000000000000e+01 1.800000000000000000e+01
1.670007395633129761e+02 2.000000000000000000e+01 1.700000000000000000e+01
1.680003740817695927e+02 2.000000000000000000e+01 1.600000000000000000e+01
1.690007395633128624e+02 2.200000000000000000e+01 1.500000000000000000e+01
1.700007395633128056e+02 2.400000000000000000e+01 1.600000000000000000e+01
1.710007395633127487e+02 2.400000000000000000e+01 1.700000000000000000e+01
1.720007395633126919e+02 2.400000000000000000e+01 1.900000000000000000e+01
1.730007395633126350e+02 2.600000000000000000e+01 1.700000000000000000e+01
1.740007395633125782e+02 2.600000000000000000e+01 1.700000000000000000e+01
1.750007395633125213e+02 2.600000000000000000e+01 1.700000000000000000e+01
1.760000818297883427e+02 2.700000000000000000e+01 1.600000000000000000e+01
1.770007395633124077e+02 2.800000000000000000e+01 1.800000000000000000e+01
1.780007395633123508e+02 2.700000000000000000e+01 1.900000000000000000e+01
1.790007395633122940e+02 2.700000000000000000e+01 1.800000000000000000e+01
1.800007395633122371e+02 2.700000000000000000e+01 1.900000000000000000e+01
1.810007395633121803e+02 2.900000000000000000e+01 2.100000000000000000e+01
1.820001309059711048e+02 2.600000000000000000e+01 2.000000000000000000e+01
1.830005180253986055e+02 2.400000000000000000e+01 2.100000000000000000e+01
1.840007395633120098e+02 2.200000000000000000e+01 2.100000000000000000e+01
1.850007395633119529e+02 2.300000000000000000e+01 2.100000000000000000e+01
1.860007395633118961e+02 2.400000000000000000e+01 2.200000000000000000e+01
1.870007395633118392e+02 2.200000000000000000e+01 2.300000000000000000e+01
1.880007395633117824e+02 2.100000000000000000e+01 2.300000000000000000e+01
1.890002933877670728e+02 2.000000000000000000e+01 2.200000000000000000e+01
1.900004597761690661e+02 2.000000000000000000e+01 2.300000000000000000e+01
1.910007395633116118e+02 2.000000000000000000e+01 2.300000000000000000e+01
1.920007270591866870e+02 2.100000000000000000e+01 2.300000000000000000e+01
1.930007395633114982e+02 1.900000000000000000e+01 2.300000000000000000e+01
1.940006836180532730e+02 1.900000000000000000e+01 2.400000000000000000e+01
1.950001150087529425e+02 2.100000000000000000e+01 2.500000000000000000e+01
1.960007395633113276e+02 2.100000000000000000e+01 2.500000000000000000e+01
1.970007395633112708e+02 1.800000000000000000e+01 2.700000000000000000e+01
1.980007395633112139e+02 1.400000000000000000e+01 2.700000000000000000e+01
1.990007395633111571e+02 1.100000000000000000e+01 2.600000000000000000e+01
2.000007395633111003e+02 1.200000000000000000e+01 2.500000000000000000e+01
2.010004965322478370e+02 1.200000000000000000e+01 2.500000000000000000e+01
2.020001629405853976e+02 1.100000000000000000e+01 2.400000000000000000e+01
2.030007395633109297e+02 1.000000000000000000e+01 2.400000000000000000e+01
2.040007395633108729e+02 1.000000000000000000e+01 2.400000000000000000e+01
2.050007395633108160e+02 1.100000000000000000e+01 2.400000000000000000e+01
2.060007395633107592e+02 1.100000000000000000e+01 1.900000000000000000e+01
2.070007395633107024e+02 1.200000000000000000e+01 2.000000000000000000e+01
2.080005023771221886e+02 1.100000000000000000e+01 2.000000000000000000e+01
2.090007026454789241e+02 1.100000000000000000e+01 1.900000000000000000e+01
2.100007395633105318e+02 1.000000000000000000e+01 1.900000000000000000e+01
2.110007395633104750e+02 1.000000000000000000e+01 1.800000000000000000e+01
2.120007395633104181e+02 1.100000000000000000e+01 1.800000000000000000e+01
2.130007395633103613e+02 1.100000000000000000e+01 1.700000000000000000e+01
2.140007395633103044e+02 1.400000000000000000e+01 1.900000000000000000e+01
2.150007395633102476e+02 1.400000000000000000e+01 2.100000000000000000e+01
2.160007395633101908e+02 1.400000000000000000e+01 2.100000000000000000e+01
2.170007395633101339e+02 1.400000000000000000e+01 2.200000000000000000e+01
2.180007395633100771e+02 1.400000000000000000e+01 2.200000000000000000e+01
2.190007395633100202e+02 1.300000000000000000e+01 1.600000000000000000e+01
2.200007395633099634e+02 1.100000000000000000e+01 1.200000000000000000e+01
2.210007395633099065e+02 8.000000000000000000e+00 1.200000000000000000e+01
2.220003350369939312e+02 8.000000000000000000e+00 1.400000000000000000e+01
2.230004432983826632e+02 1.000000000000000000e+01 1.300000000000000000e+01
2.240005192234541767e+02 9.000000000000000000e+00 1.300000000000000000e+01
2.250007395633096792e+02 9.000000000000000000e+00 1.400000000000000000e+01
2.260004204436589532e+02 9.000000000000000000e+00 1.500000000000000000e+01
2.270007395633095655e+02 1.000000000000000000e+01 1.500000000000000000e+01
2.280007395633095086e+02 1.100000000000000000e+01 1.600000000000000000e+01
2.290003156046290655e+02 1.100000000000000000e+01 1.600000000000000000e+01
2.300007395633093950e+02 1.100000000000000000e+01 1.500000000000000000e+01
2.310007395633093381e+02 1.300000000000000000e+01 1.400000000000000000e+01
2.320007395633092813e+02 1.000000000000000000e+01 1.500000000000000000e+01
2.330007395633092244e+02 1.000000000000000000e+01 1.400000000000000000e+01
2.340007395633091676e+02 1.100000000000000000e+01 1.000000000000000000e+01
2.350007395633091107e+02 1.200000000000000000e+01 1.000000000000000000e+01
2.360007395633090539e+02 1.200000000000000000e+01 1.000000000000000000e+01
2.370007395633089970e+02 1.200000000000000000e+01 6.000000000000000000e+00
2.380007395633089402e+02 1.400000000000000000e+01 3.000000000000000000e+00
2.390007395633088834e+02 1.400000000000000000e+01 2.000000000000000000e+00
2.400001531420882088e+02 1.700000000000000000e+01 4.000000000000000000e+00
2.410007395633087697e+02 1.800000000000000000e+01 2.000000000000000000e+00
2.420007395633087128e+02 1.900000000000000000e+01 3.000000000000000000e+00
2.430007395633086560e+02 1.900000000000000000e+01 2.000000000000000000e+00
2.440007395633085991e+02 1.800000000000000000e+01 5.000000000000000000e+00
2.450007395633085423e+02 1.400000000000000000e+01 2.000000000000000000e+00
2.460007395633084855e+02 1.600000000000000000e+01 3.000000000000000000e+00
2.470007395633084286e+02 1.100000000000000000e+01 4.000000000000000000e+00
2.480007395633083718e+02 9.000000000000000000e+00 5.000000000000000000e+00
2.490007395633083149e+02 8.000000000000000000e+00 3.000000000000000000e+00
2.500007395633082581e+02 8.000000000000000000e+00 4.000000000000000000e+00
2.510001527966349784e+02 8.000000000000000000e+00 4.000000000000000000e+00
2.520007395633081444e+02 1.100000000000000000e+01 5.000000000000000000e+00
2.530006642440745850e+02 1.200000000000000000e+01 4.000000000000000000e+00
2.540000343300844463e+02 1.300000000000000000e+01 4.000000000000000000e+00
2.550007395633079739e+02 1.200000000000000000e+01 4.000000000000000000e+00
2.560007395633079454e+02 1.400000000000000000e+01 5.000000000000000000e+00
2.570007395633081728e+02 1.400000000000000000e+01 6.000000000000000000e+00
2.580005269739291407e+02 1.400000000000000000e+01 1.000000000000000000e+00
2.590007395633086276e+02 1.600000000000000000e+01 4.000000000000000000e+00
2.600007395633088549e+02 1.600000000000000000e+01 2.000000000000000000e+00
2.610007395633090823e+02 1.600000000000000000e+01 1.000000000000000000e+00
2.620007395633093097e+02 1.800000000000000000e+01 3.000000000000000000e+00
2.630007395633095371e+02 1.800000000000000000e+01 2.000000000000000000e+00
2.640007395633097644e+02 1.800000000000000000e+01 2.000000000000000000e+00
2.650007395633099918e+02 1.800000000000000000e+01 3.000000000000000000e+00
2.660007395633102192e+02 1.700000000000000000e+01 6.000000000000000000e+00
2.670007395633104466e+02 1.700000000000000000e+01 5.000000000000000000e+00
2.680007395633106739e+02 1.500000000000000000e+01 4.000000000000000000e+00
2.690007395633109013e+02 1.600000000000000000e+01 4.000000000000000000e+00
2.700007395633111287e+02 1.600000000000000000e+01 5.000000000000000000e+00
2.710007395633113561e+02 1.600000000000000000e+01 4.000000000000000000e+00
2.720004923355941173e+02 1.600000000000000000e+01 5.000000000000000000e+00
2.730007395633118108e+02 1.700000000000000000e+01 7.000000000000000000e+00
2.740007395633120382e+02 1.700000000000000000e+01 7.000000000000000000e+00
2.750000665039921728e+02 1.700000000000000000e+01 8.000000000000000000e+00
2.760007395633124929e+02 1.800000000000000000e+01 9.000000000000000000e+00
2.770007395633127203e+02 1.900000000000000000e+01 9.000000000000000000e+00
2.780001595401640202e+02 1.900000000000000000e+01 1.100000000000000000e+01
2.790007395633131750e+02 1.900000000000000000e+01 9.000000000000000000e+00
2.800007395633134024e+02 2.000000000000000000e+01 1.000000000000000000e+01
2.810002704560279767e+02 2.100000000000000000e+01 1.100000000000000000e+01
2.820007395633138572e+02 2.100000000000000000e+01 1.100000000000000000e+01
2.830001296814593843e+02 2.100000000000000000e+01 1.200000000000000000e+01
2.840007395633143119e+02 1.900000000000000000e+01 1.300000000000000000e+01
2.850007395633145393e+02 2.000000000000000000e+01 1.200000000000000000e+01
2.860007395633147667e+02 1.800000000000000000e+01 1.200000000000000000e+01
2.870007395633149940e+02 1.700000000000000000e+01 1.300000000000000000e+01
2.880007395633152214e+02 1.600000000000000000e+01 1.300000000000000000e+01
2.890007395633154488e+02 1.600000000000000000e+01 1.100000000000000000e+01
2.900007395633156762e+02 1.600000000000000000e+01 1.100000000000000000e+01
2.910001229586454770e+02 1.700000000000000000e+01 1.100000000000000000e+01
2.920007395633161309e+02 1.800000000000000000e+01 1.100000000000000000e+01
2.930007395633163583e+02 1.600000000000000000e+01 1.000000000000000000e+01
2.940007395633165856e+02 1.200000000000000000e+01 1.200000000000000000e+01
2.950007395633168130e+02 1.000000000000000000e+01 1.100000000000000000e+01
2.960007395633170404e+02 8.000000000000000000e+00 1.100000000000000000e+01
2.970007395633172678e+02 1.100000000000000000e+01 1.200000000000000000e+01
2.980007395633174951e+02 1.000000000000000000e+01 1.200000000000000000e+01
2.990007395633177225e+02 9.000000000000000000e+00 1.300000000000000000e+01
3.000001482558236603e+02 8.000000000000000000e+00 1.300000000000000000e+01
