0.000000000000000000e+00 0.000000000000000000e+00 0.000000000000000000e+00
1.000328504352393733e+00 2.000000000000000000e+00 2.000000000000000000e+00
2.000328504352394621e+00 2.000000000000000000e+00 2.000000000000000000e+00
3.000328504352395509e+00 3.000000000000000000e+00 3.000000000000000000e+00
4.000328504352395953e+00 4.000000000000000000e+00 4.000000000000000000e+00
5.000328504352392400e+00 4.000000000000000000e+00 4.000000000000000000e+00
6.000328504352388848e+00 7.000000000000000000e+00 7.000000000000000000e+00
7.000328504352385295e+00 7.000000000000000000e+00 7.000000000000000000e+00
8.000328504352381742e+00 7.000000000000000000e+00 7.000000000000000000e+00
9.000328504352378189e+00 7.000000000000000000e+00 7.000000000000000000e+00
1.000012126440539895e+01 9.000000000000000000e+00 9.000000000000000000e+00
1.100032850435237108e+01 1.200000000000000000e+01 1.200000000000000000e+01
1.200032850435236753e+01 1.300000000000000000e+01 1.300000000000000000e+01
1.300032850435236398e+01 1.400000000000000000e+01 1.400000000000000000e+01
1.400032850435236043e+01 1.000000000000000000e+01 1.000000000000000000e+01
1.500032850435235687e+01 9.000000000000000000e+00 9.000000000000000000e+00
1.600032850435235332e+01 9.000000000000000000e+00 9.000000000000000000e+00
1.700032850435236753e+01 1.000000000000000000e+01 1.000000000000000000e+01
1.800032850435238174e+01 1.000000000000000000e+01 1.000000000000000000e+01
1.900032850435239595e+01 1.100000000000000000e+01 1.100000000000000000e+01
2.000032850435241016e+01 1.300000000000000000e+01 1.300000000000000000e+01
2.100032850435242437e+01 1.400000000000000000e+01 1.400000000000000000e+01
2.200032850435243859e+01 1.500000000000000000e+01 1.500000000000000000e+01
2.300032850435245280e+01 1.400000000000000000e+01 1.400000000000000000e+01
2.400032850435246701e+01 1.200000000000000000e+01 1.200000000000000000e+01
2.500032850435248122e+01 1.100000000000000000e+01 1.100000000000000000e+01
2.600032850435249543e+01 1.100000000000000000e+01 1.100000000000000000e+01
2.700032850435250964e+01 1.200000000000000000e+01 1.200000000000000000e+01
2.800032850435252385e+01 1.400000000000000000e+01 1.300000000000000000e+01
2.900032850435253806e+01 1.500000000000000000e+01 1.400000000000000000e+01
3.000032850435255227e+01 1.600000000000000000e+01 1.400000000000000000e+01
3.100032850435256648e+01 1.700000000000000000e+01 1.500000000000000000e+01
3.200032850435258069e+01 1.800000000000000000e+01 1.500000000000000000e+01
3.300032850435259490e+01 1.900000000000000000e+01 1.600000000000000000e+01
3.400032850435260912e+01 1.900000000000000000e+01 1.700000000000000000e+01
3.500003682336497235e+01 1.700000000000000000e+01 1.800000000000000000e+01
3.600032850435263754e+01 1.400000000000000000e+01 1.900000000000000000e+01
3.700032850435265175e+01 1.200000000000000000e+01 1.600000000000000000e+01
3.800032850435266596e+01 1.100000000000000000e+01 1.500000000000000000e+01
3.900032850435268017e+01 1.100000000000000000e+01 1.200000000000000000e+01
4.000032850435269438e+01 1.300000000000000000e+01 1.300000000000000000e+01
4.100032850435270859e+01 1.400000000000000000e+01 1.300000000000000000e+01
4.200032850435272280e+01 1.400000000000000000e+01 1.300000000000000000e+01
4.300032850435273701e+01 1.500000000000000000e+01 1.300000000000000000e+01
4.400032850435275122e+01 1.500000000000000000e+01 1.300000000000000000e+01
4.500032850435276544e+01 1.700000000000000000e+01 1.500000000000000000e+01
4.600032850435277965e+01 1.800000000000000000e+01 1.000000000000000000e+01
4.700032850435279386e+01 1.700000000000000000e+01 1.000000000000000000e+01
4.800032850435280807e+01 1.800000000000000000e+01 1.000000000000000000e+01
4.900032850435282228e+01 1.200000000000000000e+01 1.100000000000000000e+01
5.000032850435283649e+01 1.300000000000000000e+01 1.000000000000000000e+01
5.100032850435285070e+01 1.200000000000000000e+01 9.000000000000000000e+00
5.200032850435286491e+01 1.400000000000000000e+01 1.100000000000000000e+01
5.300032850435287912e+01 1.300000000000000000e+01 9.000000000000000000e+00
5.400032850435289333e+01 1.400000000000000000e+01 1.000000000000000000e+01
5.500032850435290754e+01 1.500000000000000000e+01 1.100000000000000000e+01
5.600032850435292175e+01 1.600000000000000000e+01 1.300000000000000000e+01
5.700032850435293597e+01 1.600000000000000000e+01 1.300000000000000000e+01
5.800032850435295018e+01 1.600000000000000000e+01 1.300000000000000000e+01
5.900032850435296439e+01 1.700000000000000000e+01 1.500000000000000000e+01
6.000032850435297860e+01 1.500000000000000000e+01 1.400000000000000000e+01
6.100032850435299281e+01 1.500000000000000000e+01 1.200000000000000000e+01
6.200032850435300702e+01 1.500000000000000000e+01 1.200000000000000000e+01
6.300032850435302123e+01 1.500000000000000000e+01 1.200000000000000000e+01
6.400032850435303544e+01 1.700000000000000000e+01 1.400000000000000000e+01
6.500032850435297860e+01 1.800000000000000000e+01 1.500000000000000000e+01
6.600032850435292175e+01 1.900000000000000000e+01 1.500000000000000000e+01
6.700032850435286491e+01 1.900000000000000000e+01 1.300000000000000000e+01
6.800032850435280807e+01 2.000000000000000000e+01 1.400000000000000000e+01
6.900032850435275122e+01 1.800000000000000000e+01 1.400000000000000000e+01
7.000032850435269438e+01 1.800000000000000000e+01 1.500000000000000000e+01
7.100032850435263754e+01 1.900000000000000000e+01 1.500000000000000000e+01
7.200032850435258069e+01 1.900000000000000000e+01 1.400000000000000000e+01
7.300032850435252385e+01 1.900000000000000000e+01 1.500000000000000000e+01
7.400032850435246701e+01 1.800000000000000000e+01 1.400000000000000000e+01
7.500032850435241016e+01 1.900000000000000000e+01 1.400000000000000000e+01
7.600032850435235332e+01 1.800000000000000000e+01 1.400000000000000000e+01
7.700004625524577762e+01 1.800000000000000000e+01 1.400000000000000000e+01
7.800032850435223963e+01 1.900000000000000000e+01 1.500000000000000000e+01
7.900032850435218279e+01 1.400000000000000000e+01 1.500000000000000000e+01
8.000032850435212595e+01 1.100000000000000000e+01 1.500000000000000000e+01
8.100032850435206910e+01 1.300000000000000000e+01 1.600000000000000000e+01
8.200029316838059401e+01 1.000000000000000000e+01 1.700000000000000000e+01
8.300032850435195542e+01 8.000000000000000000e+00 1.700000000000000000e+01
8.400032850435189857e+01 8.000000000000000000e+00 1.700000000000000000e+01
8.500032850435184173e+01 1.000000000000000000e+01 1.800000000000000000e+01
8.600032850435178489e+01 9.000000000000000000e+00 1.900000000000000000e+01
8.700032850435172804e+01 1.000000000000000000e+01 1.900000000000000000e+01
8.800032850435167120e+01 9.000000000000000000e+00 2.100000000000000000e+01
8.900032850435161436e+01 9.000000000000000000e+00 2.000000000000000000e+01
9.000032850435155751e+01 9.000000000000000000e+00 1.500000000000000000e+01
9.100032850435150067e+01 8.000000000000000000e+00 1.300000000000000000e+01
9.200032850435144383e+01 8.000000000000000000e+00 1.400000000000000000e+01
9.300032850435138698e+01 9.000000000000000000e+00 1.400000000000000000e+01
9.400032850435133014e+01 1.000000000000000000e+01 1.400000000000000000e+01
9.500032850435127330e+01 9.000000000000000000e+00 1.400000000000000000e+01
9.600032850435121645e+01 1.000000000000000000e+01 1.500000000000000000e+01
9.700032850435115961e+01 1.200000000000000000e+01 1.600000000000000000e+01
9.800032850435110277e+01 1.200000000000000000e+01 1.600000000000000000e+01
9.900032850435104592e+01 1.300000000000000000e+01 1.700000000000000000e+01
1.000003285043509891e+02 1.400000000000000000e+01 1.700000000000000000e+01
1.010003285043509322e+02 1.400000000000000000e+01 1.700000000000000000e+01
1.020003285043508754e+02 1.600000000000000000e+01 1.700000000000000000e+01
1.030003285043508185e+02 1.500000000000000000e+01 1.800000000000000000e+01
1.040001276703730895e+02 1.500000000000000000e+01 1.800000000000000000e+01
1.050003285043507049e+02 1.200000000000000000e+01 1.900000000000000000e+01
1.060003285043506480e+02 1.000000000000000000e+01 1.900000000000000000e+01
1.070003285043505912e+02 1.000000000000000000e+01 1.900000000000000000e+01
1.080003285043505343e+02 1.000000000000000000e+01 2.000000000000000000e+01
1.090003285043504775e+02 1.100000000000000000e+01 2.000000000000000000e+01
1.100003285043504206e+02 1.000000000000000000e+01 2.100000000000000000e+01
1.110003285043503638e+02 1.000000000000000000e+01 2.100000000000000000e+01
1.120003285043503070e+02 1.000000000000000000e+01 2.200000000000000000e+01
1.130003285043502501e+02 7.000000000000000000e+00 2.200000000000000000e+01
1.140003285043501933e+02 8.000000000000000000e+00 2.300000000000000000e+01
1.150003285043501364e+02 1.000000000000000000e+01 2.100000000000000000e+01
1.160003285043500796e+02 9.000000000000000000e+00 2.100000000000000000e+01
1.170003285043500227e+02 1.100000000000000000e+01 1.900000000000000000e+01
1.180003285043499659e+02 1.200000000000000000e+01 1.400000000000000000e+01
1.190003285043499091e+02 1.100000000000000000e+01 1.300000000000000000e+01
1.200001090865413147e+02 1.100000000000000000e+01 1.300000000000000000e+01
1.210003285043497954e+02 1.200000000000000000e+01 1.400000000000000000e+01
1.220003285043497385e+02 1.200000000000000000e+01 1.400000000000000000e+01
1.230003285043496817e+02 1.100000000000000000e+01 1.400000000000000000e+01
1.240003285043496248e+02 1.100000000000000000e+01 1.700000000000000000e+01
1.250003285043495680e+02 1.100000000000000000e+01 1.700000000000000000e+01
1.260003285043495111e+02 1.000000000000000000e+01 1.700000000000000000e+01
1.270003285043494543e+02 1.000000000000000000e+01 1.700000000000000000e+01
1.280003285043493975e+02 1.100000000000000000e+01 1.800000000000000000e+01
1.290003285043493406e+02 1.100000000000000000e+01 1.500000000000000000e+01
1.300003285043492838e+02 1.100000000000000000e+01 1.300000000000000000e+01
1.310003285043492269e+02 1.100000000000000000e+01 1.400000000000000000e+01
1.320003285043491701e+02 1.100000000000000000e+01 1.400000000000000000e+01
1.330002745546774179e+02 1.000000000000000000e+01 1.500000000000000000e+01
1.340003285043490564e+02 9.000000000000000000e+00 1.500000000000000000e+01
1.350003285043489996e+02 8.000000000000000000e+00 1.500000000000000000e+01
1.360003285043489427e+02 8.000000000000000000e+00 1.600000000000000000e+01
1.370003285043488859e+02 8.000000000000000000e+00 1.600000000000000000e+01
1.380003285043488290e+02 8.000000000000000000e+00 1.700000000000000000e+01
1.390003285043487722e+02 8.000000000000000000e+00 1.900000000000000000e+01
1.400003285043487153e+02 8.000000000000000000e+00 1.900000000000000000e+01
1.410003285043486585e+02 8.000000000000000000e+00 1.900000000000000000e+01
1.420003285043486017e+02 9.000000000000000000e+00 1.900000000000000000e+01
1.430003285043485448e+02 9.000000000000000000e+00 1.900000000000000000e+01
1.440003285043484880e+02 9.000000000000000000e+00 1.900000000000000000e+01
1.450003285043484311e+02 1.000000000000000000e+01 2.100000000000000000e+01
1.460003285043483743e+02 9.000000000000000000e+00 2.200000000000000000e+01
1.470003285043483174e+02 9.000000000000000000e+00 2.100000000000000000e+01
1.480003285043482606e+02 1.000000000000000000e+01 1.900000000000000000e+01
1.490002766974371013e+02 1.200000000000000000e+01 1.700000000000000000e+01
1.500003285043481469e+02 1.100000000000000000e+01 1.600000000000000000e+01
1.510003285043480901e+02 1.200000000000000000e+01 1.300000000000000000e+01
1.520003285043480332e+02 1.400000000000000000e+01 1.100000000000000000e+01
1.530003285043479764e+02 1.400000000000000000e+01 9.000000000000000000e+00
1.540003285043479195e+02 1.700000000000000000e+01 1.000000000000000000e+01
1.550003285043478627e+02 1.600000000000000000e+01 1.000000000000000000e+01
1.560003285043478058e+02 1.600000000000000000e+01 1.100000000000000000e+01
1.570003285043477490e+02 1.600000000000000000e+01 8.000000000000000000e+00
1.580003285043476922e+02 1.700000000000000000e+01 4.000000000000000000e+00
1.590003285043476353e+02 1.500000000000000000e+01 3.000000000000000000e+00
1.600003285043475785e+02 1.400000000000000000e+01 4.000000000000000000e+00
1.610003285043475216e+02 1.900000000000000000e+01 4.000000000000000000e+00
1.620003285043474648e+02 1.900000000000000000e+01 5.000000000000000000e+00
1.630003285043474079e+02 1.500000000000000000e+01 5.000000000000000000e+00
1.640003285043473511e+02 1.200000000000000000e+01 7.000000000000000000e+00
1.650003285043472943e+02 7.000000000000000000e+00 8.000000000000000000e+00
1.660003285043472374e+02 5.000000000000000000e+00 5.000000000000000000e+00
1.670000201596754437e+02 4.000000000000000000e+00 5.000000000000000000e+00
1.680001522669572580e+02 4.000000000000000000e+00 5.000000000000000000e+00
1.690003285043470669e+02 3.000000000000000000e+00 5.000000000000000000e+00
1.700003285043470100e+02 4.000000000000000000e+00 5.000000000000000000e+00
1.710003285043469532e+02 6.000000000000000000e+00 6.000000000000000000e+00
1.720003285043468964e+02 9.000000000000000000e+00 7.000000000000000000e+00
1.730003285043468395e+02 1.000000000000000000e+01 9.000000000000000000e+00
1.740003285043467827e+02 1.100000000000000000e+01 8.000000000000000000e+00
1.750003285043467258e+02 1.100000000000000000e+01 9.000000000000000000e+00
1.760003285043466690e+02 1.100000000000000000e+01 7.000000000000000000e+00
1.770003285043466121e+02 1.200000000000000000e+01 7.000000000000000000e+00
1.780003285043465553e+02 9.000000000000000000e+00 5.000000000000000000e+00
1.790003285043464984e+02 1.200000000000000000e+01 6.000000000000000000e+00
1.800003285043464416e+02 8.000000000000000000e+00 5.000000000000000000e+00
1.810003285043463848e+02 7.000000000000000000e+00 5.000000000000000000e+00
1.820003285043463279e+02 6.000000000000000000e+00 6.000000000000000000e+00
1.830003285043462711e+02 7.000000000000000000e+00 8.000000000000000000e+00
1.840003285043462142e+02 8.000000000000000000e+00 7.000000000000000000e+00
1.850003285043461574e+02 1.000000000000000000e+01 6.000000000000000000e+00
1.860003285043461005e+02 1.100000000000000000e+01 6.000000000000000000e+00
1.870003285043460437e+02 1.200000000000000000e+01 6.000000000000000000e+00
1.880003285043459869e+02 1.100000000000000000e+01 4.000000000000000000e+00
1.890003285043459300e+02 1.300000000000000000e+01 4.000000000000000000e+00
1.900003285043458732e+02 1.300000000000000000e+01 4.000000000000000000e+00
1.910003285043458163e+02 1.400000000000000000e+01 6.000000000000000000e+00
1.920001073041407551e+02 1.600000000000000000e+01 7.000000000000000000e+00
1.930003285043457026e+02 1.500000000000000000e+01 8.000000000000000000e+00
1.940003285043456458e+02 1.600000000000000000e+01 7.000000000000000000e+00
1.950003285043455890e+02 1.500000000000000000e+01 6.000000000000000000e+00
1.960003285043455321e+02 1.600000000000000000e+01 7.000000000000000000e+00
1.970003285043454753e+02 1.600000000000000000e+01 5.000000000000000000e+00
1.980003285043454184e+02 1.700000000000000000e+01 3.000000000000000000e+00
1.990003285043453616e+02 1.600000000000000000e+01 3.000000000000000000e+00
2.000003285043453047e+02 1.300000000000000000e+01 4.000000000000000000e+00
2.010003285043452479e+02 1.300000000000000000e+01 6.000000000000000000e+00
2.020003285043451910e+02 1.200000000000000000e+01 7.000000000000000000e+00
2.030003285043451342e+02 5.000000000000000000e+00 5.000000000000000000e+00
2.040003285043450774e+02 4.000000000000000000e+00 7.000000000000000000e+00
2.050003285043450205e+02 6.000000000000000000e+00 7.000000000000000000e+00
2.060003285043449637e+02 7.000000000000000000e+00 7.000000000000000000e+00
2.070003285043449068e+02 6.000000000000000000e+00 1.000000000000000000e+01
2.080003285043448500e+02 6.000000000000000000e+00 8.000000000000000000e+00
2.090002761882865912e+02 4.000000000000000000e+00 8.000000000000000000e+00
2.100003285043447363e+02 4.000000000000000000e+00 6.000000000000000000e+00
2.110003285043446795e+02 4.000000000000000000e+00 5.000000000000000000e+00
2.120003285043446226e+02 2.000000000000000000e+00 5.000000000000000000e+00
2.130003285043445658e+02 1.000000000000000000e+00 4.000000000000000000e+00
2.140003285043445089e+02 1.000000000000000000e+00 6.000000000000000000e+00
2.150003285043444521e+02 3.000000000000000000e+00 5.000000000000000000e+00
2.160003285043443952e+02 3.000000000000000000e+00 4.000000000000000000e+00
2.170003285043443384e+02 4.000000000000000000e+00 5.000000000000000000e+00
2.180003285043442816e+02 4.000000000000000000e+00 5.000000000000000000e+00
2.190003285043442247e+02 4.000000000000000000e+00 5.000000000000000000e+00
2.200003285043441679e+02 4.000000000000000000e+00 4.000000000000000000e+00
2.210003285043441110e+02 4.000000000000000000e+00 4.000000000000000000e+00
2.220003285043440542e+02 5.000000000000000000e+00 4.000000000000000000e+00
2.230003285043439973e+02 6.000000000000000000e+00 4.000000000000000000e+00
2.240003285043439405e+02 6.000000000000000000e+00 4.000000000000000000e+00
2.250003285043438837e+02 4.000000000000000000e+00 4.000000000000000000e+00
2.260003285043438268e+02 4.000000000000000000e+00 5.000000000000000000e+00
2.270003285043437700e+02 4.000000000000000000e+00 6.000000000000000000e+00
2.280003285043437131e+02 4.000000000000000000e+00 4.000000000000000000e+00
2.290003285043436563e+02 4.000000000000000000e+00 2.000000000000000000e+00
2.300003285043435994e+02 6.000000000000000000e+00 2.000000000000000000e+00
2.310003285043435426e+02 6.000000000000000000e+00 2.000000000000000000e+00
2.320003285043434857e+02 5.000000000000000000e+00 2.000000000000000000e+00
2.330003285043434289e+02 4.000000000000000000e+00 2.000000000000000000e+00
2.340003285043433721e+02 4.000000000000000000e+00 2.000000000000000000e+00
2.350003285043433152e+02 4.000000000000000000e+00 2.000000000000000000e+00
2.360003285043432584e+02 4.000000000000000000e+00 3.000000000000000000e+00
2.370003285043432015e+02 4.000000000000000000e+00 3.000000000000000000e+00
2.380003285043431447e+02 7.000000000000000000e+00 6.000000000000000000e+00
2.390003285043430878e+02 6.000000000000000000e+00 6.000000000000000000e+00
2.400003285043430310e+02 8.000000000000000000e+00 5.000000000000000000e+00
2.410003272566854946e+02 9.000000000000000000e+00 6.000000000000000000e+00
2.420003285043429173e+02 1.000000000000000000e+01 9.000000000000000000e+00
2.430003285043428605e+02 1.200000000000000000e+01 7.000000000000000000e+00
2.440003285043428036e+02 1.200000000000000000e+01 9.000000000000000000e+00
2.450003285043427468e+02 9.000000000000000000e+00 8.000000000000000000e+00
2.460003285043426899e+02 7.000000000000000000e+00 7.000000000000000000e+00
2.470003077976425345e+02 7.000000000000000000e+00 6.000000000000000000e+00
2.480003285043425763e+02 8.000000000000000000e+00 4.000000000000000000e+00
2.490003285043425194e+02 8.000000000000000000e+00 4.000000000000000000e+00
2.500000634715414662e+02 8.000000000000000000e+00 4.000000000000000000e+00
2.510003285043424057e+02 8.000000000000000000e+00 4.000000000000000000e+00
2.520003285043423489e+02 7.000000000000000000e+00 3.000000000000000000e+00
2.530003285043422920e+02 8.000000000000000000e+00 3.000000000000000000e+00
2.540003285043422352e+02 8.000000000000000000e+00 5.000000000000000000e+00
2.550003285043421783e+02 1.000000000000000000e+01 6.000000000000000000e+00
2.560003285043421215e+02 1.000000000000000000e+01 5.000000000000000000e+00
2.570003285043423489e+02 1.200000000000000000e+01 5.000000000000000000e+00
2.580003285043425763e+02 1.200000000000000000e+01 4.000000000000000000e+00
2.590003285043428036e+02 1.000000000000000000e+01 2.000000000000000000e+00
2.600003285043430310e+02 1.100000000000000000e+01 2.000000000000000000e+00
2.610003285043432584e+02 9.000000000000000000e+00 2.000000000000000000e+00
2.620003285043434857e+02 9.000000000000000000e+00 2.000000000000000000e+00
2.630003285043437131e+02 9.000000000000000000e+00 3.000000000000000000e+00
2.640003285043439405e+02 1.000000000000000000e+01 2.000000000000000000e+00
2.650003285043441679e+02 6.000000000000000000e+00 2.000000000000000000e+00
2.660003285043443952e+02 7.000000000000000000e+00 4.000000000000000000e+00
2.670003285043446226e+02 7.000000000000000000e+00 3.000000000000000000e+00
2.680003285043448500e+02 7.000000000000000000e+00 5.000000000000000000e+00
2.690003285043450774e+02 8.000000000000000000e+00 5.000000000000000000e+00
2.700003285043453047e+02 7.000000000000000000e+00 5.000000000000000000e+00
2.710003285043455321e+02 6.000000000000000000e+00 7.000000000000000000e+00
2.720003285043457595e+02 6.000000000000000000e+00 6.000000000000000000e+00
2.730003285043459869e+02 7.000000000000000000e+00 6.000000000000000000e+00
2.740003285043462142e+02 5.000000000000000000e+00 5.000000000000000000e+00
2.750003285043464416e+02 5.000000000000000000e+00 5.000000000000000000e+00
2.760003285043466690e+02 3.000000000000000000e+00 5.000000000000000000e+00
2.770003285043468964e+02 5.000000000000000000e+00 7.000000000000000000e+00
2.780003285043471237e+02 3.000000000000000000e+00 1.000000000000000000e+01
2.790003285043473511e+02 3.000000000000000000e+00 1.000000000000000000e+01
2.800003285043475785e+02 3.000000000000000000e+00 1.000000000000000000e+01
2.810003285043478058e+02 3.000000000000000000e+00 1.000000000000000000e+01
2.820003285043480332e+02 4.000000000000000000e+00 1.000000000000000000e+01
2.830003285043482606e+02 4.000000000000000000e+00 1.000000000000000000e+01
2.840003285043484880e+02 4.000000000000000000e+00 8.000000000000000000e+00
2.850003285043487153e+02 5.000000000000000000e+00 8.000000000000000000e+00
2.860003285043489427e+02 5.000000000000000000e+00 8.000000000000000000e+00
2.870003285043491701e+02 5.000000000000000000e+00 7.000000000000000000e+00
2.880003285043493975e+02 5.000000000000000000e+00 9.000000000000000000e+00
2.890003285043496248e+02 5.000000000000000000e+00 9.000000000000000000e+00
2.900003285043498522e+02 6.000000000000000000e+00 9.000000000000000000e+00
2.910003285043500796e+02 7.000000000000000000e+00 1.000000000000000000e+01
2.920003285043503070e+02 7.000000000000000000e+00 1.000000000000000000e+01
2.930003285043505343e+02 8.000000000000000000e+00 9.000000000000000000e+00
2.940003285043507617e+02 8.000000000000000000e+00 6.000000000000000000e+00
2.950003285043509891e+02 9.000000000000000000e+00 8.000000000000000000e+00
2.960003285043512165e+02 1.100000000000000000e+01 1.000000000000000000e+01
2.970003285043514438e+02 1.500000000000000000e+01 1.000000000000000000e+01
2.980003285043516712e+02 1.400000000000000000e+01 1.100000000000000000e+01
2.990003285043518986e+02 1.500000000000000000e+01 1.300000000000000000e+01
3.000003285043521259e+02 1.500000000000000000e+01 1.700000000000000000e+01
