0.000000000000000000e+00 0.000000000000000000e+00 0.000000000000000000e+00
1.001349258425656030e+00 3.000000000000000000e+00 3.000000000000000000e+00
2.001349258425656696e+00 6.000000000000000000e+00 6.000000000000000000e+00
3.001349258425657585e+00 6.000000000000000000e+00 6.000000000000000000e+00
4.001349258425658029e+00 6.000000000000000000e+00 6.000000000000000000e+00
5.000811345493599624e+00 6.000000000000000000e+00 6.000000000000000000e+00
6.001349258425650923e+00 5.000000000000000000e+00 5.000000000000000000e+00
7.001349258425647371e+00 5.000000000000000000e+00 5.000000000000000000e+00
8.001349258425644706e+00 7.000000000000000000e+00 7.000000000000000000e+00
9.001349258425641153e+00 9.000000000000000000e+00 9.000000000000000000e+00
1.000134925842563760e+01 7.000000000000000000e+00 7.000000000000000000e+00
1.100134925842563405e+01 1.000000000000000000e+01 1.000000000000000000e+01
1.200134925842563050e+01 1.200000000000000000e+01 1.200000000000000000e+01
1.300134925842562694e+01 1.200000000000000000e+01 1.200000000000000000e+01
1.400051642261662188e+01 1.400000000000000000e+01 1.300000000000000000e+01
1.500076037534570617e+01 1.200000000000000000e+01 1.100000000000000000e+01
1.600134925842561628e+01 8.000000000000000000e+00 7.000000000000000000e+00
1.700134925842563050e+01 6.000000000000000000e+00 5.000000000000000000e+00
1.800002456816285346e+01 5.000000000000000000e+00 4.000000000000000000e+00
1.900100996201109993e+01 3.000000000000000000e+00 3.000000000000000000e+00
2.000134925842567313e+01 2.000000000000000000e+00 3.000000000000000000e+00
2.100039246182256392e+01 2.000000000000000000e+00 2.000000000000000000e+00
2.200020205970360010e+01 3.000000000000000000e+00 3.000000000000000000e+00
2.300134925842571576e+01 5.000000000000000000e+00 4.000000000000000000e+00
2.400107622577301214e+01 4.000000000000000000e+00 4.000000000000000000e+00
2.500080912072110806e+01 6.000000000000000000e+00 6.000000000000000000e+00
2.600134925842575839e+01 5.000000000000000000e+00 6.000000000000000000e+00
2.700134925842577260e+01 7.000000000000000000e+00 7.000000000000000000e+00
2.800134925842578681e+01 7.000000000000000000e+00 6.000000000000000000e+00
2.900134925842580103e+01 7.000000000000000000e+00 7.000000000000000000e+00
3.000134925842581524e+01 9.000000000000000000e+00 9.000000000000000000e+00
3.100071948400978528e+01 1.000000000000000000e+01 9.000000000000000000e+00
3.200094214213877564e+01 1.100000000000000000e+01 1.000000000000000000e+01
3.300134925842585432e+01 1.000000000000000000e+01 1.000000000000000000e+01
3.400134925842586853e+01 1.000000000000000000e+01 1.000000000000000000e+01
3.500134925842588274e+01 1.000000000000000000e+01 1.000000000000000000e+01
3.600134925842589695e+01 1.000000000000000000e+01 1.000000000000000000e+01
3.700134925842591116e+01 1.000000000000000000e+01 1.100000000000000000e+01
3.800059764208880608e+01 1.000000000000000000e+01 1.000000000000000000e+01
3.900025917338497550e+01 1.000000000000000000e+01 9.000000000000000000e+00
4.000091550472340174e+01 1.000000000000000000e+01 7.000000000000000000e+00
4.100134925842596800e+01 1.000000000000000000e+01 7.000000000000000000e+00
4.200134925842598221e+01 1.100000000000000000e+01 7.000000000000000000e+00
4.300134925842599642e+01 1.100000000000000000e+01 7.000000000000000000e+00
4.400134925842601064e+01 1.100000000000000000e+01 7.000000000000000000e+00
4.500134925842602485e+01 1.000000000000000000e+01 8.000000000000000000e+00
4.600031340908893185e+01 9.000000000000000000e+00 8.000000000000000000e+00
4.700134925842605327e+01 1.000000000000000000e+01 1.000000000000000000e+01
4.800052036439281267e+01 9.000000000000000000e+00 1.100000000000000000e+01
4.900134925842608169e+01 8.000000000000000000e+00 9.000000000000000000e+00
5.000134925842609590e+01 9.000000000000000000e+00 9.000000000000000000e+00
5.100011393610416377e+01 9.000000000000000000e+00 6.000000000000000000e+00
5.200085176481627514e+01 9.000000000000000000e+00 6.000000000000000000e+00
5.300048769567987961e+01 8.000000000000000000e+00 6.000000000000000000e+00
5.400134925842615274e+01 9.000000000000000000e+00 7.000000000000000000e+00
5.500020171063747654e+01 8.000000000000000000e+00 8.000000000000000000e+00
5.600134925842618117e+01 1.000000000000000000e+01 6.000000000000000000e+00
5.700134925842619538e+01 9.000000000000000000e+00 6.000000000000000000e+00
5.800134925842620959e+01 9.000000000000000000e+00 7.000000000000000000e+00
5.900134925842622380e+01 1.100000000000000000e+01 8.000000000000000000e+00
6.000134925842623801e+01 1.100000000000000000e+01 8.000000000000000000e+00
6.100044435911833318e+01 1.300000000000000000e+01 8.000000000000000000e+00
6.200134925842626643e+01 1.200000000000000000e+01 9.000000000000000000e+00
6.300134925842628064e+01 1.200000000000000000e+01 9.000000000000000000e+00
6.400134925842628775e+01 1.200000000000000000e+01 1.000000000000000000e+01
6.500134925842623090e+01 1.300000000000000000e+01 1.200000000000000000e+01
6.600134925842617406e+01 1.400000000000000000e+01 1.100000000000000000e+01
6.700134925842611722e+01 1.300000000000000000e+01 1.100000000000000000e+01
6.800134925842606037e+01 1.500000000000000000e+01 1.300000000000000000e+01
6.900134925842600353e+01 1.400000000000000000e+01 1.300000000000000000e+01
7.000012883361675620e+01 1.300000000000000000e+01 1.200000000000000000e+01
7.100017205923104768e+01 1.400000000000000000e+01 1.200000000000000000e+01
7.200016257706438694e+01 1.400000000000000000e+01 5.000000000000000000e+00
7.300134925842577616e+01 1.400000000000000000e+01 3.000000000000000000e+00
7.400134925842571931e+01 1.400000000000000000e+01 3.000000000000000000e+00
7.500134925842566247e+01 1.400000000000000000e+01 4.000000000000000000e+00
7.600134925842560563e+01 1.500000000000000000e+01 6.000000000000000000e+00
7.700134925842554878e+01 1.900000000000000000e+01 8.000000000000000000e+00
7.800134925842549194e+01 2.000000000000000000e+01 1.000000000000000000e+01
7.900134925842543510e+01 1.600000000000000000e+01 1.000000000000000000e+01
8.000134925842537825e+01 1.100000000000000000e+01 1.000000000000000000e+01
8.100134925842532141e+01 7.000000000000000000e+00 1.300000000000000000e+01
8.200071776263415302e+01 6.000000000000000000e+00 1.400000000000000000e+01
8.300134925842520772e+01 6.000000000000000000e+00 1.300000000000000000e+01
8.400134925842515088e+01 6.000000000000000000e+00 1.200000000000000000e+01
8.500134925842509404e+01 6.000000000000000000e+00 1.100000000000000000e+01
8.600134925842503719e+01 5.000000000000000000e+00 1.100000000000000000e+01
8.700134925842498035e+01 6.000000000000000000e+00 1.200000000000000000e+01
8.800134925842492351e+01 6.000000000000000000e+00 1.200000000000000000e+01
8.900002772559697917e+01 6.000000000000000000e+00 1.100000000000000000e+01
9.000134925842480982e+01 6.000000000000000000e+00 1.100000000000000000e+01
9.100049314888673280e+01 7.000000000000000000e+00 1.100000000000000000e+01
9.200134925842469613e+01 7.000000000000000000e+00 1.100000000000000000e+01
9.300134925842463929e+01 7.000000000000000000e+00 9.000000000000000000e+00
9.400134925842458244e+01 7.000000000000000000e+00 7.000000000000000000e+00
9.500134925842452560e+01 9.000000000000000000e+00 7.000000000000000000e+00
9.600134925842446876e+01 9.000000000000000000e+00 7.000000000000000000e+00
9.700134925842441191e+01 1.000000000000000000e+01 8.000000000000000000e+00
9.800134925842435507e+01 9.000000000000000000e+00 9.000000000000000000e+00
9.900134925842429823e+01 9.000000000000000000e+00 9.000000000000000000e+00
1.000011647635525236e+02 1.000000000000000000e+01 8.000000000000000000e+00
1.010013492584241845e+02 9.000000000000000000e+00 4.000000000000000000e+00
1.020013492584241277e+02 1.200000000000000000e+01 5.000000000000000000e+00
1.030013492584240709e+02 1.200000000000000000e+01 5.000000000000000000e+00
1.040013492584240140e+02 1.500000000000000000e+01 5.000000000000000000e+00
1.050013492584239572e+02 1.700000000000000000e+01 2.000000000000000000e+00
1.060013492584239003e+02 1.900000000000000000e+01 3.000000000000000000e+00
1.070013492584238435e+02 1.900000000000000000e+01 2.000000000000000000e+00
1.080013492584237866e+02 1.900000000000000000e+01 2.000000000000000000e+00
1.090013492584237298e+02 2.100000000000000000e+01 4.000000000000000000e+00
1.100013492584236729e+02 2.200000000000000000e+01 4.000000000000000000e+00
1.110013492584236161e+02 2.200000000000000000e+01 4.000000000000000000e+00
1.120013492584235593e+02 2.300000000000000000e+01 5.000000000000000000e+00
1.130013492584235024e+02 2.200000000000000000e+01 5.000000000000000000e+00
1.140009511691256137e+02 2.200000000000000000e+01 6.000000000000000000e+00
1.150006086352547641e+02 2.200000000000000000e+01 6.000000000000000000e+00
1.160013492584233319e+02 2.200000000000000000e+01 4.000000000000000000e+00
1.170013492584232750e+02 2.000000000000000000e+01 6.000000000000000000e+00
1.180003202289433233e+02 1.800000000000000000e+01 6.000000000000000000e+00
1.190013492584231614e+02 1.800000000000000000e+01 7.000000000000000000e+00
1.200013492584231045e+02 1.700000000000000000e+01 5.000000000000000000e+00
1.210013492584230477e+02 1.700000000000000000e+01 5.000000000000000000e+00
1.220013492584229908e+02 1.700000000000000000e+01 5.000000000000000000e+00
1.230013492584229340e+02 1.400000000000000000e+01 6.000000000000000000e+00
1.240013492584228771e+02 1.200000000000000000e+01 8.000000000000000000e+00
1.250013492584228203e+02 9.000000000000000000e+00 8.000000000000000000e+00
1.260013492584227635e+02 7.000000000000000000e+00 8.000000000000000000e+00
1.270013492584227066e+02 5.000000000000000000e+00 9.000000000000000000e+00
1.280013492584226640e+02 4.000000000000000000e+00 1.000000000000000000e+01
1.290013492584226071e+02 2.000000000000000000e+00 1.000000000000000000e+01
1.300013492584225503e+02 4.000000000000000000e+00 1.000000000000000000e+01
1.310013492584224934e+02 3.000000000000000000e+00 1.000000000000000000e+01
1.320013492584224366e+02 1.000000000000000000e+00 1.000000000000000000e+01
1.330013492584223798e+02 2.000000000000000000e+00 9.000000000000000000e+00
1.340003674565638505e+02 2.000000000000000000e+00 1.100000000000000000e+01
1.350013492584222661e+02 2.000000000000000000e+00 9.000000000000000000e+00
1.360007770246863004e+02 2.000000000000000000e+00 1.000000000000000000e+01
1.370013492584221524e+02 3.000000000000000000e+00 1.100000000000000000e+01
1.380013492584220955e+02 3.000000000000000000e+00 1.200000000000000000e+01
1.390013492584220387e+02 3.000000000000000000e+00 1.200000000000000000e+01
1.400013492584219819e+02 5.000000000000000000e+00 1.400000000000000000e+01
1.410006425319945720e+02 6.000000000000000000e+00 1.600000000000000000e+01
1.420013492584218682e+02 5.000000000000000000e+00 1.600000000000000000e+01
1.430013492584218113e+02 7.000000000000000000e+00 1.600000000000000000e+01
1.440013492584217545e+02 8.000000000000000000e+00 1.600000000000000000e+01
1.450013492584216976e+02 9.000000000000000000e+00 1.800000000000000000e+01
1.460013492584216408e+02 1.000000000000000000e+01 1.900000000000000000e+01
1.470013492584215840e+02 1.000000000000000000e+01 1.900000000000000000e+01
1.480011480777967847e+02 1.000000000000000000e+01 1.900000000000000000e+01
1.490013492584214703e+02 1.000000000000000000e+01 2.000000000000000000e+01
1.500013492584214134e+02 1.000000000000000000e+01 2.000000000000000000e+01
1.510001674054675789e+02 1.100000000000000000e+01 2.000000000000000000e+01
1.520013492584212997e+02 1.100000000000000000e+01 1.700000000000000000e+01
1.530013492584212429e+02 1.200000000000000000e+01 1.400000000000000000e+01
1.540013492584211861e+02 1.200000000000000000e+01 1.300000000000000000e+01
1.550013492584211292e+02 1.200000000000000000e+01 1.100000000000000000e+01
1.560002329270954249e+02 1.100000000000000000e+01 1.000000000000000000e+01
1.570013492584210155e+02 1.100000000000000000e+01 1.000000000000000000e+01
1.580013492584209587e+02 1.200000000000000000e+01 1.000000000000000000e+01
1.590013492584209018e+02 1.200000000000000000e+01 1.000000000000000000e+01
1.600013492584208450e+02 1.300000000000000000e+01 7.000000000000000000e+00
1.610013492584207881e+02 1.100000000000000000e+01 8.000000000000000000e+00
1.620013492584207313e+02 1.200000000000000000e+01 8.000000000000000000e+00
1.630013492584206745e+02 9.000000000000000000e+00 9.000000000000000000e+00
1.640013492584206176e+02 1.100000000000000000e+01 9.000000000000000000e+00
1.650013492584205608e+02 1.100000000000000000e+01 7.000000000000000000e+00
1.660013492584205039e+02 1.200000000000000000e+01 8.000000000000000000e+00
1.670013492584204471e+02 1.200000000000000000e+01 7.000000000000000000e+00
1.680008921860235773e+02 1.300000000000000000e+01 6.000000000000000000e+00
1.690013492584203334e+02 1.300000000000000000e+01 7.000000000000000000e+00
1.700013492584202766e+02 1.400000000000000000e+01 1.100000000000000000e+01
1.710013492584202197e+02 1.600000000000000000e+01 1.000000000000000000e+01
1.720013492584201629e+02 1.600000000000000000e+01 9.000000000000000000e+00
1.730002566900279248e+02 1.600000000000000000e+01 1.000000000000000000e+01
1.740013492584200492e+02 1.600000000000000000e+01 1.200000000000000000e+01
1.750013492584199923e+02 1.400000000000000000e+01 1.100000000000000000e+01
1.760008226955861801e+02 1.200000000000000000e+01 8.000000000000000000e+00
1.770002378950925390e+02 1.100000000000000000e+01 7.000000000000000000e+00
1.780010685030819673e+02 1.100000000000000000e+01 8.000000000000000000e+00
1.790013492584197650e+02 9.000000000000000000e+00 6.000000000000000000e+00
1.800013492584197081e+02 1.000000000000000000e+01 5.000000000000000000e+00
1.810013492584196513e+02 9.000000000000000000e+00 6.000000000000000000e+00
1.820013492584195944e+02 9.000000000000000000e+00 5.000000000000000000e+00
1.830011748625391022e+02 1.000000000000000000e+01 5.000000000000000000e+00
1.840013492584194807e+02 1.200000000000000000e+01 5.000000000000000000e+00
1.850001394041429990e+02 1.100000000000000000e+01 5.000000000000000000e+00
1.860013492584193671e+02 1.100000000000000000e+01 5.000000000000000000e+00
1.870002054623894026e+02 8.000000000000000000e+00 5.000000000000000000e+00
1.880013492584192534e+02 9.000000000000000000e+00 6.000000000000000000e+00
1.890013492584191965e+02 8.000000000000000000e+00 6.000000000000000000e+00
1.900013492584191397e+02 9.000000000000000000e+00 6.000000000000000000e+00
1.910013492584190828e+02 8.000000000000000000e+00 6.000000000000000000e+00
1.920013492584190260e+02 1.100000000000000000e+01 7.000000000000000000e+00
1.930013492584189692e+02 1.100000000000000000e+01 7.000000000000000000e+00
1.940013492584189123e+02 1.400000000000000000e+01 1.000000000000000000e+01
1.950007640007598582e+02 1.300000000000000000e+01 9.000000000000000000e+00
1.960013492584187986e+02 1.300000000000000000e+01 6.000000000000000000e+00
1.970013492584187418e+02 1.400000000000000000e+01 5.000000000000000000e+00
1.980013492584186849e+02 1.600000000000000000e+01 5.000000000000000000e+00
1.990013492584186281e+02 1.500000000000000000e+01 2.000000000000000000e+00
2.000011201997401145e+02 1.300000000000000000e+01 3.000000000000000000e+00
2.010013492584185144e+02 9.000000000000000000e+00 2.000000000000000000e+00
2.020013492584184576e+02 7.000000000000000000e+00 3.000000000000000000e+00
2.030013492584184007e+02 8.000000000000000000e+00 2.000000000000000000e+00
2.040013492584183439e+02 8.000000000000000000e+00 0.000000000000000000e+00
2.050013492584182870e+02 6.000000000000000000e+00 0.000000000000000000e+00
2.060013492584182302e+02 5.000000000000000000e+00 0.000000000000000000e+00
2.070013492584181733e+02 5.000000000000000000e+00 2.000000000000000000e+00
2.080013492584181165e+02 2.000000000000000000e+00 4.000000000000000000e+00
2.090013492584180597e+02 0.000000000000000000e+00 5.000000000000000000e+00
2.100013492584180028e+02 0.000000000000000000e+00 4.000000000000000000e+00
2.110008906702156253e+02 0.000000000000000000e+00 1.000000000000000000e+00
2.120013492584178891e+02 2.000000000000000000e+00 2.000000000000000000e+00
2.130013492584178323e+02 1.000000000000000000e+00 1.000000000000000000e+00
2.140008777006533478e+02 1.000000000000000000e+00 1.000000000000000000e+00
2.150013492584177186e+02 1.000000000000000000e+00 2.000000000000000000e+00
2.160013492584176618e+02 2.000000000000000000e+00 2.000000000000000000e+00
2.170013492584176049e+02 3.000000000000000000e+00 1.000000000000000000e+00
2.180013492584175481e+02 2.000000000000000000e+00 0.000000000000000000e+00
2.190013492584174912e+02 2.000000000000000000e+00 1.000000000000000000e+00
2.200013492584174344e+02 4.000000000000000000e+00 0.000000000000000000e+00
2.210013492584173775e+02 4.000000000000000000e+00 0.000000000000000000e+00
2.220013492584173207e+02 4.000000000000000000e+00 0.000000000000000000e+00
2.230013492584172639e+02 5.000000000000000000e+00 1.000000000000000000e+00
2.240013492584172070e+02 3.000000000000000000e+00 1.000000000000000000e+00
2.250013492584171502e+02 5.000000000000000000e+00 1.000000000000000000e+00
2.260002702280732194e+02 5.000000000000000000e+00 1.000000000000000000e+00
2.270008516856969436e+02 6.000000000000000000e+00 1.000000000000000000e+00
2.280013492584169796e+02 6.000000000000000000e+00 1.000000000000000000e+00
2.290013492584169228e+02 6.000000000000000000e+00 3.000000000000000000e+00
2.300010868205544625e+02 3.000000000000000000e+00 7.000000000000000000e+00
2.310002382725904511e+02 3.000000000000000000e+00 6.000000000000000000e+00
2.320013492584167523e+02 3.000000000000000000e+00 5.000000000000000000e+00
2.330013492584166954e+02 4.000000000000000000e+00 6.000000000000000000e+00
2.340013492584166386e+02 6.000000000000000000e+00 6.000000000000000000e+00
2.350003995217967372e+02 7.000000000000000000e+00 6.000000000000000000e+00
2.360013492584165249e+02 9.000000000000000000e+00 6.000000000000000000e+00
2.370002794072418340e+02 8.000000000000000000e+00 6.000000000000000000e+00
2.380013492584164112e+02 7.000000000000000000e+00 5.000000000000000000e+00
2.390013492584163544e+02 1.100000000000000000e+01 4.000000000000000000e+00
2.400008115048125035e+02 1.200000000000000000e+01 5.000000000000000000e+00
2.410013492584162407e+02 1.300000000000000000e+01 4.000000000000000000e+00
2.420013492584161838e+02 1.300000000000000000e+01 5.000000000000000000e+00
2.430000701300058950e+02 1.300000000000000000e+01 6.000000000000000000e+00
2.440013492584160701e+02 1.300000000000000000e+01 5.000000000000000000e+00
2.450013492584160133e+02 1.400000000000000000e+01 6.000000000000000000e+00
2.460013492584159565e+02 1.500000000000000000e+01 7.000000000000000000e+00
2.470013492584158996e+02 1.600000000000000000e+01 9.000000000000000000e+00
2.480013492584158428e+02 1.600000000000000000e+01 8.000000000000000000e+00
2.490008344431920477e+02 1.600000000000000000e+01 8.000000000000000000e+00
2.500013492584157291e+02 1.600000000000000000e+01 7.000000000000000000e+00
2.510008657658270295e+02 1.600000000000000000e+01 7.000000000000000000e+00
2.520013492584156154e+02 1.700000000000000000e+01 7.000000000000000000e+00
2.530013492584155586e+02 1.800000000000000000e+01 6.000000000000000000e+00
2.540013492584155017e+02 1.800000000000000000e+01 5.000000000000000000e+00
2.550010615510211949e+02 1.800000000000000000e+01 4.000000000000000000e+00
2.560013492584154164e+02 1.900000000000000000e+01 5.000000000000000000e+00
2.570013492584156438e+02 2.100000000000000000e+01 7.000000000000000000e+00
2.580012244042283100e+02 2.200000000000000000e+01 6.000000000000000000e+00
2.590000257355507074e+02 2.100000000000000000e+01 7.000000000000000000e+00
2.600013492584163259e+02 2.200000000000000000e+01 8.000000000000000000e+00
2.610013492584165533e+02 2.200000000000000000e+01 8.000000000000000000e+00
2.620002672089090652e+02 2.100000000000000000e+01 8.000000000000000000e+00
2.630013492584170081e+02 2.200000000000000000e+01 9.000000000000000000e+00
2.640010250228829705e+02 2.200000000000000000e+01 9.000000000000000000e+00
2.650013492584174628e+02 2.200000000000000000e+01 9.000000000000000000e+00
2.660013492584176902e+02 2.400000000000000000e+01 7.000000000000000000e+00
2.670013492584179176e+02 2.600000000000000000e+01 5.000000000000000000e+00
2.680000410915480415e+02 2.600000000000000000e+01 7.000000000000000000e+00
2.690009756891162169e+02 2.700000000000000000e+01 9.000000000000000000e+00
2.700013492584185997e+02 2.500000000000000000e+01 9.000000000000000000e+00
2.710004380672260709e+02 2.600000000000000000e+01 1.100000000000000000e+01
2.720013492584190544e+02 2.600000000000000000e+01 1.100000000000000000e+01
2.730006908000559633e+02 2.600000000000000000e+01 1.200000000000000000e+01
2.740013492584195092e+02 2.300000000000000000e+01 1.400000000000000000e+01
2.750013492584197365e+02 2.100000000000000000e+01 1.400000000000000000e+01
2.760013492584199639e+02 2.100000000000000000e+01 1.400000000000000000e+01
2.770007973141738375e+02 2.000000000000000000e+01 1.400000000000000000e+01
2.780005655893002654e+02 1.800000000000000000e+01 1.400000000000000000e+01
2.790013492584206460e+02 2.000000000000000000e+01 1.500000000000000000e+01
2.800001359494950748e+02 1.700000000000000000e+01 1.500000000000000000e+01
2.810013492584211008e+02 1.700000000000000000e+01 1.700000000000000000e+01
2.820013492584213282e+02 1.800000000000000000e+01 1.900000000000000000e+01
2.830013492584215555e+02 1.900000000000000000e+01 1.900000000000000000e+01
2.840013492584217829e+02 1.900000000000000000e+01 2.000000000000000000e+01
2.850013492584220103e+02 2.000000000000000000e+01 2.000000000000000000e+01
2.860013492584222377e+02 2.100000000000000000e+01 1.800000000000000000e+01
2.870003085521546495e+02 2.000000000000000000e+01 1.800000000000000000e+01
2.880013492584226924e+02 2.200000000000000000e+01 1.800000000000000000e+01
2.890013492584229198e+02 2.300000000000000000e+01 1.900000000000000000e+01
2.900008390239527785e+02 2.200000000000000000e+01 2.000000000000000000e+01
2.910013492584233745e+02 2.700000000000000000e+01 1.800000000000000000e+01
2.920013492584236019e+02 2.400000000000000000e+01 1.800000000000000000e+01
2.930001625877985703e+02 2.600000000000000000e+01 1.900000000000000000e+01
2.940013492584240566e+02 2.500000000000000000e+01 1.900000000000000000e+01
2.950013492584242840e+02 2.600000000000000000e+01 2.000000000000000000e+01
2.960013492584245114e+02 2.500000000000000000e+01 2.100000000000000000e+01
2.970013492584247388e+02 2.500000000000000000e+01 2.100000000000000000e+01
2.980013492584249661e+02 2.700000000000000000e+01 2.100000000000000000e+01
2.990013492584251935e+02 2.400000000000000000e+01 2.300000000000000000e+01
3.000007808384425516e+02 2.200000000000000000e+01 2.400000000000000000e+01
