0.000000000000000000e+00 0.000000000000000000e+00 0.000000000000000000e+00
1.000830737659361702e+00 1.000000000000000000e+00 1.000000000000000000e+00
2.000830737659362590e+00 2.000000000000000000e+00 2.000000000000000000e+00
3.000830737659363479e+00 3.000000000000000000e+00 3.000000000000000000e+00
4.000830737659364367e+00 2.000000000000000000e+00 2.000000000000000000e+00
5.000830737659360814e+00 4.000000000000000000e+00 4.000000000000000000e+00
6.000255980085352547e+00 5.000000000000000000e+00 5.000000000000000000e+00
7.000830737659353709e+00 5.000000000000000000e+00 5.000000000000000000e+00
8.000830737659351044e+00 5.000000000000000000e+00 5.000000000000000000e+00
9.000013715240990919e+00 7.000000000000000000e+00 7.000000000000000000e+00
1.000083073765934394e+01 6.000000000000000000e+00 6.000000000000000000e+00
1.100083073765934039e+01 8.000000000000000000e+00 8.000000000000000000e+00
1.200083073765933683e+01 7.000000000000000000e+00 7.000000000000000000e+00
1.300009710731149859e+01 8.000000000000000000e+00 8.000000000000000000e+00
1.400017772642765124e+01 9.000000000000000000e+00 9.000000000000000000e+00
1.500083073765932618e+01 8.000000000000000000e+00 8.000000000000000000e+00
1.600083073765932440e+01 8.000000000000000000e+00 8.000000000000000000e+00
1.700030252080447823e+01 8.000000000000000000e+00 8.000000000000000000e+00
1.800076614747554871e+01 8.000000000000000000e+00 8.000000000000000000e+00
1.900083073765936703e+01 8.000000000000000000e+00 8.000000000000000000e+00
2.000083073765938124e+01 8.000000000000000000e+00 6.000000000000000000e+00
2.100083073765939545e+01 1.000000000000000000e+01 7.000000000000000000e+00
2.200083073765940966e+01 8.000000000000000000e+00 7.000000000000000000e+00
2.300083073765942387e+01 8.000000000000000000e+00 5.000000000000000000e+00
2.400083073765943809e+01 8.000000000000000000e+00 6.000000000000000000e+00
2.500083073765945230e+01 7.000000000000000000e+00 6.000000000000000000e+00
2.600028069075372983e+01 7.000000000000000000e+00 6.000000000000000000e+00
2.700083073765948072e+01 8.000000000000000000e+00 7.000000000000000000e+00
2.800083073765949493e+01 9.000000000000000000e+00 8.000000000000000000e+00
2.900083073765950914e+01 1.000000000000000000e+01 9.000000000000000000e+00
3.000083073765952335e+01 1.100000000000000000e+01 9.000000000000000000e+00
3.100083073765953756e+01 1.100000000000000000e+01 9.000000000000000000e+00
3.200083073765954822e+01 9.000000000000000000e+00 7.000000000000000000e+00
3.300083073765956243e+01 9.000000000000000000e+00 6.000000000000000000e+00
3.400083073765957664e+01 8.000000000000000000e+00 6.000000000000000000e+00
3.500083073765959085e+01 9.000000000000000000e+00 8.000000000000000000e+00
3.600083073765960506e+01 9.000000000000000000e+00 8.000000000000000000e+00
3.700083073765961927e+01 9.000000000000000000e+00 9.000000000000000000e+00
3.800083073765963348e+01 9.000000000000000000e+00 9.000000000000000000e+00
3.900083073765964770e+01 9.000000000000000000e+00 1.000000000000000000e+01
4.000083073765966191e+01 9.000000000000000000e+00 1.100000000000000000e+01
4.100083073765967612e+01 9.000000000000000000e+00 1.100000000000000000e+01
4.200031757580211433e+01 9.000000000000000000e+00 7.000000000000000000e+00
4.300083073765970454e+01 1.000000000000000000e+01 5.000000000000000000e+00
4.400083073765971875e+01 1.100000000000000000e+01 6.000000000000000000e+00
4.500064753924373662e+01 1.400000000000000000e+01 5.000000000000000000e+00
4.600083073765974717e+01 1.400000000000000000e+01 5.000000000000000000e+00
4.700083073765976138e+01 1.300000000000000000e+01 5.000000000000000000e+00
4.800083073765977559e+01 1.200000000000000000e+01 6.000000000000000000e+00
4.900083073765978980e+01 1.100000000000000000e+01 6.000000000000000000e+00
5.000083073765980402e+01 1.200000000000000000e+01 7.000000000000000000e+00
5.100083073765981823e+01 1.400000000000000000e+01 9.000000000000000000e+00
5.200083073765983244e+01 1.300000000000000000e+01 1.000000000000000000e+01
5.300083073765984665e+01 1.300000000000000000e+01 1.100000000000000000e+01
5.400083073765986086e+01 1.300000000000000000e+01 9.000000000000000000e+00
5.500083073765987507e+01 1.400000000000000000e+01 9.000000000000000000e+00
5.600083073765988928e+01 9.000000000000000000e+00 1.000000000000000000e+01
5.700083073765990349e+01 9.000000000000000000e+00 9.000000000000000000e+00
5.800083073765991770e+01 1.000000000000000000e+01 7.000000000000000000e+00
5.900083073765993191e+01 9.000000000000000000e+00 5.000000000000000000e+00
6.000083073765994612e+01 1.000000000000000000e+01 6.000000000000000000e+00
6.100083073765996033e+01 9.000000000000000000e+00 8.000000000000000000e+00
6.200083073765997455e+01 8.000000000000000000e+00 1.000000000000000000e+01
6.300083073765998876e+01 8.000000000000000000e+00 1.100000000000000000e+01
6.400083073765999586e+01 7.000000000000000000e+00 1.000000000000000000e+01
6.500083073765993902e+01 9.000000000000000000e+00 1.200000000000000000e+01
6.600083073765988217e+01 9.000000000000000000e+00 1.200000000000000000e+01
6.700083073765982533e+01 1.000000000000000000e+01 1.400000000000000000e+01
6.800003985364003256e+01 8.000000000000000000e+00 1.400000000000000000e+01
6.900083073765971164e+01 8.000000000000000000e+00 1.400000000000000000e+01
7.000083073765965480e+01 6.000000000000000000e+00 1.200000000000000000e+01
7.100083073765959796e+01 5.000000000000000000e+00 1.100000000000000000e+01
7.200083073765954111e+01 5.000000000000000000e+00 9.000000000000000000e+00
7.300083073765948427e+01 7.000000000000000000e+00 8.000000000000000000e+00
7.400083073765942743e+01 7.000000000000000000e+00 8.000000000000000000e+00
7.500083073765937058e+01 6.000000000000000000e+00 8.000000000000000000e+00
7.600083073765931374e+01 6.000000000000000000e+00 9.000000000000000000e+00
7.700083073765925690e+01 5.000000000000000000e+00 9.000000000000000000e+00
7.800083073765920005e+01 5.000000000000000000e+00 9.000000000000000000e+00
7.900083073765914321e+01 6.000000000000000000e+00 1.000000000000000000e+01
8.000083073765908637e+01 6.000000000000000000e+00 1.000000000000000000e+01
8.100083073765902952e+01 6.000000000000000000e+00 1.000000000000000000e+01
8.200083073765897268e+01 7.000000000000000000e+00 1.100000000000000000e+01
8.300083073765891584e+01 7.000000000000000000e+00 1.100000000000000000e+01
8.400083073765885899e+01 7.000000000000000000e+00 1.200000000000000000e+01
8.500083073765880215e+01 8.000000000000000000e+00 1.200000000000000000e+01
8.600083073765874531e+01 7.000000000000000000e+00 1.200000000000000000e+01
8.700083073765868846e+01 7.000000000000000000e+00 1.200000000000000000e+01
8.800083073765863162e+01 8.000000000000000000e+00 1.200000000000000000e+01
8.900083073765857478e+01 8.000000000000000000e+00 1.300000000000000000e+01
9.000083073765851793e+01 8.000000000000000000e+00 1.300000000000000000e+01
9.100083073765846109e+01 9.000000000000000000e+00 1.300000000000000000e+01
9.200083073765840425e+01 1.000000000000000000e+01 9.000000000000000000e+00
9.300083073765834740e+01 9.000000000000000000e+00 8.000000000000000000e+00
9.400050434039816594e+01 9.000000000000000000e+00 8.000000000000000000e+00
9.500083073765823372e+01 8.000000000000000000e+00 9.000000000000000000e+00
9.600083073765817687e+01 8.000000000000000000e+00 9.000000000000000000e+00
9.700083073765812003e+01 8.000000000000000000e+00 1.100000000000000000e+01
9.800083073765806319e+01 9.000000000000000000e+00 1.200000000000000000e+01
9.900083073765800634e+01 8.000000000000000000e+00 1.000000000000000000e+01
1.000008307376579495e+02 9.000000000000000000e+00 1.100000000000000000e+01
1.010008307376578927e+02 8.000000000000000000e+00 1.100000000000000000e+01
1.020008307376578358e+02 8.000000000000000000e+00 1.100000000000000000e+01
1.030008307376577790e+02 7.000000000000000000e+00 1.100000000000000000e+01
1.040002011061757941e+02 6.000000000000000000e+00 1.100000000000000000e+01
1.050008307376576653e+02 5.000000000000000000e+00 1.200000000000000000e+01
1.060008307376576084e+02 5.000000000000000000e+00 1.200000000000000000e+01
1.070008307376575516e+02 5.000000000000000000e+00 1.100000000000000000e+01
1.080008307376574948e+02 5.000000000000000000e+00 1.200000000000000000e+01
1.090008307376574379e+02 4.000000000000000000e+00 1.200000000000000000e+01
1.100008307376573811e+02 4.000000000000000000e+00 1.200000000000000000e+01
1.110008307376573242e+02 2.000000000000000000e+00 1.100000000000000000e+01
1.120008307376572674e+02 2.000000000000000000e+00 1.100000000000000000e+01
1.130008307376572105e+02 2.000000000000000000e+00 1.200000000000000000e+01
1.140000889006217619e+02 4.000000000000000000e+00 1.400000000000000000e+01
1.150008307376570968e+02 4.000000000000000000e+00 1.300000000000000000e+01
1.160008307376570400e+02 3.000000000000000000e+00 1.100000000000000000e+01
1.170008307376569832e+02 3.000000000000000000e+00 1.100000000000000000e+01
1.180008307376569263e+02 3.000000000000000000e+00 1.000000000000000000e+01
1.190008307376568695e+02 3.000000000000000000e+00 1.200000000000000000e+01
1.200008307376568126e+02 5.000000000000000000e+00 1.300000000000000000e+01
1.210008307376567558e+02 6.000000000000000000e+00 1.000000000000000000e+01
1.220008307376566989e+02 8.000000000000000000e+00 1.100000000000000000e+01
1.230008307376566421e+02 7.000000000000000000e+00 1.000000000000000000e+01
1.240003053460129507e+02 8.000000000000000000e+00 1.000000000000000000e+01
1.250008307376565284e+02 7.000000000000000000e+00 1.100000000000000000e+01
1.260004167978430303e+02 7.000000000000000000e+00 1.000000000000000000e+01
1.270008307376564147e+02 7.000000000000000000e+00 1.100000000000000000e+01
1.280001419871507835e+02 7.000000000000000000e+00 1.000000000000000000e+01
1.290008307376563153e+02 6.000000000000000000e+00 1.000000000000000000e+01
1.300008307376562584e+02 7.000000000000000000e+00 7.000000000000000000e+00
1.310008307376562016e+02 7.000000000000000000e+00 7.000000000000000000e+00
1.320005845434652656e+02 8.000000000000000000e+00 7.000000000000000000e+00
1.330006490038610139e+02 7.000000000000000000e+00 6.000000000000000000e+00
1.340002573659083964e+02 8.000000000000000000e+00 6.000000000000000000e+00
1.350008307376559742e+02 8.000000000000000000e+00 5.000000000000000000e+00
1.360008307376559173e+02 7.000000000000000000e+00 5.000000000000000000e+00
1.370008307376558605e+02 6.000000000000000000e+00 4.000000000000000000e+00
1.380006348944307604e+02 6.000000000000000000e+00 3.000000000000000000e+00
1.390008307376557468e+02 6.000000000000000000e+00 4.000000000000000000e+00
1.400008307376556900e+02 6.000000000000000000e+00 4.000000000000000000e+00
1.410008307376556331e+02 6.000000000000000000e+00 5.000000000000000000e+00
1.420008307376555763e+02 7.000000000000000000e+00 4.000000000000000000e+00
1.430004312240870661e+02 8.000000000000000000e+00 4.000000000000000000e+00
1.440008307376554626e+02 7.000000000000000000e+00 4.000000000000000000e+00
1.450008307376554058e+02 7.000000000000000000e+00 4.000000000000000000e+00
1.460008307376553489e+02 9.000000000000000000e+00 4.000000000000000000e+00
1.470008307376552921e+02 6.000000000000000000e+00 4.000000000000000000e+00
1.480008307376552352e+02 8.000000000000000000e+00 3.000000000000000000e+00
1.490008307376551784e+02 8.000000000000000000e+00 4.000000000000000000e+00
1.500008307376551215e+02 9.000000000000000000e+00 2.000000000000000000e+00
1.510008307376550647e+02 9.000000000000000000e+00 2.000000000000000000e+00
1.520008307376550079e+02 8.000000000000000000e+00 4.000000000000000000e+00
1.530008307376549510e+02 8.000000000000000000e+00 2.000000000000000000e+00
1.540008307376548942e+02 9.000000000000000000e+00 2.000000000000000000e+00
1.550008307376548373e+02 9.000000000000000000e+00 2.000000000000000000e+00
1.560008307376547805e+02 9.000000000000000000e+00 2.000000000000000000e+00
1.570008307376547236e+02 8.000000000000000000e+00 2.000000000000000000e+00
1.580008307376546668e+02 8.000000000000000000e+00 2.000000000000000000e+00
1.590002574398341721e+02 8.000000000000000000e+00 2.000000000000000000e+00
1.600008307376545531e+02 8.000000000000000000e+00 3.000000000000000000e+00
1.610008307376544963e+02 8.000000000000000000e+00 3.000000000000000000e+00
1.620008307376544394e+02 8.000000000000000000e+00 3.000000000000000000e+00
1.630007534462186527e+02 9.000000000000000000e+00 4.000000000000000000e+00
1.640008307376543257e+02 9.000000000000000000e+00 4.000000000000000000e+00
1.650008307376542689e+02 9.000000000000000000e+00 4.000000000000000000e+00
1.660003694966475507e+02 1.000000000000000000e+01 3.000000000000000000e+00
1.670008307376541552e+02 1.200000000000000000e+01 3.000000000000000000e+00
1.680008307376540984e+02 1.000000000000000000e+01 4.000000000000000000e+00
1.690003604544487814e+02 1.000000000000000000e+01 5.000000000000000000e+00
1.700008307376539847e+02 8.000000000000000000e+00 6.000000000000000000e+00
1.710000178886280935e+02 7.000000000000000000e+00 5.000000000000000000e+00
1.720008307376538710e+02 9.000000000000000000e+00 6.000000000000000000e+00
1.730008307376538141e+02 7.000000000000000000e+00 5.000000000000000000e+00
1.740005105899973046e+02 7.000000000000000000e+00 6.000000000000000000e+00
1.750008307376537005e+02 7.000000000000000000e+00 5.000000000000000000e+00
1.760008307376536436e+02 6.000000000000000000e+00 5.000000000000000000e+00
1.770008307376535868e+02 5.000000000000000000e+00 6.000000000000000000e+00
1.780008307376535299e+02 7.000000000000000000e+00 6.000000000000000000e+00
1.790008307376534731e+02 6.000000000000000000e+00 7.000000000000000000e+00
1.800008307376534162e+02 8.000000000000000000e+00 6.000000000000000000e+00
1.810008307376533594e+02 7.000000000000000000e+00 6.000000000000000000e+00
1.820008307376533025e+02 7.000000000000000000e+00 7.000000000000000000e+00
1.830008307376532457e+02 8.000000000000000000e+00 7.000000000000000000e+00
1.840008307376531889e+02 7.000000000000000000e+00 6.000000000000000000e+00
1.850008307376531320e+02 8.000000000000000000e+00 7.000000000000000000e+00
1.860008307376530752e+02 8.000000000000000000e+00 5.000000000000000000e+00
1.870008307376530183e+02 7.000000000000000000e+00 5.000000000000000000e+00
1.880008307376529615e+02 8.000000000000000000e+00 6.000000000000000000e+00
1.890008307376529046e+02 9.000000000000000000e+00 6.000000000000000000e+00
1.900008307376528478e+02 9.000000000000000000e+00 6.000000000000000000e+00
1.910008307376527910e+02 9.000000000000000000e+00 5.000000000000000000e+00
1.920008307376527341e+02 9.000000000000000000e+00 5.000000000000000000e+00
1.930008307376526773e+02 1.000000000000000000e+01 5.000000000000000000e+00
1.940008307376526204e+02 1.000000000000000000e+01 5.000000000000000000e+00
1.950008307376525636e+02 9.000000000000000000e+00 2.000000000000000000e+00
1.960008307376525067e+02 9.000000000000000000e+00 2.000000000000000000e+00
1.970008307376524499e+02 1.000000000000000000e+01 3.000000000000000000e+00
1.980007610589549358e+02 1.000000000000000000e+01 2.000000000000000000e+00
1.990008307376523362e+02 1.000000000000000000e+01 1.000000000000000000e+00
2.000008307376522794e+02 1.000000000000000000e+01 1.000000000000000000e+00
2.010008307376522225e+02 1.000000000000000000e+01 0.000000000000000000e+00
2.020008307376521657e+02 1.100000000000000000e+01 1.000000000000000000e+00
2.030008307376521088e+02 1.000000000000000000e+01 1.000000000000000000e+00
2.040008307376520520e+02 9.000000000000000000e+00 0.000000000000000000e+00
2.050008307376519952e+02 9.000000000000000000e+00 2.000000000000000000e+00
2.060008307376519383e+02 9.000000000000000000e+00 0.000000000000000000e+00
2.070008307376518815e+02 1.000000000000000000e+01 0.000000000000000000e+00
2.080008307376518246e+02 1.100000000000000000e+01 2.000000000000000000e+00
2.090008307376517678e+02 1.100000000000000000e+01 4.000000000000000000e+00
2.100008307376517109e+02 1.100000000000000000e+01 3.000000000000000000e+00
2.110008307376516541e+02 1.300000000000000000e+01 2.000000000000000000e+00
2.120008307376515972e+02 1.400000000000000000e+01 2.000000000000000000e+00
2.130008307376515404e+02 1.500000000000000000e+01 3.000000000000000000e+00
2.140008307376514836e+02 1.600000000000000000e+01 2.000000000000000000e+00
2.150001914091571109e+02 1.500000000000000000e+01 2.000000000000000000e+00
2.160003527458971746e+02 1.500000000000000000e+01 3.000000000000000000e+00
2.170008307376513130e+02 1.600000000000000000e+01 2.000000000000000000e+00
2.180008307376512562e+02 1.400000000000000000e+01 1.000000000000000000e+00
2.190008307376511993e+02 1.600000000000000000e+01 1.000000000000000000e+00
2.200008307376511425e+02 1.600000000000000000e+01 1.000000000000000000e+00
2.210008307376510857e+02 1.600000000000000000e+01 1.000000000000000000e+00
2.220008307376510288e+02 1.700000000000000000e+01 2.000000000000000000e+00
2.230006738742733035e+02 1.200000000000000000e+01 1.000000000000000000e+00
2.240008307376509151e+02 1.100000000000000000e+01 1.000000000000000000e+00
2.250008307376508583e+02 1.100000000000000000e+01 1.000000000000000000e+00
2.260001347326243604e+02 1.200000000000000000e+01 1.000000000000000000e+00
2.270008307376507446e+02 1.300000000000000000e+01 1.000000000000000000e+00
2.280008307376506878e+02 1.500000000000000000e+01 1.000000000000000000e+00
2.290008307376506309e+02 1.500000000000000000e+01 0.000000000000000000e+00
2.300008307376505741e+02 1.600000000000000000e+01 0.000000000000000000e+00
2.310008307376505172e+02 1.600000000000000000e+01 1.000000000000000000e+00
2.320008307376504604e+02 1.700000000000000000e+01 2.000000000000000000e+00
2.330008307376504035e+02 1.300000000000000000e+01 1.000000000000000000e+00
2.340008307376503467e+02 1.300000000000000000e+01 1.000000000000000000e+00
2.350008307376502898e+02 1.200000000000000000e+01 2.000000000000000000e+00
2.360008307376502330e+02 1.200000000000000000e+01 1.000000000000000000e+00
2.370008307376501762e+02 1.100000000000000000e+01 0.000000000000000000e+00
2.380008307376501193e+02 1.000000000000000000e+01 4.000000000000000000e+00
2.390008307376500625e+02 1.000000000000000000e+01 3.000000000000000000e+00
2.400006140216856068e+02 1.000000000000000000e+01 1.000000000000000000e+00
2.410007392110816795e+02 1.000000000000000000e+01 1.000000000000000000e+00
2.420008307376498919e+02 9.000000000000000000e+00 3.000000000000000000e+00
2.430008307376498351e+02 1.000000000000000000e+01 2.000000000000000000e+00
2.440008307376497783e+02 6.000000000000000000e+00 1.000000000000000000e+00
2.450008307376497214e+02 8.000000000000000000e+00 0.000000000000000000e+00
2.460008307376496646e+02 9.000000000000000000e+00 0.000000000000000000e+00
2.470008307376496077e+02 9.000000000000000000e+00 1.000000000000000000e+00
2.480002157879514471e+02 9.000000000000000000e+00 1.000000000000000000e+00
2.490008307376494940e+02 1.000000000000000000e+01 1.000000000000000000e+00
2.500008307376494372e+02 9.000000000000000000e+00 0.000000000000000000e+00
2.510008307376493804e+02 1.100000000000000000e+01 2.000000000000000000e+00
2.520008307376493235e+02 1.200000000000000000e+01 1.000000000000000000e+00
2.530008307376492667e+02 1.200000000000000000e+01 1.000000000000000000e+00
2.540007569272911496e+02 1.300000000000000000e+01 2.000000000000000000e+00
2.550008307376491530e+02 1.300000000000000000e+01 6.000000000000000000e+00
2.560008307376490961e+02 1.400000000000000000e+01 2.000000000000000000e+00
2.570008307376493235e+02 1.300000000000000000e+01 3.000000000000000000e+00
2.580008307376495509e+02 1.300000000000000000e+01 2.000000000000000000e+00
2.590008307376497783e+02 1.100000000000000000e+01 2.000000000000000000e+00
2.600008307376500056e+02 1.000000000000000000e+01 3.000000000000000000e+00
2.610008307376502330e+02 1.100000000000000000e+01 6.000000000000000000e+00
2.620008307376504604e+02 1.200000000000000000e+01 5.000000000000000000e+00
2.630008307376506878e+02 1.200000000000000000e+01 4.000000000000000000e+00
2.640008307376509151e+02 1.200000000000000000e+01 4.000000000000000000e+00
2.650008307376511425e+02 1.200000000000000000e+01 5.000000000000000000e+00
2.660008307376513699e+02 1.300000000000000000e+01 5.000000000000000000e+00
2.670008307376515972e+02 1.500000000000000000e+01 6.000000000000000000e+00
2.680007553709562558e+02 1.300000000000000000e+01 5.000000000000000000e+00
2.690008307376520520e+02 1.300000000000000000e+01 6.000000000000000000e+00
2.700008307376522794e+02 1.300000000000000000e+01 6.000000000000000000e+00
2.710008307376525067e+02 1.100000000000000000e+01 6.000000000000000000e+00
2.720008307376527341e+02 9.000000000000000000e+00 7.000000000000000000e+00
2.730008307376529615e+02 4.000000000000000000e+00 5.000000000000000000e+00
2.740008307376531889e+02 5.000000000000000000e+00 5.000000000000000000e+00
2.750008307376534162e+02 5.000000000000000000e+00 6.000000000000000000e+00
2.760007003952073887e+02 5.000000000000000000e+00 5.000000000000000000e+00
2.770008307376538710e+02 4.000000000000000000e+00 5.000000000000000000e+00
2.780008307376540984e+02 4.000000000000000000e+00 6.000000000000000000e+00
2.790008276221424808e+02 5.000000000000000000e+00 6.000000000000000000e+00
2.800008307376545531e+02 4.000000000000000000e+00 7.000000000000000000e+00
2.810008307376547805e+02 2.000000000000000000e+00 7.000000000000000000e+00
2.820008307376550079e+02 3.000000000000000000e+00 7.000000000000000000e+00
2.830008307376552352e+02 1.000000000000000000e+00 7.000000000000000000e+00
2.840008307376554626e+02 1.000000000000000000e+00 7.000000000000000000e+00
2.850008307376556900e+02 2.000000000000000000e+00 5.000000000000000000e+00
2.860008307376559173e+02 2.000000000000000000e+00 5.000000000000000000e+00
2.870008307376561447e+02 1.000000000000000000e+00 5.000000000000000000e+00
2.880008307376563721e+02 3.000000000000000000e+00 6.000000000000000000e+00
2.890008307376565995e+02 2.000000000000000000e+00 6.000000000000000000e+00
2.900008307376568268e+02 2.000000000000000000e+00 6.000000000000000000e+00
2.910008307376570542e+02 1.000000000000000000e+00 6.000000000000000000e+00
2.920008307376572816e+02 1.000000000000000000e+00 6.000000000000000000e+00
2.930008307376575090e+02 3.000000000000000000e+00 5.000000000000000000e+00
2.940008307376577363e+02 1.000000000000000000e+00 6.000000000000000000e+00
2.950008307376579637e+02 2.000000000000000000e+00 8.000000000000000000e+00
2.960008307376581911e+02 2.000000000000000000e+00 8.000000000000000000e+00
2.970008307376584185e+02 2.000000000000000000e+00 8.000000000000000000e+00
2.980003401095630693e+02 2.000000000000000000e+00 9.000000000000000000e+00
2.990008307376588732e+02 4.000000000000000000e+00 8.000000000000000000e+00
3.000006720551492094e+02 3.000000000000000000e+00 8.000000000000000000e+00
