0.000000000000000000e+00 0.000000000000000000e+00 0.000000000000000000e+00
1.000362802044946875e+00 2.000000000000000000e+00 2.000000000000000000e+00
2.000362802044947763e+00 1.000000000000000000e+00 1.000000000000000000e+00
3.000362802044948651e+00 2.000000000000000000e+00 2.000000000000000000e+00
4.000362802044949539e+00 3.000000000000000000e+00 3.000000000000000000e+00
5.000362802044945987e+00 3.000000000000000000e+00 3.000000000000000000e+00
6.000362802044942434e+00 3.000000000000000000e+00 3.000000000000000000e+00
7.000362802044938881e+00 4.000000000000000000e+00 4.000000000000000000e+00
8.000362802044936217e+00 4.000000000000000000e+00 4.000000000000000000e+00
9.000362802044932664e+00 5.000000000000000000e+00 5.000000000000000000e+00
1.000036280204492911e+01 5.000000000000000000e+00 5.000000000000000000e+00
1.100036280204492556e+01 6.000000000000000000e+00 6.000000000000000000e+00
1.200036280204492201e+01 5.000000000000000000e+00 5.000000000000000000e+00
1.300036280204491845e+01 6.000000000000000000e+00 6.000000000000000000e+00
1.400036280204491490e+01 7.000000000000000000e+00 7.000000000000000000e+00
1.500036280204491135e+01 7.000000000000000000e+00 7.000000000000000000e+00
1.600036280204490780e+01 8.000000000000000000e+00 8.000000000000000000e+00
1.700036280204492201e+01 6.000000000000000000e+00 6.000000000000000000e+00
1.800036280204493622e+01 2.000000000000000000e+00 2.000000000000000000e+00
1.900036280204495043e+01 3.000000000000000000e+00 3.000000000000000000e+00
2.000036280204496464e+01 3.000000000000000000e+00 1.000000000000000000e+00
2.100036280204497885e+01 3.000000000000000000e+00 1.000000000000000000e+00
2.200036280204499306e+01 5.000000000000000000e+00 3.000000000000000000e+00
2.300036280204500727e+01 2.000000000000000000e+00 1.000000000000000000e+00
2.400036280204502148e+01 3.000000000000000000e+00 1.000000000000000000e+00
2.500036280204503569e+01 2.000000000000000000e+00 1.000000000000000000e+00
2.600036280204504990e+01 2.000000000000000000e+00 3.000000000000000000e+00
2.700036280204506411e+01 1.000000000000000000e+00 2.000000000000000000e+00
2.800036280204507833e+01 1.000000000000000000e+00 2.000000000000000000e+00
2.900008395063034072e+01 2.000000000000000000e+00 3.000000000000000000e+00
3.000036280204510675e+01 2.000000000000000000e+00 4.000000000000000000e+00
3.100036280204512096e+01 2.000000000000000000e+00 4.000000000000000000e+00
3.200036280204513162e+01 2.000000000000000000e+00 3.000000000000000000e+00
3.300036280204514583e+01 2.000000000000000000e+00 2.000000000000000000e+00
3.400036280204516004e+01 1.000000000000000000e+00 2.000000000000000000e+00
3.500036280204517425e+01 1.000000000000000000e+00 2.000000000000000000e+00
3.600036280204518846e+01 0.000000000000000000e+00 1.000000000000000000e+00
3.700036280204520267e+01 1.000000000000000000e+00 1.000000000000000000e+00
3.800020673518854153e+01 3.000000000000000000e+00 3.000000000000000000e+00
3.900036280204523109e+01 4.000000000000000000e+00 3.000000000000000000e+00
4.000036280204524530e+01 4.000000000000000000e+00 5.000000000000000000e+00
4.100036280204525951e+01 4.000000000000000000e+00 4.000000000000000000e+00
4.200036280204527372e+01 4.000000000000000000e+00 4.000000000000000000e+00
4.300036280204528794e+01 4.000000000000000000e+00 2.000000000000000000e+00
4.400036280204530215e+01 4.000000000000000000e+00 3.000000000000000000e+00
4.500036280204531636e+01 2.000000000000000000e+00 2.000000000000000000e+00
4.600036280204533057e+01 2.000000000000000000e+00 3.000000000000000000e+00
4.700036280204534478e+01 3.000000000000000000e+00 3.000000000000000000e+00
4.800036280204535899e+01 2.000000000000000000e+00 2.000000000000000000e+00
4.900036280204537320e+01 4.000000000000000000e+00 2.000000000000000000e+00
5.000036280204538741e+01 4.000000000000000000e+00 2.000000000000000000e+00
5.100036280204540162e+01 5.000000000000000000e+00 3.000000000000000000e+00
5.200036280204541583e+01 7.000000000000000000e+00 5.000000000000000000e+00
5.300036280204543004e+01 8.000000000000000000e+00 5.000000000000000000e+00
5.400036280204544425e+01 9.000000000000000000e+00 4.000000000000000000e+00
5.500036280204545847e+01 9.000000000000000000e+00 3.000000000000000000e+00
5.600036280204547268e+01 8.000000000000000000e+00 3.000000000000000000e+00
5.700036280204548689e+01 8.000000000000000000e+00 2.000000000000000000e+00
5.800036280204550110e+01 6.000000000000000000e+00 3.000000000000000000e+00
5.900036280204551531e+01 4.000000000000000000e+00 2.000000000000000000e+00
6.000036280204552952e+01 3.000000000000000000e+00 1.000000000000000000e+00
6.100036280204554373e+01 1.000000000000000000e+00 0.000000000000000000e+00
6.200036280204555794e+01 0.000000000000000000e+00 0.000000000000000000e+00
6.300036280204557215e+01 0.000000000000000000e+00 0.000000000000000000e+00
6.400036280204558636e+01 0.000000000000000000e+00 0.000000000000000000e+00
6.500036280204552952e+01 0.000000000000000000e+00 0.000000000000000000e+00
6.600036280204547268e+01 1.000000000000000000e+00 1.000000000000000000e+00
6.700036280204541583e+01 1.000000000000000000e+00 0.000000000000000000e+00
6.800036280204535899e+01 1.000000000000000000e+00 1.000000000000000000e+00
6.900036280204530215e+01 0.000000000000000000e+00 3.000000000000000000e+00
7.000036280204524530e+01 0.000000000000000000e+00 3.000000000000000000e+00
7.100036280204518846e+01 1.000000000000000000e+00 4.000000000000000000e+00
7.200036280204513162e+01 1.000000000000000000e+00 6.000000000000000000e+00
7.300036280204507477e+01 1.000000000000000000e+00 6.000000000000000000e+00
7.400036280204501793e+01 5.000000000000000000e+00 9.000000000000000000e+00
7.500036280204496109e+01 5.000000000000000000e+00 7.000000000000000000e+00
7.600036280204490424e+01 1.000000000000000000e+00 7.000000000000000000e+00
7.700036280204484740e+01 0.000000000000000000e+00 7.000000000000000000e+00
7.800036280204479056e+01 0.000000000000000000e+00 7.000000000000000000e+00
7.900036280204473371e+01 0.000000000000000000e+00 6.000000000000000000e+00
8.000036280204467687e+01 2.000000000000000000e+00 8.000000000000000000e+00
8.100036280204462003e+01 1.000000000000000000e+00 7.000000000000000000e+00
8.200036280204456318e+01 0.000000000000000000e+00 7.000000000000000000e+00
8.300023097070420874e+01 2.000000000000000000e+00 7.000000000000000000e+00
8.400036280204444950e+01 5.000000000000000000e+00 6.000000000000000000e+00
8.500036280204439265e+01 5.000000000000000000e+00 6.000000000000000000e+00
8.600036280204433581e+01 5.000000000000000000e+00 6.000000000000000000e+00
8.700036280204427896e+01 5.000000000000000000e+00 5.000000000000000000e+00
8.800036280204422212e+01 4.000000000000000000e+00 5.000000000000000000e+00
8.900036280204416528e+01 4.000000000000000000e+00 5.000000000000000000e+00
9.000036280204410843e+01 4.000000000000000000e+00 5.000000000000000000e+00
9.100036280204405159e+01 7.000000000000000000e+00 7.000000000000000000e+00
9.200036280204399475e+01 7.000000000000000000e+00 8.000000000000000000e+00
9.300036280204393790e+01 7.000000000000000000e+00 7.000000000000000000e+00
9.400036280204388106e+01 8.000000000000000000e+00 7.000000000000000000e+00
9.500036280204382422e+01 7.000000000000000000e+00 8.000000000000000000e+00
9.600036280204376737e+01 7.000000000000000000e+00 7.000000000000000000e+00
9.700036280204371053e+01 7.000000000000000000e+00 6.000000000000000000e+00
9.800036280204365369e+01 5.000000000000000000e+00 4.000000000000000000e+00
9.900036280204359684e+01 5.000000000000000000e+00 4.000000000000000000e+00
1.000003628020435400e+02 6.000000000000000000e+00 4.000000000000000000e+00
1.010003628020434832e+02 4.000000000000000000e+00 6.000000000000000000e+00
1.020003628020434263e+02 3.000000000000000000e+00 5.000000000000000000e+00
1.030003628020433695e+02 3.000000000000000000e+00 5.000000000000000000e+00
1.040003628020433126e+02 5.000000000000000000e+00 8.000000000000000000e+00
1.050003628020432558e+02 4.000000000000000000e+00 7.000000000000000000e+00
1.060003301095064927e+02 4.000000000000000000e+00 6.000000000000000000e+00
1.070003628020431421e+02 6.000000000000000000e+00 6.000000000000000000e+00
1.080003628020430853e+02 6.000000000000000000e+00 9.000000000000000000e+00
1.090003628020430284e+02 7.000000000000000000e+00 8.000000000000000000e+00
1.100003628020429716e+02 7.000000000000000000e+00 6.000000000000000000e+00
1.110003628020429147e+02 7.000000000000000000e+00 6.000000000000000000e+00
1.120003628020428579e+02 7.000000000000000000e+00 5.000000000000000000e+00
1.130003628020428010e+02 8.000000000000000000e+00 3.000000000000000000e+00
1.140003628020427442e+02 8.000000000000000000e+00 3.000000000000000000e+00
1.150003628020426873e+02 9.000000000000000000e+00 2.000000000000000000e+00
1.160003628020426305e+02 1.300000000000000000e+01 4.000000000000000000e+00
1.170003628020425737e+02 1.400000000000000000e+01 5.000000000000000000e+00
1.180001907543244073e+02 1.500000000000000000e+01 3.000000000000000000e+00
1.190003628020424600e+02 1.800000000000000000e+01 4.000000000000000000e+00
1.200003628020424031e+02 1.600000000000000000e+01 4.000000000000000000e+00
1.210003628020423463e+02 1.500000000000000000e+01 2.000000000000000000e+00
1.220003628020422894e+02 1.500000000000000000e+01 3.000000000000000000e+00
1.230000820959865564e+02 1.400000000000000000e+01 3.000000000000000000e+00
1.240003628020421758e+02 1.400000000000000000e+01 3.000000000000000000e+00
1.250003628020421189e+02 1.300000000000000000e+01 3.000000000000000000e+00
1.260003628020420621e+02 1.300000000000000000e+01 0.000000000000000000e+00
1.270003628020420052e+02 1.300000000000000000e+01 0.000000000000000000e+00
1.280003628020419626e+02 1.200000000000000000e+01 0.000000000000000000e+00
1.290003628020419058e+02 1.300000000000000000e+01 1.000000000000000000e+00
1.300003628020418489e+02 1.300000000000000000e+01 3.000000000000000000e+00
1.310003628020417921e+02 1.300000000000000000e+01 4.000000000000000000e+00
1.320003628020417352e+02 1.200000000000000000e+01 3.000000000000000000e+00
1.330003628020416784e+02 1.500000000000000000e+01 5.000000000000000000e+00
1.340003628020416215e+02 1.300000000000000000e+01 5.000000000000000000e+00
1.350003628020415647e+02 1.200000000000000000e+01 4.000000000000000000e+00
1.360003628020415078e+02 1.000000000000000000e+01 1.000000000000000000e+00
1.370003628020414510e+02 1.100000000000000000e+01 5.000000000000000000e+00
1.380003628020413942e+02 1.000000000000000000e+01 7.000000000000000000e+00
1.390003628020413373e+02 1.100000000000000000e+01 4.000000000000000000e+00
1.400003628020412805e+02 1.100000000000000000e+01 4.000000000000000000e+00
1.410003628020412236e+02 1.100000000000000000e+01 6.000000000000000000e+00
1.420003628020411668e+02 1.100000000000000000e+01 5.000000000000000000e+00
1.430003628020411099e+02 1.100000000000000000e+01 6.000000000000000000e+00
1.440002401754416610e+02 1.200000000000000000e+01 6.000000000000000000e+00
1.450003628020409963e+02 1.300000000000000000e+01 6.000000000000000000e+00
1.460003628020409394e+02 1.400000000000000000e+01 8.000000000000000000e+00
1.470003628020408826e+02 1.300000000000000000e+01 8.000000000000000000e+00
1.480003628020408257e+02 1.300000000000000000e+01 9.000000000000000000e+00
1.490003628020407689e+02 1.100000000000000000e+01 1.100000000000000000e+01
1.500003628020407120e+02 1.200000000000000000e+01 1.000000000000000000e+01
1.510003628020406552e+02 1.300000000000000000e+01 9.000000000000000000e+00
1.520001560080598892e+02 1.500000000000000000e+01 9.000000000000000000e+00
1.530003628020405415e+02 1.600000000000000000e+01 1.000000000000000000e+01
1.540003628020404847e+02 1.600000000000000000e+01 1.000000000000000000e+01
1.550003628020404278e+02 1.700000000000000000e+01 1.000000000000000000e+01
1.560003628020403710e+02 1.700000000000000000e+01 1.000000000000000000e+01
1.570003628020403141e+02 1.800000000000000000e+01 1.000000000000000000e+01
1.580003628020402573e+02 2.000000000000000000e+01 1.100000000000000000e+01
1.590000165478388965e+02 2.100000000000000000e+01 1.200000000000000000e+01
1.600003628020401436e+02 2.000000000000000000e+01 1.300000000000000000e+01
1.610003628020400868e+02 1.900000000000000000e+01 1.200000000000000000e+01
1.620003628020400299e+02 1.900000000000000000e+01 1.100000000000000000e+01
1.630003628020399731e+02 2.200000000000000000e+01 1.200000000000000000e+01
1.640003628020399162e+02 1.900000000000000000e+01 1.000000000000000000e+01
1.650003628020398594e+02 1.900000000000000000e+01 1.000000000000000000e+01
1.660003628020398025e+02 1.900000000000000000e+01 9.000000000000000000e+00
1.670001042140803804e+02 2.000000000000000000e+01 1.100000000000000000e+01
1.680003628020396889e+02 1.900000000000000000e+01 1.300000000000000000e+01
1.690003628020396320e+02 1.600000000000000000e+01 1.200000000000000000e+01
1.700001261068178451e+02 1.600000000000000000e+01 1.300000000000000000e+01
1.710003628020395183e+02 1.500000000000000000e+01 1.400000000000000000e+01
1.720003628020394615e+02 1.500000000000000000e+01 1.400000000000000000e+01
1.730003628020394046e+02 1.600000000000000000e+01 1.500000000000000000e+01
1.740003628020393478e+02 1.600000000000000000e+01 1.400000000000000000e+01
1.750003628020392910e+02 1.600000000000000000e+01 1.400000000000000000e+01
1.760003628020392341e+02 1.600000000000000000e+01 1.400000000000000000e+01
1.770003628020391773e+02 1.400000000000000000e+01 1.600000000000000000e+01
1.780003628020391204e+02 1.300000000000000000e+01 1.600000000000000000e+01
1.790000693573991555e+02 8.000000000000000000e+00 1.600000000000000000e+01
1.800003628020390067e+02 5.000000000000000000e+00 1.800000000000000000e+01
1.810003628020389499e+02 6.000000000000000000e+00 1.900000000000000000e+01
1.820003628020388931e+02 7.000000000000000000e+00 2.000000000000000000e+01
1.830003628020388362e+02 5.000000000000000000e+00 2.000000000000000000e+01
1.840003628020387794e+02 6.000000000000000000e+00 2.100000000000000000e+01
1.850003628020387225e+02 5.000000000000000000e+00 2.000000000000000000e+01
1.860003628020386657e+02 5.000000000000000000e+00 1.900000000000000000e+01
1.870003628020386088e+02 6.000000000000000000e+00 1.900000000000000000e+01
1.880003628020385520e+02 7.000000000000000000e+00 1.900000000000000000e+01
1.890003628020384951e+02 6.000000000000000000e+00 1.900000000000000000e+01
1.900003628020384383e+02 6.000000000000000000e+00 2.200000000000000000e+01
1.910003628020383815e+02 5.000000000000000000e+00 2.200000000000000000e+01
1.920003628020383246e+02 5.000000000000000000e+00 2.000000000000000000e+01
1.930003628020382678e+02 4.000000000000000000e+00 1.700000000000000000e+01
1.940003628020382109e+02 5.000000000000000000e+00 1.600000000000000000e+01
1.950003628020381541e+02 3.000000000000000000e+00 1.700000000000000000e+01
1.960003628020380972e+02 3.000000000000000000e+00 1.600000000000000000e+01
1.970003628020380404e+02 2.000000000000000000e+00 1.400000000000000000e+01
1.980003628020379836e+02 3.000000000000000000e+00 1.500000000000000000e+01
1.990003628020379267e+02 3.000000000000000000e+00 1.300000000000000000e+01
2.000003628020378699e+02 3.000000000000000000e+00 1.300000000000000000e+01
2.010003628020378130e+02 4.000000000000000000e+00 1.200000000000000000e+01
2.020003628020377562e+02 4.000000000000000000e+00 1.200000000000000000e+01
2.030003628020376993e+02 4.000000000000000000e+00 1.300000000000000000e+01
2.040003628020376425e+02 5.000000000000000000e+00 1.300000000000000000e+01
2.050003628020375857e+02 5.000000000000000000e+00 1.300000000000000000e+01
2.060003628020375288e+02 5.000000000000000000e+00 1.300000000000000000e+01
2.070003628020374720e+02 4.000000000000000000e+00 1.400000000000000000e+01
2.080003628020374151e+02 6.000000000000000000e+00 1.700000000000000000e+01
2.090002227848202381e+02 6.000000000000000000e+00 1.700000000000000000e+01
2.100003628020373014e+02 7.000000000000000000e+00 1.500000000000000000e+01
2.110003628020372446e+02 8.000000000000000000e+00 1.500000000000000000e+01
2.120003628020371877e+02 5.000000000000000000e+00 1.500000000000000000e+01
2.130002286844544415e+02 5.000000000000000000e+00 1.700000000000000000e+01
2.140003628020370741e+02 5.000000000000000000e+00 1.600000000000000000e+01
2.150003628020370172e+02 6.000000000000000000e+00 1.600000000000000000e+01
2.160003628020369604e+02 7.000000000000000000e+00 1.600000000000000000e+01
2.170003628020369035e+02 6.000000000000000000e+00 1.600000000000000000e+01
2.180003628020368467e+02 7.000000000000000000e+00 1.700000000000000000e+01
2.190003628020367898e+02 7.000000000000000000e+00 1.900000000000000000e+01
2.200003628020367330e+02 6.000000000000000000e+00 2.100000000000000000e+01
2.210003628020366762e+02 6.000000000000000000e+00 2.100000000000000000e+01
2.220003628020366193e+02 8.000000000000000000e+00 2.300000000000000000e+01
2.230003628020365625e+02 5.000000000000000000e+00 2.300000000000000000e+01
2.240001702581045038e+02 6.000000000000000000e+00 2.200000000000000000e+01
2.250003628020364488e+02 7.000000000000000000e+00 2.200000000000000000e+01
2.260003628020363919e+02 8.000000000000000000e+00 1.900000000000000000e+01
2.270003628020363351e+02 8.000000000000000000e+00 1.900000000000000000e+01
2.280003628020362783e+02 8.000000000000000000e+00 1.600000000000000000e+01
2.290003628020362214e+02 9.000000000000000000e+00 1.400000000000000000e+01
2.300003628020361646e+02 1.300000000000000000e+01 1.000000000000000000e+01
2.310003628020361077e+02 1.300000000000000000e+01 1.000000000000000000e+01
2.320003628020360509e+02 1.300000000000000000e+01 9.000000000000000000e+00
2.330003628020359940e+02 1.000000000000000000e+01 1.000000000000000000e+01
2.340003628020359372e+02 1.000000000000000000e+01 9.000000000000000000e+00
2.350003628020358803e+02 1.000000000000000000e+01 7.000000000000000000e+00
2.360003628020358235e+02 9.000000000000000000e+00 4.000000000000000000e+00
2.370003628020357667e+02 1.100000000000000000e+01 5.000000000000000000e+00
2.380003628020357098e+02 1.000000000000000000e+01 3.000000000000000000e+00
2.390003628020356530e+02 1.000000000000000000e+01 4.000000000000000000e+00
2.400003628020355961e+02 1.000000000000000000e+01 4.000000000000000000e+00
2.410003628020355393e+02 1.100000000000000000e+01 4.000000000000000000e+00
2.420003628020354824e+02 1.000000000000000000e+01 4.000000000000000000e+00
2.430003628020354256e+02 1.100000000000000000e+01 6.000000000000000000e+00
2.440003628020353688e+02 1.100000000000000000e+01 5.000000000000000000e+00
2.450003628020353119e+02 1.100000000000000000e+01 4.000000000000000000e+00
2.460003628020352551e+02 1.100000000000000000e+01 6.000000000000000000e+00
2.470003628020351982e+02 1.200000000000000000e+01 8.000000000000000000e+00
2.480003628020351414e+02 1.100000000000000000e+01 8.000000000000000000e+00
2.490003628020350845e+02 1.000000000000000000e+01 8.000000000000000000e+00
2.500003628020350277e+02 9.000000000000000000e+00 8.000000000000000000e+00
2.510003628020349709e+02 7.000000000000000000e+00 9.000000000000000000e+00
2.520003628020349140e+02 6.000000000000000000e+00 9.000000000000000000e+00
2.530003628020348572e+02 7.000000000000000000e+00 9.000000000000000000e+00
2.540003628020348003e+02 6.000000000000000000e+00 9.000000000000000000e+00
2.550003628020347435e+02 6.000000000000000000e+00 1.200000000000000000e+01
2.560003628020347151e+02 7.000000000000000000e+00 1.000000000000000000e+01
2.570003628020349424e+02 8.000000000000000000e+00 1.000000000000000000e+01
2.580003628020351698e+02 8.000000000000000000e+00 1.000000000000000000e+01
2.590002785996328498e+02 8.000000000000000000e+00 9.000000000000000000e+00
2.600001828149604535e+02 1.000000000000000000e+01 9.000000000000000000e+00
2.610003628020358519e+02 9.000000000000000000e+00 8.000000000000000000e+00
2.620003628020360793e+02 9.000000000000000000e+00 6.000000000000000000e+00
2.630003628020363067e+02 1.100000000000000000e+01 7.000000000000000000e+00
2.640003628020365340e+02 1.200000000000000000e+01 5.000000000000000000e+00
2.650003628020367614e+02 1.200000000000000000e+01 6.000000000000000000e+00
2.660003628020369888e+02 1.600000000000000000e+01 5.000000000000000000e+00
2.670003628020372162e+02 1.300000000000000000e+01 5.000000000000000000e+00
2.680003628020374435e+02 1.200000000000000000e+01 5.000000000000000000e+00
2.690003628020376709e+02 1.200000000000000000e+01 7.000000000000000000e+00
2.700003628020378983e+02 1.300000000000000000e+01 8.000000000000000000e+00
2.710003628020381257e+02 1.200000000000000000e+01 8.000000000000000000e+00
2.720003628020383530e+02 1.200000000000000000e+01 7.000000000000000000e+00
2.730003628020385804e+02 1.000000000000000000e+01 1.000000000000000000e+01
2.740003628020388078e+02 1.000000000000000000e+01 7.000000000000000000e+00
2.750003628020390352e+02 1.100000000000000000e+01 6.000000000000000000e+00
2.760003628020392625e+02 1.000000000000000000e+01 7.000000000000000000e+00
2.770002804581576470e+02 1.000000000000000000e+01 4.000000000000000000e+00
2.780003628020397173e+02 1.100000000000000000e+01 1.000000000000000000e+00
2.790003628020399447e+02 1.000000000000000000e+01 2.000000000000000000e+00
2.800003628020401720e+02 1.000000000000000000e+01 1.000000000000000000e+00
2.810003628020403994e+02 1.000000000000000000e+01 0.000000000000000000e+00
2.820003628020406268e+02 1.100000000000000000e+01 0.000000000000000000e+00
2.830003628020408541e+02 9.000000000000000000e+00 0.000000000000000000e+00
2.840003628020410815e+02 1.000000000000000000e+01 2.000000000000000000e+00
2.850003628020413089e+02 1.100000000000000000e+01 4.000000000000000000e+00
2.860003628020415363e+02 1.100000000000000000e+01 3.000000000000000000e+00
2.870003628020417636e+02 8.000000000000000000e+00 3.000000000000000000e+00
2.880003628020419910e+02 8.000000000000000000e+00 3.000000000000000000e+00
2.890000783716299111e+02 9.000000000000000000e+00 2.000000000000000000e+00
2.900003628020424458e+02 8.000000000000000000e+00 2.000000000000000000e+00
2.910003628020426731e+02 8.000000000000000000e+00 3.000000000000000000e+00
2.920003628020429005e+02 9.000000000000000000e+00 3.000000000000000000e+00
2.930003628020431279e+02 1.000000000000000000e+01 3.000000000000000000e+00
2.940003628020433553e+02 1.100000000000000000e+01 7.000000000000000000e+00
2.950003628020435826e+02 1.200000000000000000e+01 6.000000000000000000e+00
2.960003628020438100e+02 1.300000000000000000e+01 6.000000000000000000e+00
2.970003628020440374e+02 1.400000000000000000e+01 7.000000000000000000e+00
2.980001417420502321e+02 1.300000000000000000e+01 6.000000000000000000e+00
2.990002693205873356e+02 1.300000000000000000e+01 5.000000000000000000e+00
3.000003628020447195e+02 1.300000000000000000e+01 5.000000000000000000e+00
