0.000000000000000000e+00 0.000000000000000000e+00 0.000000000000000000e+00
1.000585109881659163e+00 2.000000000000000000e+00 2.000000000000000000e+00
2.000585109881659829e+00 3.000000000000000000e+00 3.000000000000000000e+00
3.000144081024211484e+00 4.000000000000000000e+00 4.000000000000000000e+00
4.000585109881661161e+00 4.000000000000000000e+00 4.000000000000000000e+00
5.000585109881657608e+00 4.000000000000000000e+00 4.000000000000000000e+00
6.000585109881654056e+00 4.000000000000000000e+00 4.000000000000000000e+00
7.000585109881650503e+00 6.000000000000000000e+00 6.000000000000000000e+00
8.000585109881647838e+00 6.000000000000000000e+00 6.000000000000000000e+00
9.000585109881644286e+00 6.000000000000000000e+00 6.000000000000000000e+00
1.000058510988164073e+01 7.000000000000000000e+00 7.000000000000000000e+00
1.100058510988163718e+01 7.000000000000000000e+00 7.000000000000000000e+00
1.200058510988163363e+01 8.000000000000000000e+00 8.000000000000000000e+00
1.300058510988163007e+01 5.000000000000000000e+00 5.000000000000000000e+00
1.400058510988162652e+01 7.000000000000000000e+00 7.000000000000000000e+00
1.500058510988162297e+01 8.000000000000000000e+00 7.000000000000000000e+00
1.600058510988161942e+01 9.000000000000000000e+00 8.000000000000000000e+00
1.700058510988163363e+01 9.000000000000000000e+00 8.000000000000000000e+00
1.800058510988164784e+01 8.000000000000000000e+00 8.000000000000000000e+00
1.900058510988166205e+01 8.000000000000000000e+00 7.000000000000000000e+00
2.000048936715047532e+01 9.000000000000000000e+00 8.000000000000000000e+00
2.100058510988169047e+01 8.000000000000000000e+00 7.000000000000000000e+00
2.200058510988170468e+01 7.000000000000000000e+00 5.000000000000000000e+00
2.300058510988171889e+01 5.000000000000000000e+00 4.000000000000000000e+00
2.400058510988173310e+01 8.000000000000000000e+00 6.000000000000000000e+00
2.500032677443661910e+01 6.000000000000000000e+00 3.000000000000000000e+00
2.600015316801655985e+01 6.000000000000000000e+00 5.000000000000000000e+00
2.700058510988177574e+01 8.000000000000000000e+00 6.000000000000000000e+00
2.800058510988178995e+01 8.000000000000000000e+00 6.000000000000000000e+00
2.900058510988180416e+01 8.000000000000000000e+00 6.000000000000000000e+00
3.000058510988181837e+01 8.000000000000000000e+00 6.000000000000000000e+00
3.100058510988183258e+01 6.000000000000000000e+00 7.000000000000000000e+00
3.200058510988184679e+01 8.000000000000000000e+00 8.000000000000000000e+00
3.300058510988186100e+01 5.000000000000000000e+00 5.000000000000000000e+00
3.400058510988187521e+01 5.000000000000000000e+00 5.000000000000000000e+00
3.500026826161308691e+01 5.000000000000000000e+00 3.000000000000000000e+00
3.600058510988190363e+01 5.000000000000000000e+00 2.000000000000000000e+00
3.700058510988191784e+01 7.000000000000000000e+00 1.000000000000000000e+00
3.800007810580216017e+01 7.000000000000000000e+00 0.000000000000000000e+00
3.900058510988194627e+01 7.000000000000000000e+00 1.000000000000000000e+00
4.000058510988196048e+01 8.000000000000000000e+00 0.000000000000000000e+00
4.100058510988197469e+01 8.000000000000000000e+00 2.000000000000000000e+00
4.200058510988198890e+01 8.000000000000000000e+00 2.000000000000000000e+00
4.300023181103171765e+01 1.200000000000000000e+01 3.000000000000000000e+00
4.400058510988201732e+01 1.000000000000000000e+01 2.000000000000000000e+00
4.500058510988203153e+01 8.000000000000000000e+00 2.000000000000000000e+00
4.600058510988204574e+01 8.000000000000000000e+00 4.000000000000000000e+00
4.700058510988205995e+01 8.000000000000000000e+00 3.000000000000000000e+00
4.800058510988207416e+01 8.000000000000000000e+00 4.000000000000000000e+00
4.900058510988208837e+01 8.000000000000000000e+00 4.000000000000000000e+00
5.000058510988210259e+01 8.000000000000000000e+00 4.000000000000000000e+00
5.100058510988211680e+01 8.000000000000000000e+00 3.000000000000000000e+00
5.200058510988213101e+01 8.000000000000000000e+00 3.000000000000000000e+00
5.300058510988214522e+01 9.000000000000000000e+00 4.000000000000000000e+00
5.400058510988215943e+01 9.000000000000000000e+00 4.000000000000000000e+00
5.500058510988217364e+01 1.200000000000000000e+01 8.000000000000000000e+00
5.600058510988218785e+01 1.200000000000000000e+01 8.000000000000000000e+00
5.700058510988220206e+01 1.200000000000000000e+01 8.000000000000000000e+00
5.800058510988221627e+01 1.300000000000000000e+01 7.000000000000000000e+00
5.900058510988223048e+01 1.200000000000000000e+01 7.000000000000000000e+00
6.000058510988224469e+01 1.200000000000000000e+01 8.000000000000000000e+00
6.100058510988225891e+01 1.300000000000000000e+01 7.000000000000000000e+00
6.200058510988227312e+01 1.300000000000000000e+01 4.000000000000000000e+00
6.300058510988228733e+01 1.300000000000000000e+01 4.000000000000000000e+00
6.400058510988229443e+01 1.200000000000000000e+01 5.000000000000000000e+00
6.500058510988223759e+01 8.000000000000000000e+00 2.000000000000000000e+00
6.600058510988218075e+01 7.000000000000000000e+00 1.000000000000000000e+00
6.700058510988212390e+01 8.000000000000000000e+00 2.000000000000000000e+00
6.800006966384094653e+01 8.000000000000000000e+00 4.000000000000000000e+00
6.900058510988201022e+01 9.000000000000000000e+00 4.000000000000000000e+00
7.000058510988195337e+01 1.100000000000000000e+01 5.000000000000000000e+00
7.100058510988189653e+01 1.000000000000000000e+01 4.000000000000000000e+00
7.200058510988183968e+01 8.000000000000000000e+00 7.000000000000000000e+00
7.300058510988178284e+01 8.000000000000000000e+00 8.000000000000000000e+00
7.400058510988172600e+01 6.000000000000000000e+00 5.000000000000000000e+00
7.500058510988166915e+01 5.000000000000000000e+00 5.000000000000000000e+00
7.600058510988161231e+01 4.000000000000000000e+00 4.000000000000000000e+00
7.700031411216490085e+01 4.000000000000000000e+00 5.000000000000000000e+00
7.800058510988149862e+01 4.000000000000000000e+00 5.000000000000000000e+00
7.900058510988144178e+01 4.000000000000000000e+00 3.000000000000000000e+00
8.000058510988138494e+01 3.000000000000000000e+00 3.000000000000000000e+00
8.100058510988132809e+01 3.000000000000000000e+00 5.000000000000000000e+00
8.200012476847571463e+01 3.000000000000000000e+00 6.000000000000000000e+00
8.300030271230636458e+01 8.000000000000000000e+00 7.000000000000000000e+00
8.400058510988115756e+01 8.000000000000000000e+00 6.000000000000000000e+00
8.500058510988110072e+01 8.000000000000000000e+00 8.000000000000000000e+00
8.600058510988104388e+01 8.000000000000000000e+00 9.000000000000000000e+00
8.700058510988098703e+01 9.000000000000000000e+00 9.000000000000000000e+00
8.800058510988093019e+01 9.000000000000000000e+00 9.000000000000000000e+00
8.900058510988087335e+01 7.000000000000000000e+00 9.000000000000000000e+00
9.000058510988081650e+01 7.000000000000000000e+00 1.200000000000000000e+01
9.100058510988075966e+01 7.000000000000000000e+00 1.000000000000000000e+01
9.200058510988070282e+01 7.000000000000000000e+00 8.000000000000000000e+00
9.300058510988064597e+01 7.000000000000000000e+00 9.000000000000000000e+00
9.400058510988058913e+01 9.000000000000000000e+00 1.000000000000000000e+01
9.500058510988053229e+01 8.000000000000000000e+00 9.000000000000000000e+00
9.600058510988047544e+01 8.000000000000000000e+00 9.000000000000000000e+00
9.700058510988041860e+01 9.000000000000000000e+00 8.000000000000000000e+00
9.800009277875834357e+01 9.000000000000000000e+00 1.000000000000000000e+01
9.900058510988030491e+01 9.000000000000000000e+00 1.200000000000000000e+01
1.000005851098802481e+02 1.000000000000000000e+01 1.200000000000000000e+01
1.010005851098801912e+02 1.200000000000000000e+01 1.200000000000000000e+01
1.020005851098801344e+02 1.100000000000000000e+01 1.300000000000000000e+01
1.030005851098800775e+02 1.200000000000000000e+01 1.500000000000000000e+01
1.040001040653538240e+02 1.000000000000000000e+01 1.600000000000000000e+01
1.050005851098799639e+02 7.000000000000000000e+00 1.400000000000000000e+01
1.060005851098799070e+02 5.000000000000000000e+00 1.200000000000000000e+01
1.070005851098798502e+02 6.000000000000000000e+00 1.300000000000000000e+01
1.080005851098797933e+02 6.000000000000000000e+00 1.500000000000000000e+01
1.090005851098797365e+02 7.000000000000000000e+00 1.400000000000000000e+01
1.100005851098796796e+02 8.000000000000000000e+00 1.200000000000000000e+01
1.110005851098796228e+02 5.000000000000000000e+00 7.000000000000000000e+00
1.120003640348950569e+02 8.000000000000000000e+00 9.000000000000000000e+00
1.130005851098795091e+02 8.000000000000000000e+00 1.000000000000000000e+01
1.140005851098794523e+02 9.000000000000000000e+00 8.000000000000000000e+00
1.150005851098793954e+02 1.000000000000000000e+01 8.000000000000000000e+00
1.160005851098793386e+02 1.000000000000000000e+01 8.000000000000000000e+00
1.170005851098792817e+02 6.000000000000000000e+00 7.000000000000000000e+00
1.180005851098792249e+02 5.000000000000000000e+00 7.000000000000000000e+00
1.190005851098791680e+02 6.000000000000000000e+00 8.000000000000000000e+00
1.200005851098791112e+02 6.000000000000000000e+00 5.000000000000000000e+00
1.210005851098790544e+02 5.000000000000000000e+00 2.000000000000000000e+00
1.220005851098789975e+02 6.000000000000000000e+00 3.000000000000000000e+00
1.230005851098789407e+02 6.000000000000000000e+00 3.000000000000000000e+00
1.240005851098788838e+02 8.000000000000000000e+00 4.000000000000000000e+00
1.250005851098788270e+02 9.000000000000000000e+00 7.000000000000000000e+00
1.260005851098787701e+02 1.000000000000000000e+01 7.000000000000000000e+00
1.270005851098787133e+02 9.000000000000000000e+00 7.000000000000000000e+00
1.280005851098786707e+02 9.000000000000000000e+00 7.000000000000000000e+00
1.290005851098786138e+02 9.000000000000000000e+00 7.000000000000000000e+00
1.300001851776170838e+02 1.000000000000000000e+01 5.000000000000000000e+00
1.310005851098785001e+02 1.000000000000000000e+01 6.000000000000000000e+00
1.320005851098784433e+02 1.000000000000000000e+01 6.000000000000000000e+00
1.330005851098783864e+02 6.000000000000000000e+00 6.000000000000000000e+00
1.340005851098783296e+02 5.000000000000000000e+00 7.000000000000000000e+00
1.350005851098782728e+02 6.000000000000000000e+00 7.000000000000000000e+00
1.360005851098782159e+02 6.000000000000000000e+00 8.000000000000000000e+00
1.370003886509586835e+02 5.000000000000000000e+00 6.000000000000000000e+00
1.380002227278972953e+02 5.000000000000000000e+00 6.000000000000000000e+00
1.390005851098780454e+02 7.000000000000000000e+00 7.000000000000000000e+00
1.400005851098779885e+02 7.000000000000000000e+00 6.000000000000000000e+00
1.410005851098779317e+02 5.000000000000000000e+00 6.000000000000000000e+00
1.420000570330060725e+02 4.000000000000000000e+00 7.000000000000000000e+00
1.430005851098778180e+02 4.000000000000000000e+00 7.000000000000000000e+00
1.440005851098777612e+02 5.000000000000000000e+00 1.000000000000000000e+01
1.450005851098777043e+02 6.000000000000000000e+00 1.100000000000000000e+01
1.460005851098776475e+02 8.000000000000000000e+00 1.100000000000000000e+01
1.470004944736471373e+02 9.000000000000000000e+00 1.000000000000000000e+01
1.480005851098775338e+02 8.000000000000000000e+00 1.000000000000000000e+01
1.490005851098774770e+02 7.000000000000000000e+00 1.000000000000000000e+01
1.500005851098774201e+02 5.000000000000000000e+00 8.000000000000000000e+00
1.510005851098773633e+02 3.000000000000000000e+00 7.000000000000000000e+00
1.520005851098773064e+02 3.000000000000000000e+00 7.000000000000000000e+00
1.530005851098772496e+02 4.000000000000000000e+00 6.000000000000000000e+00
1.540000207107548249e+02 2.000000000000000000e+00 6.000000000000000000e+00
1.550005851098771359e+02 0.000000000000000000e+00 7.000000000000000000e+00
1.560005851098770790e+02 1.000000000000000000e+00 7.000000000000000000e+00
1.570005851098770222e+02 5.000000000000000000e+00 5.000000000000000000e+00
1.580005851098769654e+02 1.000000000000000000e+00 3.000000000000000000e+00
1.590005851098769085e+02 0.000000000000000000e+00 2.000000000000000000e+00
1.600005851098768517e+02 0.000000000000000000e+00 2.000000000000000000e+00
1.610005851098767948e+02 1.000000000000000000e+00 1.000000000000000000e+00
1.620005851098767380e+02 2.000000000000000000e+00 0.000000000000000000e+00
1.630005851098766811e+02 1.000000000000000000e+00 0.000000000000000000e+00
1.640005851098766243e+02 2.000000000000000000e+00 1.000000000000000000e+00
1.650005851098765675e+02 2.000000000000000000e+00 2.000000000000000000e+00
1.660005851098765106e+02 3.000000000000000000e+00 1.000000000000000000e+00
1.670005851098764538e+02 3.000000000000000000e+00 0.000000000000000000e+00
1.680005851098763969e+02 4.000000000000000000e+00 1.000000000000000000e+00
1.690005851098763401e+02 4.000000000000000000e+00 2.000000000000000000e+00
1.700005851098762832e+02 4.000000000000000000e+00 3.000000000000000000e+00
1.710005851098762264e+02 4.000000000000000000e+00 4.000000000000000000e+00
1.720005851098761696e+02 6.000000000000000000e+00 6.000000000000000000e+00
1.730000012570465628e+02 7.000000000000000000e+00 7.000000000000000000e+00
1.740005851098760559e+02 7.000000000000000000e+00 8.000000000000000000e+00
1.750001526991422338e+02 7.000000000000000000e+00 9.000000000000000000e+00
1.760005851098759422e+02 9.000000000000000000e+00 1.000000000000000000e+01
1.770005851098758853e+02 9.000000000000000000e+00 1.300000000000000000e+01
1.780001850497129681e+02 1.000000000000000000e+01 1.300000000000000000e+01
1.790005851098757716e+02 1.300000000000000000e+01 1.100000000000000000e+01
1.800005851098757148e+02 1.200000000000000000e+01 7.000000000000000000e+00
1.810005851098756580e+02 1.200000000000000000e+01 4.000000000000000000e+00
1.820005851098756011e+02 1.300000000000000000e+01 2.000000000000000000e+00
1.830005851098755443e+02 1.000000000000000000e+01 1.000000000000000000e+00
1.840005851098754874e+02 1.100000000000000000e+01 1.000000000000000000e+00
1.850005851098754306e+02 1.100000000000000000e+01 1.000000000000000000e+00
1.860005851098753737e+02 1.000000000000000000e+01 1.000000000000000000e+00
1.870005851098753169e+02 9.000000000000000000e+00 4.000000000000000000e+00
1.880005851098752601e+02 7.000000000000000000e+00 4.000000000000000000e+00
1.890005851098752032e+02 5.000000000000000000e+00 4.000000000000000000e+00
1.900005851098751464e+02 4.000000000000000000e+00 4.000000000000000000e+00
1.910005851098750895e+02 4.000000000000000000e+00 4.000000000000000000e+00
1.920004029241638648e+02 5.000000000000000000e+00 4.000000000000000000e+00
1.930005851098749758e+02 7.000000000000000000e+00 4.000000000000000000e+00
1.940004047454031593e+02 6.000000000000000000e+00 6.000000000000000000e+00
1.950005693905113162e+02 6.000000000000000000e+00 7.000000000000000000e+00
1.960005851098748053e+02 6.000000000000000000e+00 7.000000000000000000e+00
1.970005851098747485e+02 7.000000000000000000e+00 6.000000000000000000e+00
1.980005851098746916e+02 8.000000000000000000e+00 6.000000000000000000e+00
1.990005851098746348e+02 7.000000000000000000e+00 7.000000000000000000e+00
2.000005851098745779e+02 8.000000000000000000e+00 7.000000000000000000e+00
2.010005851098745211e+02 6.000000000000000000e+00 8.000000000000000000e+00
2.020005851098744643e+02 5.000000000000000000e+00 9.000000000000000000e+00
2.030005851098744074e+02 4.000000000000000000e+00 1.100000000000000000e+01
2.040005252698761353e+02 4.000000000000000000e+00 1.000000000000000000e+01
2.050005851098742937e+02 4.000000000000000000e+00 1.000000000000000000e+01
2.060005851098742369e+02 5.000000000000000000e+00 1.000000000000000000e+01
2.070005851098741800e+02 5.000000000000000000e+00 1.000000000000000000e+01
2.080005851098741232e+02 5.000000000000000000e+00 1.000000000000000000e+01
2.090005851098740663e+02 8.000000000000000000e+00 1.100000000000000000e+01
2.100005760013604572e+02 9.000000000000000000e+00 1.000000000000000000e+01
2.110005851098739527e+02 1.000000000000000000e+01 1.000000000000000000e+01
2.120005851098738958e+02 1.100000000000000000e+01 1.100000000000000000e+01
2.130005851098738390e+02 8.000000000000000000e+00 1.000000000000000000e+01
2.140005851098737821e+02 8.000000000000000000e+00 1.100000000000000000e+01
2.150005851098737253e+02 8.000000000000000000e+00 1.100000000000000000e+01
2.160000246498245247e+02 7.000000000000000000e+00 1.100000000000000000e+01
2.170005851098736116e+02 7.000000000000000000e+00 1.400000000000000000e+01
2.180005851098735548e+02 8.000000000000000000e+00 1.600000000000000000e+01
2.190005851098734979e+02 7.000000000000000000e+00 1.600000000000000000e+01
2.200005851098734411e+02 7.000000000000000000e+00 1.700000000000000000e+01
2.210000372301987852e+02 7.000000000000000000e+00 1.400000000000000000e+01
2.220005851098733274e+02 7.000000000000000000e+00 1.400000000000000000e+01
2.230005851098732705e+02 7.000000000000000000e+00 1.300000000000000000e+01
2.240003155067528837e+02 5.000000000000000000e+00 1.400000000000000000e+01
2.250005851098731569e+02 5.000000000000000000e+00 1.300000000000000000e+01
2.260005851098731000e+02 7.000000000000000000e+00 1.500000000000000000e+01
2.270005851098730432e+02 7.000000000000000000e+00 1.300000000000000000e+01
2.280002860366440984e+02 7.000000000000000000e+00 1.300000000000000000e+01
2.290005851098729295e+02 8.000000000000000000e+00 1.300000000000000000e+01
2.300005851098728726e+02 3.000000000000000000e+00 1.300000000000000000e+01
2.310005851098728158e+02 2.000000000000000000e+00 1.300000000000000000e+01
2.320005851098727589e+02 2.000000000000000000e+00 1.000000000000000000e+01
2.330005851098727021e+02 2.000000000000000000e+00 1.100000000000000000e+01
2.340005851098726453e+02 5.000000000000000000e+00 1.100000000000000000e+01
2.350005851098725884e+02 5.000000000000000000e+00 1.200000000000000000e+01
2.360005851098725316e+02 4.000000000000000000e+00 1.200000000000000000e+01
2.370005851098724747e+02 5.000000000000000000e+00 1.400000000000000000e+01
2.380005851098724179e+02 4.000000000000000000e+00 1.500000000000000000e+01
2.390005851098723610e+02 4.000000000000000000e+00 1.800000000000000000e+01
2.400005851098723042e+02 4.000000000000000000e+00 1.900000000000000000e+01
2.410005851098722474e+02 6.000000000000000000e+00 1.900000000000000000e+01
2.420005851098721905e+02 8.000000000000000000e+00 2.000000000000000000e+01
2.430005851098721337e+02 6.000000000000000000e+00 2.000000000000000000e+01
2.440005851098720768e+02 5.000000000000000000e+00 2.000000000000000000e+01
2.450003421241759156e+02 4.000000000000000000e+00 2.000000000000000000e+01
2.460005851098719631e+02 4.000000000000000000e+00 1.900000000000000000e+01
2.470005851098719063e+02 3.000000000000000000e+00 2.000000000000000000e+01
2.480005851098718495e+02 2.000000000000000000e+00 2.000000000000000000e+01
2.490005851098717926e+02 3.000000000000000000e+00 2.000000000000000000e+01
2.500005851098717358e+02 3.000000000000000000e+00 1.800000000000000000e+01
2.510001359009711450e+02 3.000000000000000000e+00 1.700000000000000000e+01
2.520005851098716221e+02 3.000000000000000000e+00 1.800000000000000000e+01
2.530005851098715652e+02 2.000000000000000000e+00 1.500000000000000000e+01
2.540005851098715084e+02 3.000000000000000000e+00 1.200000000000000000e+01
2.550005782431270234e+02 4.000000000000000000e+00 1.000000000000000000e+01
2.560005851098713947e+02 5.000000000000000000e+00 9.000000000000000000e+00
2.570005851098716221e+02 5.000000000000000000e+00 8.000000000000000000e+00
2.580005851098718495e+02 4.000000000000000000e+00 8.000000000000000000e+00
2.590005851098720768e+02 4.000000000000000000e+00 1.100000000000000000e+01
2.600005851098723042e+02 3.000000000000000000e+00 9.000000000000000000e+00
2.610000633274709685e+02 3.000000000000000000e+00 8.000000000000000000e+00
2.620005851098727589e+02 3.000000000000000000e+00 7.000000000000000000e+00
2.630005851098729863e+02 4.000000000000000000e+00 8.000000000000000000e+00
2.640005851098732137e+02 4.000000000000000000e+00 9.000000000000000000e+00
2.650004336899333452e+02 3.000000000000000000e+00 9.000000000000000000e+00
2.660005851098736684e+02 5.000000000000000000e+00 8.000000000000000000e+00
2.670005851098738958e+02 7.000000000000000000e+00 1.000000000000000000e+01
2.680005851098741232e+02 6.000000000000000000e+00 9.000000000000000000e+00
2.690005851098743506e+02 2.000000000000000000e+00 9.000000000000000000e+00
2.700005851098745779e+02 4.000000000000000000e+00 7.000000000000000000e+00
2.710005851098748053e+02 5.000000000000000000e+00 8.000000000000000000e+00
2.720005851098750327e+02 5.000000000000000000e+00 8.000000000000000000e+00
2.730005851098752601e+02 2.000000000000000000e+00 8.000000000000000000e+00
2.740004835095583644e+02 3.000000000000000000e+00 9.000000000000000000e+00
2.750005851098757148e+02 4.000000000000000000e+00 9.000000000000000000e+00
2.760005851098759422e+02 5.000000000000000000e+00 1.000000000000000000e+01
2.770005851098761696e+02 7.000000000000000000e+00 1.000000000000000000e+01
2.780005851098763969e+02 6.000000000000000000e+00 1.100000000000000000e+01
2.790005851098766243e+02 7.000000000000000000e+00 1.100000000000000000e+01
2.800005851098768517e+02 6.000000000000000000e+00 1.100000000000000000e+01
2.810005851098770790e+02 6.000000000000000000e+00 1.000000000000000000e+01
2.820005851098773064e+02 6.000000000000000000e+00 9.000000000000000000e+00
2.830005851098775338e+02 5.000000000000000000e+00 1.000000000000000000e+01
2.840005851098777612e+02 6.000000000000000000e+00 9.000000000000000000e+00
2.850005851098779885e+02 7.000000000000000000e+00 9.000000000000000000e+00
2.860005851098782159e+02 1.000000000000000000e+01 9.000000000000000000e+00
2.870005851098784433e+02 1.100000000000000000e+01 1.000000000000000000e+01
2.880005851098786707e+02 1.100000000000000000e+01 1.000000000000000000e+01
2.890005851098788980e+02 1.200000000000000000e+01 1.100000000000000000e+01
2.900005851098791254e+02 1.200000000000000000e+01 1.300000000000000000e+01
2.910005851098793528e+02 1.400000000000000000e+01 1.400000000000000000e+01
2.920005851098795802e+02 1.300000000000000000e+01 1.400000000000000000e+01
2.930005851098798075e+02 1.300000000000000000e+01 1.500000000000000000e+01
2.940005379241673040e+02 1.300000000000000000e+01 1.400000000000000000e+01
2.950005851098802623e+02 1.300000000000000000e+01 1.200000000000000000e+01
2.960005851098804897e+02 1.300000000000000000e+01 1.100000000000000000e+01
2.970005851098807170e+02 1.400000000000000000e+01 1.300000000000000000e+01
2.980005851098809444e+02 1.400000000000000000e+01 1.500000000000000000e+01
2.990005851098811718e+02 1.400000000000000000e+01 1.400000000000000000e+01
3.000005851098813991e+02 1.600000000000000000e+01 1.500000000000000000e+01
