0.000000000000000000e+00 0.000000000000000000e+00 0.000000000000000000e+00
1.000313653679083981e+00 1.000000000000000000e+00 1.000000000000000000e+00
2.000313653679084869e+00 2.000000000000000000e+00 2.000000000000000000e+00
3.000313653679085757e+00 2.000000000000000000e+00 2.000000000000000000e+00
4.000313653679086201e+00 3.000000000000000000e+00 3.000000000000000000e+00
5.000313653679082648e+00 5.000000000000000000e+00 5.000000000000000000e+00
6.000313653679079096e+00 6.000000000000000000e+00 6.000000000000000000e+00
7.000313653679075543e+00 6.000000000000000000e+00 6.000000000000000000e+00
8.000313653679071990e+00 6.000000000000000000e+00 6.000000000000000000e+00
9.000313653679068437e+00 8.000000000000000000e+00 8.000000000000000000e+00
1.000031365367906488e+01 6.000000000000000000e+00 6.000000000000000000e+00
1.100031365367906133e+01 6.000000000000000000e+00 6.000000000000000000e+00
1.200031365367905778e+01 6.000000000000000000e+00 6.000000000000000000e+00
1.300031365367905423e+01 6.000000000000000000e+00 6.000000000000000000e+00
1.400031365367905067e+01 8.000000000000000000e+00 8.000000000000000000e+00
1.500031365367904712e+01 8.000000000000000000e+00 8.000000000000000000e+00
1.600031365367904357e+01 1.000000000000000000e+01 1.000000000000000000e+01
1.700031365367905778e+01 5.000000000000000000e+00 6.000000000000000000e+00
1.800016303729391254e+01 4.000000000000000000e+00 5.000000000000000000e+00
1.900002708717624955e+01 3.000000000000000000e+00 4.000000000000000000e+00
2.000031365367910041e+01 4.000000000000000000e+00 5.000000000000000000e+00
2.100031365367911462e+01 4.000000000000000000e+00 3.000000000000000000e+00
2.200031365367912883e+01 2.000000000000000000e+00 1.000000000000000000e+00
2.300031365367914304e+01 3.000000000000000000e+00 2.000000000000000000e+00
2.400031365367915726e+01 3.000000000000000000e+00 2.000000000000000000e+00
2.500031365367917147e+01 3.000000000000000000e+00 1.000000000000000000e+00
2.600031365367918568e+01 4.000000000000000000e+00 2.000000000000000000e+00
2.700031365367919989e+01 4.000000000000000000e+00 5.000000000000000000e+00
2.800031365367921410e+01 3.000000000000000000e+00 3.000000000000000000e+00
2.900031365367922831e+01 3.000000000000000000e+00 3.000000000000000000e+00
3.000031365367924252e+01 3.000000000000000000e+00 3.000000000000000000e+00
3.100031365367925673e+01 5.000000000000000000e+00 5.000000000000000000e+00
3.200031365367927094e+01 7.000000000000000000e+00 7.000000000000000000e+00
3.300031365367928515e+01 8.000000000000000000e+00 8.000000000000000000e+00
3.400031365367929936e+01 8.000000000000000000e+00 7.000000000000000000e+00
3.500031365367931357e+01 9.000000000000000000e+00 9.000000000000000000e+00
3.600031365367932779e+01 8.000000000000000000e+00 9.000000000000000000e+00
3.700031365367934200e+01 9.000000000000000000e+00 1.000000000000000000e+01
3.800031365367935621e+01 1.000000000000000000e+01 1.100000000000000000e+01
3.900031365367937042e+01 1.200000000000000000e+01 1.300000000000000000e+01
4.000031365367938463e+01 1.200000000000000000e+01 1.300000000000000000e+01
4.100031365367939884e+01 1.200000000000000000e+01 1.100000000000000000e+01
4.200023310191110681e+01 9.000000000000000000e+00 1.100000000000000000e+01
4.300031365367942726e+01 9.000000000000000000e+00 1.000000000000000000e+01
4.400031365367944147e+01 8.000000000000000000e+00 1.000000000000000000e+01
4.500031365367945568e+01 7.000000000000000000e+00 8.000000000000000000e+00
4.600031365367946989e+01 6.000000000000000000e+00 7.000000000000000000e+00
4.700031365367948410e+01 6.000000000000000000e+00 7.000000000000000000e+00
4.800031365367949832e+01 6.000000000000000000e+00 7.000000000000000000e+00
4.900031365367951253e+01 7.000000000000000000e+00 7.000000000000000000e+00
5.000031365367952674e+01 7.000000000000000000e+00 4.000000000000000000e+00
5.100031365367954095e+01 8.000000000000000000e+00 3.000000000000000000e+00
5.200009092341277039e+01 7.000000000000000000e+00 3.000000000000000000e+00
5.300031365367956937e+01 6.000000000000000000e+00 3.000000000000000000e+00
5.400031365367958358e+01 6.000000000000000000e+00 2.000000000000000000e+00
5.500031365367959779e+01 7.000000000000000000e+00 3.000000000000000000e+00
5.600031365367961200e+01 7.000000000000000000e+00 2.000000000000000000e+00
5.700000582111723446e+01 6.000000000000000000e+00 0.000000000000000000e+00
5.800031365367964042e+01 7.000000000000000000e+00 0.000000000000000000e+00
5.900031365367965464e+01 6.000000000000000000e+00 0.000000000000000000e+00
6.000031365367966885e+01 8.000000000000000000e+00 2.000000000000000000e+00
6.100031365367968306e+01 8.000000000000000000e+00 1.000000000000000000e+00
6.200031365367969727e+01 6.000000000000000000e+00 1.000000000000000000e+00
6.300031365367971148e+01 7.000000000000000000e+00 1.000000000000000000e+00
6.400031365367972569e+01 7.000000000000000000e+00 1.000000000000000000e+00
6.500001090980960328e+01 7.000000000000000000e+00 1.000000000000000000e+00
6.600031365367961200e+01 9.000000000000000000e+00 2.000000000000000000e+00
6.700031365367955516e+01 1.000000000000000000e+01 3.000000000000000000e+00
6.800031365367949832e+01 1.000000000000000000e+01 1.000000000000000000e+00
6.900031365367944147e+01 1.100000000000000000e+01 3.000000000000000000e+00
7.000031365367938463e+01 1.000000000000000000e+01 3.000000000000000000e+00
7.100031365367932779e+01 1.000000000000000000e+01 3.000000000000000000e+00
7.200031365367927094e+01 1.100000000000000000e+01 3.000000000000000000e+00
7.300031365367921410e+01 1.100000000000000000e+01 3.000000000000000000e+00
7.400031365367915726e+01 1.200000000000000000e+01 3.000000000000000000e+00
7.500031365367910041e+01 1.200000000000000000e+01 2.000000000000000000e+00
7.600031365367904357e+01 1.300000000000000000e+01 3.000000000000000000e+00
7.700031365367898673e+01 1.200000000000000000e+01 4.000000000000000000e+00
7.800031365367892988e+01 1.100000000000000000e+01 3.000000000000000000e+00
7.900031365367887304e+01 1.100000000000000000e+01 3.000000000000000000e+00
8.000031365367881619e+01 9.000000000000000000e+00 4.000000000000000000e+00
8.100031365367875935e+01 8.000000000000000000e+00 4.000000000000000000e+00
8.200031365367870251e+01 7.000000000000000000e+00 5.000000000000000000e+00
8.300025312300144265e+01 8.000000000000000000e+00 6.000000000000000000e+00
8.400029363115305614e+01 4.000000000000000000e+00 7.000000000000000000e+00
8.500031365367853198e+01 5.000000000000000000e+00 8.000000000000000000e+00
8.600031365367847513e+01 6.000000000000000000e+00 9.000000000000000000e+00
8.700031365367841829e+01 6.000000000000000000e+00 9.000000000000000000e+00
8.800031365367836145e+01 3.000000000000000000e+00 8.000000000000000000e+00
8.900031365367830460e+01 3.000000000000000000e+00 8.000000000000000000e+00
9.000031365367824776e+01 4.000000000000000000e+00 9.000000000000000000e+00
9.100031365367819092e+01 2.000000000000000000e+00 9.000000000000000000e+00
9.200031365367813407e+01 1.000000000000000000e+00 9.000000000000000000e+00
9.300031365367807723e+01 1.000000000000000000e+00 9.000000000000000000e+00
9.400031365367802039e+01 1.000000000000000000e+00 9.000000000000000000e+00
9.500031365367796354e+01 2.000000000000000000e+00 9.000000000000000000e+00
9.600031365367790670e+01 2.000000000000000000e+00 1.100000000000000000e+01
9.700031365367784986e+01 2.000000000000000000e+00 9.000000000000000000e+00
9.800031365367779301e+01 3.000000000000000000e+00 9.000000000000000000e+00
9.900031365367773617e+01 3.000000000000000000e+00 8.000000000000000000e+00
1.000003136536776793e+02 5.000000000000000000e+00 8.000000000000000000e+00
1.010003136536776225e+02 5.000000000000000000e+00 9.000000000000000000e+00
1.020002045073836570e+02 7.000000000000000000e+00 8.000000000000000000e+00
1.030003136536775088e+02 5.000000000000000000e+00 6.000000000000000000e+00
1.040003136536774520e+02 5.000000000000000000e+00 6.000000000000000000e+00
1.050003136536773951e+02 5.000000000000000000e+00 7.000000000000000000e+00
1.060003136536773383e+02 6.000000000000000000e+00 7.000000000000000000e+00
1.070003136536772814e+02 5.000000000000000000e+00 7.000000000000000000e+00
1.080003136536772246e+02 4.000000000000000000e+00 8.000000000000000000e+00
1.090003136536771677e+02 3.000000000000000000e+00 7.000000000000000000e+00
1.100003136536771109e+02 3.000000000000000000e+00 6.000000000000000000e+00
1.110003136536770540e+02 4.000000000000000000e+00 4.000000000000000000e+00
1.120003136536769972e+02 6.000000000000000000e+00 3.000000000000000000e+00
1.130003136536769404e+02 6.000000000000000000e+00 2.000000000000000000e+00
1.140003136536768835e+02 6.000000000000000000e+00 1.000000000000000000e+00
1.150003136536768267e+02 6.000000000000000000e+00 0.000000000000000000e+00
1.160003136536767698e+02 6.000000000000000000e+00 3.000000000000000000e+00
1.170003136536767130e+02 6.000000000000000000e+00 3.000000000000000000e+00
1.180003136536766561e+02 8.000000000000000000e+00 3.000000000000000000e+00
1.190003136536765993e+02 1.000000000000000000e+01 5.000000000000000000e+00
1.200003136536765425e+02 1.400000000000000000e+01 5.000000000000000000e+00
1.210003136536764856e+02 1.200000000000000000e+01 4.000000000000000000e+00
1.220003136536764288e+02 1.500000000000000000e+01 7.000000000000000000e+00
1.230003136536763719e+02 1.600000000000000000e+01 7.000000000000000000e+00
1.240003136536763151e+02 1.400000000000000000e+01 7.000000000000000000e+00
1.250000363636399356e+02 1.400000000000000000e+01 7.000000000000000000e+00
1.260003136536762014e+02 1.400000000000000000e+01 7.000000000000000000e+00
1.270003136536761446e+02 1.400000000000000000e+01 4.000000000000000000e+00
1.280003136536761019e+02 1.400000000000000000e+01 4.000000000000000000e+00
1.290003136536760451e+02 1.400000000000000000e+01 3.000000000000000000e+00
1.300003136536759882e+02 1.700000000000000000e+01 4.000000000000000000e+00
1.310003136536759314e+02 1.700000000000000000e+01 5.000000000000000000e+00
1.320003136536758745e+02 1.600000000000000000e+01 5.000000000000000000e+00
1.330003136536758177e+02 1.500000000000000000e+01 5.000000000000000000e+00
1.340003136536757609e+02 1.300000000000000000e+01 5.000000000000000000e+00
1.350003136536757040e+02 1.300000000000000000e+01 5.000000000000000000e+00
1.360003136536756472e+02 1.300000000000000000e+01 5.000000000000000000e+00
1.370000603806119273e+02 1.200000000000000000e+01 6.000000000000000000e+00
1.380003136536755335e+02 1.300000000000000000e+01 6.000000000000000000e+00
1.390003136536754766e+02 1.300000000000000000e+01 6.000000000000000000e+00
1.400003136536754198e+02 1.300000000000000000e+01 7.000000000000000000e+00
1.410003136536753630e+02 1.400000000000000000e+01 7.000000000000000000e+00
1.420003136536753061e+02 1.400000000000000000e+01 8.000000000000000000e+00
1.430003136536752493e+02 1.400000000000000000e+01 9.000000000000000000e+00
1.440003136536751924e+02 1.100000000000000000e+01 1.100000000000000000e+01
1.450003136536751356e+02 9.000000000000000000e+00 1.100000000000000000e+01
1.460003136536750787e+02 9.000000000000000000e+00 1.000000000000000000e+01
1.470003136536750219e+02 9.000000000000000000e+00 1.000000000000000000e+01
1.480003136536749651e+02 9.000000000000000000e+00 9.000000000000000000e+00
1.490003136536749082e+02 9.000000000000000000e+00 1.200000000000000000e+01
1.500003136536748514e+02 9.000000000000000000e+00 9.000000000000000000e+00
1.510003136536747945e+02 9.000000000000000000e+00 8.000000000000000000e+00
1.520003136536747377e+02 1.000000000000000000e+01 1.000000000000000000e+01
1.530003136536746808e+02 8.000000000000000000e+00 8.000000000000000000e+00
1.540002993129143647e+02 8.000000000000000000e+00 8.000000000000000000e+00
1.550003136536745671e+02 8.000000000000000000e+00 7.000000000000000000e+00
1.560003136536745103e+02 9.000000000000000000e+00 8.000000000000000000e+00
1.570003136536744535e+02 9.000000000000000000e+00 8.000000000000000000e+00
1.580003136536743966e+02 1.000000000000000000e+01 9.000000000000000000e+00
1.590003136536743398e+02 1.100000000000000000e+01 8.000000000000000000e+00
1.600003136536742829e+02 1.200000000000000000e+01 1.000000000000000000e+01
1.610003136536742261e+02 1.200000000000000000e+01 1.100000000000000000e+01
1.620003136536741692e+02 1.300000000000000000e+01 1.100000000000000000e+01
1.630003136536741124e+02 1.300000000000000000e+01 1.200000000000000000e+01
1.640003136536740556e+02 1.400000000000000000e+01 1.300000000000000000e+01
1.650002727044348774e+02 1.300000000000000000e+01 1.100000000000000000e+01
1.660001709422708984e+02 1.100000000000000000e+01 1.200000000000000000e+01
1.670003136536738850e+02 1.200000000000000000e+01 1.100000000000000000e+01
1.680003136536738282e+02 1.200000000000000000e+01 1.100000000000000000e+01
1.690003136536737713e+02 1.200000000000000000e+01 1.100000000000000000e+01
1.700003136536737145e+02 1.000000000000000000e+01 1.100000000000000000e+01
1.710000446846773059e+02 1.200000000000000000e+01 1.100000000000000000e+01
1.720003136536736008e+02 1.100000000000000000e+01 1.200000000000000000e+01
1.730003136536735440e+02 1.200000000000000000e+01 1.200000000000000000e+01
1.740003136536734871e+02 1.300000000000000000e+01 1.300000000000000000e+01
1.750003136536734303e+02 1.400000000000000000e+01 1.500000000000000000e+01
1.760000578200266830e+02 1.300000000000000000e+01 1.500000000000000000e+01
1.770003136536733166e+02 1.400000000000000000e+01 1.800000000000000000e+01
1.780003136536732598e+02 1.500000000000000000e+01 1.700000000000000000e+01
1.790003136536732029e+02 1.600000000000000000e+01 1.600000000000000000e+01
1.800003136536731461e+02 1.600000000000000000e+01 1.300000000000000000e+01
1.810003136536730892e+02 1.400000000000000000e+01 1.300000000000000000e+01
1.820003136536730324e+02 1.400000000000000000e+01 1.100000000000000000e+01
1.830003136536729755e+02 1.400000000000000000e+01 1.000000000000000000e+01
1.840003136536729187e+02 1.400000000000000000e+01 1.000000000000000000e+01
1.850003136536728618e+02 1.300000000000000000e+01 1.000000000000000000e+01
1.860003136536728050e+02 1.200000000000000000e+01 1.200000000000000000e+01
1.870003136536727482e+02 1.100000000000000000e+01 1.200000000000000000e+01
1.880003136536726913e+02 8.000000000000000000e+00 1.400000000000000000e+01
1.890003136536726345e+02 8.000000000000000000e+00 1.500000000000000000e+01
1.900003136536725776e+02 8.000000000000000000e+00 1.100000000000000000e+01
1.910003136536725208e+02 9.000000000000000000e+00 1.100000000000000000e+01
1.920003136536724639e+02 7.000000000000000000e+00 1.000000000000000000e+01
1.930003136536724071e+02 7.000000000000000000e+00 1.200000000000000000e+01
1.940003136536723503e+02 8.000000000000000000e+00 1.300000000000000000e+01
1.950003136536722934e+02 1.000000000000000000e+01 1.200000000000000000e+01
1.960003136536722366e+02 1.000000000000000000e+01 1.300000000000000000e+01
1.970002210675342553e+02 1.200000000000000000e+01 1.300000000000000000e+01
1.980003136536721229e+02 1.200000000000000000e+01 1.400000000000000000e+01
1.990003136536720660e+02 1.000000000000000000e+01 1.400000000000000000e+01
2.000003136536720092e+02 1.000000000000000000e+01 1.400000000000000000e+01
2.010003136536719524e+02 1.000000000000000000e+01 1.500000000000000000e+01
2.020003136536718955e+02 1.100000000000000000e+01 1.400000000000000000e+01
2.030003136536718387e+02 1.000000000000000000e+01 1.200000000000000000e+01
2.040000630288617742e+02 9.000000000000000000e+00 1.400000000000000000e+01
2.050003136536717250e+02 8.000000000000000000e+00 1.200000000000000000e+01
2.060003136536716681e+02 8.000000000000000000e+00 1.200000000000000000e+01
2.070003136536716113e+02 7.000000000000000000e+00 1.100000000000000000e+01
2.080003136536715544e+02 6.000000000000000000e+00 1.100000000000000000e+01
2.090003136536714976e+02 9.000000000000000000e+00 1.200000000000000000e+01
2.100003136536714408e+02 7.000000000000000000e+00 7.000000000000000000e+00
2.110003136536713839e+02 6.000000000000000000e+00 5.000000000000000000e+00
2.120003136536713271e+02 6.000000000000000000e+00 4.000000000000000000e+00
2.130003136536712702e+02 6.000000000000000000e+00 3.000000000000000000e+00
2.140003136536712134e+02 6.000000000000000000e+00 3.000000000000000000e+00
2.150003136536711565e+02 6.000000000000000000e+00 2.000000000000000000e+00
2.160000795404823748e+02 9.000000000000000000e+00 3.000000000000000000e+00
2.170003136536710429e+02 7.000000000000000000e+00 3.000000000000000000e+00
2.180002708526913864e+02 6.000000000000000000e+00 4.000000000000000000e+00
2.190003136536709292e+02 7.000000000000000000e+00 4.000000000000000000e+00
2.200003136536708723e+02 7.000000000000000000e+00 5.000000000000000000e+00
2.210003136536708155e+02 6.000000000000000000e+00 4.000000000000000000e+00
2.220003136536707586e+02 3.000000000000000000e+00 5.000000000000000000e+00
2.230003136536707018e+02 2.000000000000000000e+00 6.000000000000000000e+00
2.240003136536706450e+02 2.000000000000000000e+00 6.000000000000000000e+00
2.250003136536705881e+02 2.000000000000000000e+00 6.000000000000000000e+00
2.260002110271808817e+02 3.000000000000000000e+00 8.000000000000000000e+00
2.270003136536704744e+02 3.000000000000000000e+00 8.000000000000000000e+00
2.280003136536704176e+02 2.000000000000000000e+00 8.000000000000000000e+00
2.290003136536703607e+02 2.000000000000000000e+00 9.000000000000000000e+00
2.300000808123781155e+02 2.000000000000000000e+00 9.000000000000000000e+00
2.310003136536702470e+02 2.000000000000000000e+00 1.000000000000000000e+01
2.320003136536701902e+02 1.000000000000000000e+00 1.000000000000000000e+01
2.330003136536701334e+02 0.000000000000000000e+00 1.000000000000000000e+01
2.340003136536700765e+02 0.000000000000000000e+00 9.000000000000000000e+00
2.350003136536700197e+02 0.000000000000000000e+00 9.000000000000000000e+00
2.360003136536699628e+02 1.000000000000000000e+00 1.000000000000000000e+01
2.370003136536699060e+02 4.000000000000000000e+00 1.100000000000000000e+01
2.380003136536698491e+02 5.000000000000000000e+00 1.100000000000000000e+01
2.390003136536697923e+02 5.000000000000000000e+00 1.100000000000000000e+01
2.400003136536697355e+02 5.000000000000000000e+00 1.300000000000000000e+01
2.410003136536696786e+02 9.000000000000000000e+00 1.300000000000000000e+01
2.420003136536696218e+02 8.000000000000000000e+00 1.300000000000000000e+01
2.430003136536695649e+02 8.000000000000000000e+00 1.400000000000000000e+01
2.440003136536695081e+02 8.000000000000000000e+00 1.700000000000000000e+01
2.450003136536694512e+02 9.000000000000000000e+00 1.500000000000000000e+01
2.460003136536693944e+02 9.000000000000000000e+00 1.400000000000000000e+01
2.470003136536693376e+02 1.300000000000000000e+01 1.200000000000000000e+01
2.480003136536692807e+02 1.100000000000000000e+01 1.300000000000000000e+01
2.490003136536692239e+02 1.100000000000000000e+01 1.300000000000000000e+01
2.500003136536691670e+02 9.000000000000000000e+00 1.300000000000000000e+01
2.510003136536691102e+02 9.000000000000000000e+00 1.400000000000000000e+01
2.520003136536690533e+02 7.000000000000000000e+00 1.500000000000000000e+01
2.530003136536689965e+02 6.000000000000000000e+00 1.400000000000000000e+01
2.540003136536689397e+02 4.000000000000000000e+00 1.400000000000000000e+01
2.550003136536688828e+02 3.000000000000000000e+00 1.500000000000000000e+01
2.560003136536688544e+02 3.000000000000000000e+00 1.800000000000000000e+01
2.570003136536690818e+02 2.000000000000000000e+00 1.700000000000000000e+01
2.580003136536693091e+02 2.000000000000000000e+00 1.900000000000000000e+01
2.590003136536695365e+02 4.000000000000000000e+00 1.900000000000000000e+01
2.600003136536697639e+02 5.000000000000000000e+00 2.000000000000000000e+01
2.610003136536699913e+02 5.000000000000000000e+00 2.000000000000000000e+01
2.620003136536702186e+02 6.000000000000000000e+00 2.000000000000000000e+01
2.630003136536704460e+02 6.000000000000000000e+00 2.100000000000000000e+01
2.640003136536706734e+02 6.000000000000000000e+00 2.100000000000000000e+01
2.650003136536709007e+02 6.000000000000000000e+00 2.000000000000000000e+01
2.660003136536711281e+02 6.000000000000000000e+00 1.500000000000000000e+01
2.670003136536713555e+02 7.000000000000000000e+00 1.400000000000000000e+01
2.680003136536715829e+02 8.000000000000000000e+00 1.100000000000000000e+01
2.690003136536718102e+02 1.000000000000000000e+01 1.000000000000000000e+01
2.700003136536720376e+02 1.000000000000000000e+01 9.000000000000000000e+00
2.710003136536722650e+02 9.000000000000000000e+00 8.000000000000000000e+00
2.720001703266733557e+02 9.000000000000000000e+00 8.000000000000000000e+00
2.730003136536727197e+02 1.100000000000000000e+01 1.000000000000000000e+01
2.740003136536729471e+02 1.100000000000000000e+01 1.100000000000000000e+01
2.750003136536731745e+02 1.000000000000000000e+01 9.000000000000000000e+00
2.760000129225122123e+02 1.000000000000000000e+01 9.000000000000000000e+00
2.770003136536736292e+02 1.000000000000000000e+01 9.000000000000000000e+00
2.780003136536738566e+02 1.000000000000000000e+01 9.000000000000000000e+00
2.790003136536740840e+02 1.200000000000000000e+01 9.000000000000000000e+00
2.800001007635708561e+02 9.000000000000000000e+00 1.000000000000000000e+01
2.810003136536745387e+02 9.000000000000000000e+00 8.000000000000000000e+00
2.820003136536747661e+02 1.000000000000000000e+01 9.000000000000000000e+00
2.830003136536749935e+02 9.000000000000000000e+00 7.000000000000000000e+00
2.840003136536752208e+02 9.000000000000000000e+00 6.000000000000000000e+00
2.850003136536754482e+02 9.000000000000000000e+00 7.000000000000000000e+00
2.860003136536756756e+02 1.100000000000000000e+01 7.000000000000000000e+00
2.870003136536759030e+02 9.000000000000000000e+00 6.000000000000000000e+00
2.880003136536761303e+02 9.000000000000000000e+00 7.000000000000000000e+00
2.890000479109561411e+02 8.000000000000000000e+00 7.000000000000000000e+00
2.900003136536765851e+02 1.000000000000000000e+01 5.000000000000000000e+00
2.910003136536768125e+02 9.000000000000000000e+00 4.000000000000000000e+00
2.920003136536770398e+02 1.000000000000000000e+01 2.000000000000000000e+00
2.930003136536772672e+02 9.000000000000000000e+00 3.000000000000000000e+00
2.940003136536774946e+02 1.100000000000000000e+01 3.000000000000000000e+00
2.950003136536777220e+02 1.100000000000000000e+01 4.000000000000000000e+00
2.960003136536779493e+02 1.300000000000000000e+01 4.000000000000000000e+00
2.970003136536781767e+02 1.400000000000000000e+01 5.000000000000000000e+00
2.980003136536784041e+02 1.400000000000000000e+01 4.000000000000000000e+00
2.990003136536786315e+02 1.300000000000000000e+01 4.000000000000000000e+00
3.000003136536788588e+02 1.300000000000000000e+01 5.000000000000000000e+00
