0.000000000000000000e+00 0.000000000000000000e+00 0.000000000000000000e+00
1.000860864533656081e+00 3.000000000000000000e+00 3.000000000000000000e+00
2.000167113538106278e+00 3.000000000000000000e+00 3.000000000000000000e+00
3.000860864533657857e+00 5.000000000000000000e+00 5.000000000000000000e+00
4.000860864533658301e+00 8.000000000000000000e+00 8.000000000000000000e+00
5.000860864533654748e+00 1.000000000000000000e+01 1.000000000000000000e+01
6.000860864533651196e+00 1.100000000000000000e+01 1.100000000000000000e+01
7.000860864533647643e+00 1.000000000000000000e+01 1.000000000000000000e+01
8.000860864533644090e+00 1.100000000000000000e+01 1.100000000000000000e+01
9.000860864533640537e+00 1.400000000000000000e+01 1.400000000000000000e+01
1.000086086453363698e+01 1.400000000000000000e+01 1.400000000000000000e+01
1.100086086453363343e+01 1.400000000000000000e+01 1.400000000000000000e+01
1.200086086453362988e+01 1.300000000000000000e+01 1.300000000000000000e+01
1.300086086453362633e+01 1.400000000000000000e+01 1.400000000000000000e+01
1.400086086453362277e+01 1.100000000000000000e+01 1.000000000000000000e+01
1.500021570466874188e+01 1.100000000000000000e+01 1.000000000000000000e+01
1.600086086453361744e+01 1.100000000000000000e+01 1.000000000000000000e+01
1.700086086453363166e+01 1.000000000000000000e+01 1.000000000000000000e+01
1.800086086453364587e+01 1.100000000000000000e+01 1.100000000000000000e+01
1.900029718580178084e+01 1.000000000000000000e+01 1.000000000000000000e+01
2.000086086453367429e+01 8.000000000000000000e+00 7.000000000000000000e+00
2.100086086453368850e+01 6.000000000000000000e+00 4.000000000000000000e+00
2.200086086453370271e+01 5.000000000000000000e+00 4.000000000000000000e+00
2.300050524912616723e+01 7.000000000000000000e+00 6.000000000000000000e+00
2.400086086453373113e+01 8.000000000000000000e+00 6.000000000000000000e+00
2.500086086453374534e+01 8.000000000000000000e+00 8.000000000000000000e+00
2.600086086453375955e+01 8.000000000000000000e+00 7.000000000000000000e+00
2.700014587230536378e+01 6.000000000000000000e+00 6.000000000000000000e+00
2.800086086453378798e+01 6.000000000000000000e+00 6.000000000000000000e+00
2.900086086453380219e+01 7.000000000000000000e+00 7.000000000000000000e+00
3.000029054770446280e+01 8.000000000000000000e+00 7.000000000000000000e+00
3.100086086453383061e+01 1.000000000000000000e+01 8.000000000000000000e+00
3.200086086453384127e+01 1.100000000000000000e+01 8.000000000000000000e+00
3.300086086453385548e+01 1.400000000000000000e+01 9.000000000000000000e+00
3.400086086453386969e+01 1.500000000000000000e+01 9.000000000000000000e+00
3.500086086453388390e+01 1.300000000000000000e+01 8.000000000000000000e+00
3.600086086453389811e+01 1.500000000000000000e+01 8.000000000000000000e+00
3.700086086453391232e+01 1.500000000000000000e+01 8.000000000000000000e+00
3.800086086453392653e+01 1.600000000000000000e+01 8.000000000000000000e+00
3.900086086453394074e+01 1.700000000000000000e+01 9.000000000000000000e+00
4.000086086453395495e+01 1.500000000000000000e+01 8.000000000000000000e+00
4.100086086453396916e+01 1.600000000000000000e+01 9.000000000000000000e+00
4.200028104882819946e+01 1.600000000000000000e+01 9.000000000000000000e+00
4.300086086453399759e+01 1.700000000000000000e+01 1.100000000000000000e+01
4.400086086453401180e+01 1.800000000000000000e+01 1.100000000000000000e+01
4.500086086453402601e+01 1.900000000000000000e+01 1.200000000000000000e+01
4.600086086453404022e+01 1.900000000000000000e+01 1.200000000000000000e+01
4.700086086453405443e+01 2.000000000000000000e+01 1.100000000000000000e+01
4.800086086453406864e+01 2.000000000000000000e+01 1.000000000000000000e+01
4.900086086453408285e+01 2.100000000000000000e+01 1.100000000000000000e+01
5.000086086453409706e+01 2.100000000000000000e+01 1.000000000000000000e+01
5.100086086453411127e+01 2.000000000000000000e+01 1.100000000000000000e+01
5.200086086453412548e+01 2.000000000000000000e+01 1.000000000000000000e+01
5.300086086453413969e+01 2.000000000000000000e+01 1.000000000000000000e+01
5.400086086453415390e+01 2.100000000000000000e+01 1.100000000000000000e+01
5.500021275459383929e+01 2.200000000000000000e+01 1.400000000000000000e+01
5.600086086453418233e+01 2.500000000000000000e+01 1.600000000000000000e+01
5.700086086453419654e+01 2.600000000000000000e+01 1.500000000000000000e+01
5.800086086453421075e+01 2.600000000000000000e+01 1.400000000000000000e+01
5.900086086453422496e+01 2.600000000000000000e+01 1.400000000000000000e+01
6.000086086453423917e+01 2.600000000000000000e+01 1.100000000000000000e+01
6.100086086453425338e+01 2.500000000000000000e+01 1.000000000000000000e+01
6.200071116818144645e+01 2.600000000000000000e+01 5.000000000000000000e+00
6.300086086453428180e+01 2.600000000000000000e+01 2.000000000000000000e+00
6.400033418865139367e+01 2.800000000000000000e+01 2.000000000000000000e+00
6.500086086453423206e+01 2.800000000000000000e+01 1.000000000000000000e+00
6.600078290860575692e+01 2.600000000000000000e+01 2.000000000000000000e+00
6.700086086453411838e+01 2.600000000000000000e+01 4.000000000000000000e+00
6.800042950440266054e+01 2.300000000000000000e+01 1.000000000000000000e+00
6.900066929586441233e+01 2.100000000000000000e+01 2.000000000000000000e+00
7.000086086453394785e+01 1.900000000000000000e+01 2.000000000000000000e+00
7.100086086453389100e+01 1.700000000000000000e+01 3.000000000000000000e+00
7.200061501139842335e+01 1.500000000000000000e+01 3.000000000000000000e+00
7.300086086453377732e+01 1.500000000000000000e+01 3.000000000000000000e+00
7.400086086453372047e+01 1.700000000000000000e+01 3.000000000000000000e+00
7.500083223107441199e+01 1.700000000000000000e+01 4.000000000000000000e+00
7.600086086453360679e+01 1.600000000000000000e+01 3.000000000000000000e+00
7.700086086453354994e+01 1.900000000000000000e+01 5.000000000000000000e+00
7.800086086453349310e+01 2.000000000000000000e+01 9.000000000000000000e+00
7.900086086453343626e+01 1.900000000000000000e+01 7.000000000000000000e+00
8.000086086453337941e+01 1.900000000000000000e+01 7.000000000000000000e+00
8.100086086453332257e+01 2.100000000000000000e+01 1.000000000000000000e+01
8.200086086453326573e+01 2.100000000000000000e+01 9.000000000000000000e+00
8.300086086453320888e+01 2.200000000000000000e+01 1.200000000000000000e+01
8.400086086453315204e+01 2.100000000000000000e+01 1.100000000000000000e+01
8.500086086453309520e+01 2.000000000000000000e+01 1.200000000000000000e+01
8.600086086453303835e+01 1.900000000000000000e+01 1.200000000000000000e+01
8.700086086453298151e+01 2.000000000000000000e+01 1.200000000000000000e+01
8.800086086453292467e+01 1.600000000000000000e+01 1.300000000000000000e+01
8.900086086453286782e+01 1.600000000000000000e+01 1.200000000000000000e+01
9.000086086453281098e+01 1.600000000000000000e+01 1.200000000000000000e+01
9.100086086453275414e+01 1.300000000000000000e+01 1.100000000000000000e+01
9.200086086453269729e+01 1.400000000000000000e+01 1.000000000000000000e+01
9.300086086453264045e+01 1.700000000000000000e+01 1.100000000000000000e+01
9.400086086453258361e+01 1.500000000000000000e+01 1.100000000000000000e+01
9.500086086453252676e+01 1.500000000000000000e+01 1.100000000000000000e+01
9.600086086453246992e+01 1.500000000000000000e+01 1.200000000000000000e+01
9.700086086453241307e+01 1.500000000000000000e+01 1.100000000000000000e+01
9.800086086453235623e+01 1.500000000000000000e+01 1.100000000000000000e+01
9.900086086453229939e+01 1.400000000000000000e+01 1.400000000000000000e+01
1.000008608645322425e+02 1.200000000000000000e+01 1.400000000000000000e+01
1.010008608645321857e+02 1.100000000000000000e+01 1.400000000000000000e+01
1.020008608645321289e+02 1.200000000000000000e+01 1.500000000000000000e+01
1.030008608645320720e+02 9.000000000000000000e+00 1.500000000000000000e+01
1.040008608645320152e+02 7.000000000000000000e+00 1.500000000000000000e+01
1.050008608645319583e+02 7.000000000000000000e+00 1.400000000000000000e+01
1.060008608645319015e+02 7.000000000000000000e+00 1.600000000000000000e+01
1.070008608645318446e+02 7.000000000000000000e+00 1.600000000000000000e+01
1.080008608645317878e+02 6.000000000000000000e+00 1.500000000000000000e+01
1.090008608645317310e+02 5.000000000000000000e+00 9.000000000000000000e+00
1.100008608645316741e+02 5.000000000000000000e+00 4.000000000000000000e+00
1.110008608645316173e+02 2.000000000000000000e+00 0.000000000000000000e+00
1.120008608645315604e+02 2.000000000000000000e+00 0.000000000000000000e+00
1.130008608645315036e+02 4.000000000000000000e+00 1.000000000000000000e+00
1.140008608645314467e+02 3.000000000000000000e+00 2.000000000000000000e+00
1.150008608645313899e+02 3.000000000000000000e+00 3.000000000000000000e+00
1.160008608645313330e+02 4.000000000000000000e+00 1.000000000000000000e+00
1.170008608645312762e+02 6.000000000000000000e+00 1.000000000000000000e+00
1.180008608645312194e+02 5.000000000000000000e+00 1.000000000000000000e+00
1.190005568604781416e+02 6.000000000000000000e+00 2.000000000000000000e+00
1.200008608645311057e+02 6.000000000000000000e+00 4.000000000000000000e+00
1.210008608645310488e+02 6.000000000000000000e+00 2.000000000000000000e+00
1.220008608645309920e+02 3.000000000000000000e+00 4.000000000000000000e+00
1.230008608645309351e+02 0.000000000000000000e+00 2.000000000000000000e+00
1.240008608645308783e+02 1.000000000000000000e+00 2.000000000000000000e+00
1.250008608645308215e+02 1.000000000000000000e+00 1.000000000000000000e+00
1.260008608645307646e+02 1.000000000000000000e+00 4.000000000000000000e+00
1.270008608645307078e+02 0.000000000000000000e+00 4.000000000000000000e+00
1.280008608645306651e+02 1.000000000000000000e+00 4.000000000000000000e+00
1.290008608645306083e+02 2.000000000000000000e+00 5.000000000000000000e+00
1.300008608645305515e+02 1.000000000000000000e+00 6.000000000000000000e+00
1.310008608645304946e+02 1.000000000000000000e+00 7.000000000000000000e+00
1.320008608645304378e+02 1.000000000000000000e+00 7.000000000000000000e+00
1.330008608645303809e+02 1.000000000000000000e+00 7.000000000000000000e+00
1.340008608645303241e+02 4.000000000000000000e+00 7.000000000000000000e+00
1.350000423637255267e+02 5.000000000000000000e+00 8.000000000000000000e+00
1.360008608645302104e+02 5.000000000000000000e+00 8.000000000000000000e+00
1.370003611025734926e+02 5.000000000000000000e+00 9.000000000000000000e+00
1.380005251566458355e+02 5.000000000000000000e+00 7.000000000000000000e+00
1.390002801432791557e+02 6.000000000000000000e+00 5.000000000000000000e+00
1.400008608645299830e+02 7.000000000000000000e+00 7.000000000000000000e+00
1.410001820158948931e+02 6.000000000000000000e+00 6.000000000000000000e+00
1.420008608645298693e+02 6.000000000000000000e+00 7.000000000000000000e+00
1.430008608645298125e+02 6.000000000000000000e+00 3.000000000000000000e+00
1.440006084979020216e+02 4.000000000000000000e+00 2.000000000000000000e+00
1.450008608645296988e+02 2.000000000000000000e+00 5.000000000000000000e+00
1.460008608645296420e+02 1.000000000000000000e+00 3.000000000000000000e+00
1.470008608645295851e+02 2.000000000000000000e+00 4.000000000000000000e+00
1.480008608645295283e+02 3.000000000000000000e+00 5.000000000000000000e+00
1.490008608645294714e+02 4.000000000000000000e+00 5.000000000000000000e+00
1.500008608645294146e+02 3.000000000000000000e+00 5.000000000000000000e+00
1.510000014258062890e+02 3.000000000000000000e+00 6.000000000000000000e+00
1.520004153814438723e+02 2.000000000000000000e+00 6.000000000000000000e+00
1.530008608645292441e+02 3.000000000000000000e+00 9.000000000000000000e+00
1.540008608645291872e+02 3.000000000000000000e+00 9.000000000000000000e+00
1.550008608645291304e+02 3.000000000000000000e+00 8.000000000000000000e+00
1.560008608645290735e+02 4.000000000000000000e+00 8.000000000000000000e+00
1.570008608645290167e+02 4.000000000000000000e+00 1.000000000000000000e+01
1.580008608645289598e+02 4.000000000000000000e+00 1.100000000000000000e+01
1.590002431543607315e+02 5.000000000000000000e+00 1.100000000000000000e+01
1.600001424654173263e+02 5.000000000000000000e+00 1.200000000000000000e+01
1.610008608645287893e+02 5.000000000000000000e+00 1.200000000000000000e+01
1.620008608645287325e+02 6.000000000000000000e+00 1.300000000000000000e+01
1.630008608645286756e+02 6.000000000000000000e+00 1.300000000000000000e+01
1.640008608645286188e+02 8.000000000000000000e+00 1.300000000000000000e+01
1.650001653572587657e+02 9.000000000000000000e+00 1.300000000000000000e+01
1.660001576539507653e+02 9.000000000000000000e+00 1.300000000000000000e+01
1.670008608645284482e+02 1.000000000000000000e+01 1.300000000000000000e+01
1.680007687272717192e+02 1.000000000000000000e+01 1.300000000000000000e+01
1.690008608645283346e+02 1.000000000000000000e+01 1.200000000000000000e+01
1.700001401228392126e+02 1.000000000000000000e+01 1.100000000000000000e+01
1.710008608645282209e+02 9.000000000000000000e+00 1.200000000000000000e+01
1.720008608645281640e+02 1.000000000000000000e+01 1.200000000000000000e+01
1.730008608645281072e+02 7.000000000000000000e+00 1.200000000000000000e+01
1.740008608645280503e+02 6.000000000000000000e+00 1.300000000000000000e+01
1.750008608645279935e+02 4.000000000000000000e+00 1.200000000000000000e+01
1.760008608645279367e+02 5.000000000000000000e+00 1.100000000000000000e+01
1.770008608645278798e+02 5.000000000000000000e+00 1.100000000000000000e+01
1.780008608645278230e+02 5.000000000000000000e+00 1.000000000000000000e+01
1.790008608645277661e+02 6.000000000000000000e+00 1.200000000000000000e+01
1.800002217602261965e+02 6.000000000000000000e+00 1.100000000000000000e+01
1.810008608645276524e+02 7.000000000000000000e+00 1.100000000000000000e+01
1.820008608645275956e+02 5.000000000000000000e+00 1.200000000000000000e+01
1.830008608645275388e+02 5.000000000000000000e+00 1.200000000000000000e+01
1.840008608645274819e+02 6.000000000000000000e+00 1.300000000000000000e+01
1.850008608645274251e+02 6.000000000000000000e+00 1.400000000000000000e+01
1.860008608645273682e+02 6.000000000000000000e+00 1.500000000000000000e+01
1.870008608645273114e+02 5.000000000000000000e+00 1.700000000000000000e+01
1.880008608645272545e+02 4.000000000000000000e+00 1.800000000000000000e+01
1.890008608645271977e+02 3.000000000000000000e+00 1.600000000000000000e+01
1.900008608645271408e+02 3.000000000000000000e+00 1.500000000000000000e+01
1.910001026120649215e+02 1.000000000000000000e+00 1.500000000000000000e+01
1.920008608645270272e+02 1.000000000000000000e+00 1.500000000000000000e+01
1.930008608645269703e+02 1.000000000000000000e+00 1.400000000000000000e+01
1.940007138891978400e+02 1.000000000000000000e+00 9.000000000000000000e+00
1.950003249560547545e+02 1.000000000000000000e+00 7.000000000000000000e+00
1.960008608645267998e+02 1.000000000000000000e+00 6.000000000000000000e+00
1.970007721214912806e+02 2.000000000000000000e+00 7.000000000000000000e+00
1.980008608645266861e+02 1.000000000000000000e+00 7.000000000000000000e+00
1.990007064593574739e+02 2.000000000000000000e+00 8.000000000000000000e+00
2.000000910076832952e+02 1.000000000000000000e+00 8.000000000000000000e+00
2.010006288323788795e+02 1.000000000000000000e+00 9.000000000000000000e+00
2.020008608645264587e+02 2.000000000000000000e+00 9.000000000000000000e+00
2.030005261049387570e+02 4.000000000000000000e+00 9.000000000000000000e+00
2.040003778367029383e+02 4.000000000000000000e+00 8.000000000000000000e+00
2.050008608645262882e+02 4.000000000000000000e+00 9.000000000000000000e+00
2.060008608645262314e+02 4.000000000000000000e+00 9.000000000000000000e+00
2.070008608645261745e+02 5.000000000000000000e+00 1.000000000000000000e+01
2.080007662257042682e+02 4.000000000000000000e+00 1.000000000000000000e+01
2.090008608645260608e+02 3.000000000000000000e+00 9.000000000000000000e+00
2.100008608645260040e+02 3.000000000000000000e+00 5.000000000000000000e+00
2.110008608645259471e+02 2.000000000000000000e+00 3.000000000000000000e+00
2.120008608645258903e+02 4.000000000000000000e+00 3.000000000000000000e+00
2.130008608645258334e+02 4.000000000000000000e+00 4.000000000000000000e+00
2.140008608645257766e+02 5.000000000000000000e+00 4.000000000000000000e+00
2.150008608645257198e+02 5.000000000000000000e+00 1.000000000000000000e+00
2.160008608645256629e+02 5.000000000000000000e+00 1.000000000000000000e+00
2.170005647920690421e+02 5.000000000000000000e+00 0.000000000000000000e+00
2.180008608645255492e+02 5.000000000000000000e+00 1.000000000000000000e+00
2.190008608645254924e+02 5.000000000000000000e+00 1.000000000000000000e+00
2.200008608645254355e+02 5.000000000000000000e+00 1.000000000000000000e+00
2.210008608645253787e+02 8.000000000000000000e+00 0.000000000000000000e+00
2.220008608645253219e+02 9.000000000000000000e+00 1.000000000000000000e+00
2.230008608645252650e+02 9.000000000000000000e+00 1.000000000000000000e+00
2.240008608645252082e+02 9.000000000000000000e+00 1.000000000000000000e+00
2.250008608645251513e+02 1.000000000000000000e+01 2.000000000000000000e+00
2.260008608645250945e+02 1.000000000000000000e+01 1.000000000000000000e+00
2.270008608645250376e+02 1.000000000000000000e+01 2.000000000000000000e+00
2.280008608645249808e+02 1.100000000000000000e+01 3.000000000000000000e+00
2.290008608645249240e+02 1.400000000000000000e+01 2.000000000000000000e+00
2.300008608645248671e+02 1.100000000000000000e+01 2.000000000000000000e+00
2.310008608645248103e+02 9.000000000000000000e+00 2.000000000000000000e+00
2.320008608645247534e+02 6.000000000000000000e+00 1.000000000000000000e+00
2.330008608645246966e+02 5.000000000000000000e+00 1.000000000000000000e+00
2.340008608645246397e+02 5.000000000000000000e+00 0.000000000000000000e+00
2.350008608645245829e+02 4.000000000000000000e+00 0.000000000000000000e+00
2.360008608645245261e+02 3.000000000000000000e+00 1.000000000000000000e+00
2.370008608645244692e+02 4.000000000000000000e+00 2.000000000000000000e+00
2.380008608645244124e+02 5.000000000000000000e+00 2.000000000000000000e+00
2.390008608645243555e+02 5.000000000000000000e+00 2.000000000000000000e+00
2.400008608645242987e+02 4.000000000000000000e+00 2.000000000000000000e+00
2.410008608645242418e+02 5.000000000000000000e+00 2.000000000000000000e+00
2.420008608645241850e+02 4.000000000000000000e+00 2.000000000000000000e+00
2.430008608645241281e+02 4.000000000000000000e+00 1.000000000000000000e+00
2.440007102844321878e+02 4.000000000000000000e+00 2.000000000000000000e+00
2.450008608645240145e+02 6.000000000000000000e+00 2.000000000000000000e+00
2.460008608645239576e+02 6.000000000000000000e+00 1.000000000000000000e+00
2.470001457037328407e+02 6.000000000000000000e+00 1.000000000000000000e+00
2.480008608645238439e+02 6.000000000000000000e+00 2.000000000000000000e+00
2.490008608645237871e+02 8.000000000000000000e+00 1.000000000000000000e+00
2.500008608645237302e+02 7.000000000000000000e+00 1.000000000000000000e+00
2.510008608645236734e+02 7.000000000000000000e+00 1.000000000000000000e+00
2.520005154127434537e+02 7.000000000000000000e+00 3.000000000000000000e+00
2.530008608645235597e+02 7.000000000000000000e+00 2.000000000000000000e+00
2.540008608645235029e+02 7.000000000000000000e+00 1.000000000000000000e+00
2.550008608645234460e+02 6.000000000000000000e+00 1.000000000000000000e+00
2.560008608645234176e+02 7.000000000000000000e+00 1.000000000000000000e+00
2.570008608645236450e+02 6.000000000000000000e+00 4.000000000000000000e+00
2.580003640863008627e+02 4.000000000000000000e+00 4.000000000000000000e+00
2.590008608645240997e+02 3.000000000000000000e+00 6.000000000000000000e+00
2.600008608645243271e+02 4.000000000000000000e+00 4.000000000000000000e+00
2.610008608645245545e+02 3.000000000000000000e+00 3.000000000000000000e+00
2.620004348502006906e+02 1.000000000000000000e+00 2.000000000000000000e+00
2.630008608645250092e+02 2.000000000000000000e+00 1.000000000000000000e+00
2.640008608645252366e+02 3.000000000000000000e+00 1.000000000000000000e+00
2.650001124301366531e+02 3.000000000000000000e+00 2.000000000000000000e+00
2.660000985614010460e+02 5.000000000000000000e+00 3.000000000000000000e+00
2.670008608645259187e+02 4.000000000000000000e+00 5.000000000000000000e+00
2.680008608645261461e+02 5.000000000000000000e+00 4.000000000000000000e+00
2.690008608645263735e+02 4.000000000000000000e+00 4.000000000000000000e+00
2.700008608645266008e+02 4.000000000000000000e+00 3.000000000000000000e+00
2.710008608645268282e+02 4.000000000000000000e+00 3.000000000000000000e+00
2.720008608645270556e+02 4.000000000000000000e+00 3.000000000000000000e+00
2.730008608645272830e+02 8.000000000000000000e+00 3.000000000000000000e+00
2.740008608645275103e+02 7.000000000000000000e+00 4.000000000000000000e+00
2.750008312429893635e+02 9.000000000000000000e+00 2.000000000000000000e+00
2.760008608645279651e+02 1.000000000000000000e+01 4.000000000000000000e+00
2.770008608645281925e+02 1.000000000000000000e+01 2.000000000000000000e+00
2.780008608645284198e+02 1.100000000000000000e+01 3.000000000000000000e+00
2.790008608645286472e+02 1.100000000000000000e+01 2.000000000000000000e+00
2.800008608645288746e+02 1.300000000000000000e+01 2.000000000000000000e+00
2.810008608645291019e+02 1.600000000000000000e+01 4.000000000000000000e+00
2.820008608645293293e+02 1.500000000000000000e+01 4.000000000000000000e+00
2.830008608645295567e+02 1.400000000000000000e+01 6.000000000000000000e+00
2.840008608645297841e+02 1.200000000000000000e+01 7.000000000000000000e+00
2.850008608645300114e+02 1.100000000000000000e+01 8.000000000000000000e+00
2.860008608645302388e+02 1.000000000000000000e+01 8.000000000000000000e+00
2.870008608645304662e+02 1.000000000000000000e+01 7.000000000000000000e+00
2.880003369552974277e+02 1.000000000000000000e+01 9.000000000000000000e+00
2.890008608645309209e+02 1.000000000000000000e+01 1.100000000000000000e+01
2.900008608645311483e+02 1.000000000000000000e+01 1.300000000000000000e+01
2.910008608645313757e+02 9.000000000000000000e+00 1.300000000000000000e+01
2.920008608645316031e+02 7.000000000000000000e+00 1.300000000000000000e+01
2.930008608645318304e+02 5.000000000000000000e+00 1.400000000000000000e+01
2.940008608645320578e+02 4.000000000000000000e+00 1.300000000000000000e+01
2.950008608645322852e+02 3.000000000000000000e+00 1.400000000000000000e+01
2.960008608645325126e+02 2.000000000000000000e+00 1.500000000000000000e+01
2.970008608645327399e+02 2.000000000000000000e+00 1.400000000000000000e+01
2.980008608645329673e+02 4.000000000000000000e+00 1.400000000000000000e+01
2.990008608645331947e+02 3.000000000000000000e+00 1.400000000000000000e+01
3.000008608645334220e+02 3.000000000000000000e+00 1.400000000000000000e+01
