0.000000000000000000e+00 0.000000000000000000e+00 0.000000000000000000e+00
1.000086274129274200e+00 0.000000000000000000e+00 0.000000000000000000e+00
2.000086274129274866e+00 2.000000000000000000e+00 2.000000000000000000e+00
3.000086274129275754e+00 1.000000000000000000e+00 1.000000000000000000e+00
4.000086274129276198e+00 2.000000000000000000e+00 2.000000000000000000e+00
5.000086274129272645e+00 2.000000000000000000e+00 2.000000000000000000e+00
6.000071610630429930e+00 5.000000000000000000e+00 5.000000000000000000e+00
7.000086274129265540e+00 7.000000000000000000e+00 7.000000000000000000e+00
8.000086274129262875e+00 1.000000000000000000e+01 1.000000000000000000e+01
9.000086274129259323e+00 1.100000000000000000e+01 1.100000000000000000e+01
1.000008627412925577e+01 1.100000000000000000e+01 1.100000000000000000e+01
1.100008627412925222e+01 1.200000000000000000e+01 1.200000000000000000e+01
1.200008627412924866e+01 1.200000000000000000e+01 1.200000000000000000e+01
1.300008627412924511e+01 9.000000000000000000e+00 9.000000000000000000e+00
1.400008627412924156e+01 7.000000000000000000e+00 6.000000000000000000e+00
1.500008627412923801e+01 7.000000000000000000e+00 6.000000000000000000e+00
1.600008627412923445e+01 7.000000000000000000e+00 7.000000000000000000e+00
1.700008627412924866e+01 8.000000000000000000e+00 8.000000000000000000e+00
1.800008627412926288e+01 7.000000000000000000e+00 7.000000000000000000e+00
1.900008627412927709e+01 7.000000000000000000e+00 7.000000000000000000e+00
2.000008627412929130e+01 7.000000000000000000e+00 7.000000000000000000e+00
2.100008627412930551e+01 6.000000000000000000e+00 6.000000000000000000e+00
2.200008627412931972e+01 5.000000000000000000e+00 5.000000000000000000e+00
2.300008627412933393e+01 6.000000000000000000e+00 6.000000000000000000e+00
2.400008627412934814e+01 8.000000000000000000e+00 9.000000000000000000e+00
2.500008627412936235e+01 8.000000000000000000e+00 8.000000000000000000e+00
2.600004449706224818e+01 8.000000000000000000e+00 9.000000000000000000e+00
2.700008627412939077e+01 8.000000000000000000e+00 1.000000000000000000e+01
2.800008627412940498e+01 8.000000000000000000e+00 1.000000000000000000e+01
2.900008627412941919e+01 8.000000000000000000e+00 1.100000000000000000e+01
3.000008627412943341e+01 8.000000000000000000e+00 1.100000000000000000e+01
3.100008627412944762e+01 8.000000000000000000e+00 1.100000000000000000e+01
3.200008627412945827e+01 9.000000000000000000e+00 1.100000000000000000e+01
3.300008627412947249e+01 9.000000000000000000e+00 1.100000000000000000e+01
3.400008627412948670e+01 9.000000000000000000e+00 1.100000000000000000e+01
3.500008627412950091e+01 9.000000000000000000e+00 1.100000000000000000e+01
3.600008627412951512e+01 1.100000000000000000e+01 1.300000000000000000e+01
3.700008627412952933e+01 1.000000000000000000e+01 1.300000000000000000e+01
3.800008627412954354e+01 9.000000000000000000e+00 1.400000000000000000e+01
3.900008627412955775e+01 9.000000000000000000e+00 1.400000000000000000e+01
4.000008627412957196e+01 8.000000000000000000e+00 1.200000000000000000e+01
4.100008627412958617e+01 9.000000000000000000e+00 1.300000000000000000e+01
4.200008627412960038e+01 1.100000000000000000e+01 1.400000000000000000e+01
4.300008627412961459e+01 1.300000000000000000e+01 1.500000000000000000e+01
4.400008627412962880e+01 1.300000000000000000e+01 1.400000000000000000e+01
4.500008627412964302e+01 1.100000000000000000e+01 1.300000000000000000e+01
4.600008627412965723e+01 1.200000000000000000e+01 1.300000000000000000e+01
4.700008627412967144e+01 1.200000000000000000e+01 1.300000000000000000e+01
4.800008627412968565e+01 1.200000000000000000e+01 1.200000000000000000e+01
4.900008627412969986e+01 1.300000000000000000e+01 1.200000000000000000e+01
5.000008627412971407e+01 1.700000000000000000e+01 1.600000000000000000e+01
5.100008627412972828e+01 1.700000000000000000e+01 1.600000000000000000e+01
5.200008627412974249e+01 1.700000000000000000e+01 1.600000000000000000e+01
5.300008627412975670e+01 1.700000000000000000e+01 1.600000000000000000e+01
5.400008627412977091e+01 1.500000000000000000e+01 1.600000000000000000e+01
5.500008627412978512e+01 1.400000000000000000e+01 1.600000000000000000e+01
5.600008627412979934e+01 1.400000000000000000e+01 1.700000000000000000e+01
5.700008627412981355e+01 1.500000000000000000e+01 1.900000000000000000e+01
5.800008627412982776e+01 1.400000000000000000e+01 2.000000000000000000e+01
5.900008627412984197e+01 1.200000000000000000e+01 1.800000000000000000e+01
6.000008627412985618e+01 1.100000000000000000e+01 1.100000000000000000e+01
6.100008627412987039e+01 1.000000000000000000e+01 1.100000000000000000e+01
6.200008627412988460e+01 1.000000000000000000e+01 1.100000000000000000e+01
6.300008627412989881e+01 1.200000000000000000e+01 1.300000000000000000e+01
6.400008627412991302e+01 1.500000000000000000e+01 1.500000000000000000e+01
6.500008627412985618e+01 1.100000000000000000e+01 1.400000000000000000e+01
6.600008627412979934e+01 1.100000000000000000e+01 1.400000000000000000e+01
6.700002800350873144e+01 1.200000000000000000e+01 1.500000000000000000e+01
6.800008627412968565e+01 1.300000000000000000e+01 1.500000000000000000e+01
6.900008627412962880e+01 1.100000000000000000e+01 1.500000000000000000e+01
7.000008627412957196e+01 1.000000000000000000e+01 1.600000000000000000e+01
7.100008627412951512e+01 8.000000000000000000e+00 1.800000000000000000e+01
7.200008627412945827e+01 9.000000000000000000e+00 1.700000000000000000e+01
7.300008627412940143e+01 8.000000000000000000e+00 1.700000000000000000e+01
7.400008627412934459e+01 7.000000000000000000e+00 1.200000000000000000e+01
7.500008627412928774e+01 7.000000000000000000e+00 1.200000000000000000e+01
7.600008627412923090e+01 8.000000000000000000e+00 1.300000000000000000e+01
7.700008627412917406e+01 8.000000000000000000e+00 1.300000000000000000e+01
7.800008627412911721e+01 8.000000000000000000e+00 1.300000000000000000e+01
7.900008627412906037e+01 9.000000000000000000e+00 1.400000000000000000e+01
8.000008627412900353e+01 8.000000000000000000e+00 1.300000000000000000e+01
8.100008627412894668e+01 1.100000000000000000e+01 1.100000000000000000e+01
8.200008627412888984e+01 1.000000000000000000e+01 9.000000000000000000e+00
8.300008627412883300e+01 7.000000000000000000e+00 9.000000000000000000e+00
8.400008627412877615e+01 5.000000000000000000e+00 1.000000000000000000e+01
8.500008627412871931e+01 3.000000000000000000e+00 1.000000000000000000e+01
8.600008627412866247e+01 3.000000000000000000e+00 1.100000000000000000e+01
8.700008627412860562e+01 2.000000000000000000e+00 1.000000000000000000e+01
8.800008627412854878e+01 1.000000000000000000e+00 1.100000000000000000e+01
8.900008627412849194e+01 2.000000000000000000e+00 1.200000000000000000e+01
9.000008627412843509e+01 3.000000000000000000e+00 1.200000000000000000e+01
9.100008627412837825e+01 2.000000000000000000e+00 1.200000000000000000e+01
9.200008627412832141e+01 5.000000000000000000e+00 1.200000000000000000e+01
9.300008627412826456e+01 5.000000000000000000e+00 1.300000000000000000e+01
9.400008627412820772e+01 5.000000000000000000e+00 1.300000000000000000e+01
9.500008627412815088e+01 5.000000000000000000e+00 1.200000000000000000e+01
9.600008627412809403e+01 6.000000000000000000e+00 1.500000000000000000e+01
9.700008627412803719e+01 6.000000000000000000e+00 1.600000000000000000e+01
9.800002663040288553e+01 6.000000000000000000e+00 1.500000000000000000e+01
9.900008627412792350e+01 5.000000000000000000e+00 1.500000000000000000e+01
1.000000862741278667e+02 6.000000000000000000e+00 1.500000000000000000e+01
1.010000862741278098e+02 6.000000000000000000e+00 1.500000000000000000e+01
1.020000862741277530e+02 6.000000000000000000e+00 1.500000000000000000e+01
1.030000862741276961e+02 6.000000000000000000e+00 1.100000000000000000e+01
1.040000862741276393e+02 8.000000000000000000e+00 1.000000000000000000e+01
1.050000482074286339e+02 8.000000000000000000e+00 1.000000000000000000e+01
1.060000862741275256e+02 5.000000000000000000e+00 6.000000000000000000e+00
1.070000862741274688e+02 5.000000000000000000e+00 7.000000000000000000e+00
1.080000862741274119e+02 5.000000000000000000e+00 7.000000000000000000e+00
1.090000862741273551e+02 7.000000000000000000e+00 7.000000000000000000e+00
1.100000862741272982e+02 7.000000000000000000e+00 6.000000000000000000e+00
1.110000862741272414e+02 8.000000000000000000e+00 7.000000000000000000e+00
1.120000862741271845e+02 8.000000000000000000e+00 7.000000000000000000e+00
1.130000862741271277e+02 9.000000000000000000e+00 6.000000000000000000e+00
1.140000862741270709e+02 9.000000000000000000e+00 7.000000000000000000e+00
1.150000862741270140e+02 9.000000000000000000e+00 7.000000000000000000e+00
1.160000862741269572e+02 1.000000000000000000e+01 8.000000000000000000e+00
1.170000862741269003e+02 1.000000000000000000e+01 8.000000000000000000e+00
1.180000862741268435e+02 1.000000000000000000e+01 8.000000000000000000e+00
1.190000862741267866e+02 1.100000000000000000e+01 8.000000000000000000e+00
1.200000862741267298e+02 1.100000000000000000e+01 8.000000000000000000e+00
1.210000862741266729e+02 1.100000000000000000e+01 8.000000000000000000e+00
1.220000862741266161e+02 1.200000000000000000e+01 9.000000000000000000e+00
1.230000862741265593e+02 1.300000000000000000e+01 9.000000000000000000e+00
1.240000862741265024e+02 1.300000000000000000e+01 9.000000000000000000e+00
1.250000862741264456e+02 1.100000000000000000e+01 7.000000000000000000e+00
1.260000862741263887e+02 1.100000000000000000e+01 2.000000000000000000e+00
1.270000862741263319e+02 1.200000000000000000e+01 2.000000000000000000e+00
1.280000862741262893e+02 1.400000000000000000e+01 1.000000000000000000e+00
1.290000862741262324e+02 1.300000000000000000e+01 1.000000000000000000e+00
1.300000862741261756e+02 1.400000000000000000e+01 1.000000000000000000e+00
1.310000862741261187e+02 1.600000000000000000e+01 1.000000000000000000e+00
1.320000862741260619e+02 1.600000000000000000e+01 2.000000000000000000e+00
1.330000862741260050e+02 1.600000000000000000e+01 2.000000000000000000e+00
1.340000862741259482e+02 1.400000000000000000e+01 4.000000000000000000e+00
1.350000862741258914e+02 1.300000000000000000e+01 1.000000000000000000e+00
1.360000862741258345e+02 7.000000000000000000e+00 1.000000000000000000e+00
1.370000862741257777e+02 7.000000000000000000e+00 1.000000000000000000e+00
1.380000862741257208e+02 7.000000000000000000e+00 1.000000000000000000e+00
1.390000862741256640e+02 8.000000000000000000e+00 3.000000000000000000e+00
1.400000862741256071e+02 8.000000000000000000e+00 3.000000000000000000e+00
1.410000862741255503e+02 8.000000000000000000e+00 3.000000000000000000e+00
1.420000862741254934e+02 9.000000000000000000e+00 6.000000000000000000e+00
1.430000862741254366e+02 8.000000000000000000e+00 4.000000000000000000e+00
1.440000862741253798e+02 8.000000000000000000e+00 5.000000000000000000e+00
1.450000862741253229e+02 8.000000000000000000e+00 5.000000000000000000e+00
1.460000862741252661e+02 8.000000000000000000e+00 4.000000000000000000e+00
1.470000862741252092e+02 8.000000000000000000e+00 5.000000000000000000e+00
1.480000862741251524e+02 1.000000000000000000e+01 4.000000000000000000e+00
1.490000862741250955e+02 1.100000000000000000e+01 6.000000000000000000e+00
1.500000862741250387e+02 1.100000000000000000e+01 4.000000000000000000e+00
1.510000862741249819e+02 1.100000000000000000e+01 7.000000000000000000e+00
1.520000862741249250e+02 1.200000000000000000e+01 8.000000000000000000e+00
1.530000862741248682e+02 1.200000000000000000e+01 8.000000000000000000e+00
1.540000862741248113e+02 1.100000000000000000e+01 8.000000000000000000e+00
1.550000862741247545e+02 1.200000000000000000e+01 7.000000000000000000e+00
1.560000862741246976e+02 1.200000000000000000e+01 5.000000000000000000e+00
1.570000862741246408e+02 1.100000000000000000e+01 6.000000000000000000e+00
1.580000862741245840e+02 1.000000000000000000e+01 5.000000000000000000e+00
1.590000862741245271e+02 1.100000000000000000e+01 2.000000000000000000e+00
1.600000862741244703e+02 1.000000000000000000e+01 1.000000000000000000e+00
1.610000862741244134e+02 1.000000000000000000e+01 1.000000000000000000e+00
1.620000862741243566e+02 1.000000000000000000e+01 3.000000000000000000e+00
1.630000862741242997e+02 8.000000000000000000e+00 4.000000000000000000e+00
1.640000102120738177e+02 9.000000000000000000e+00 3.000000000000000000e+00
1.650000610823076386e+02 8.000000000000000000e+00 4.000000000000000000e+00
1.660000862741241292e+02 7.000000000000000000e+00 6.000000000000000000e+00
1.670000862741240724e+02 7.000000000000000000e+00 6.000000000000000000e+00
1.680000862741240155e+02 7.000000000000000000e+00 7.000000000000000000e+00
1.690000862741239587e+02 8.000000000000000000e+00 7.000000000000000000e+00
1.700000862741239018e+02 8.000000000000000000e+00 7.000000000000000000e+00
1.710000862741238450e+02 9.000000000000000000e+00 6.000000000000000000e+00
1.720000862741237881e+02 8.000000000000000000e+00 6.000000000000000000e+00
1.730000862741237313e+02 9.000000000000000000e+00 7.000000000000000000e+00
1.740000862741236745e+02 5.000000000000000000e+00 7.000000000000000000e+00
1.750000862741236176e+02 5.000000000000000000e+00 6.000000000000000000e+00
1.760000862741235608e+02 5.000000000000000000e+00 6.000000000000000000e+00
1.770000862741235039e+02 4.000000000000000000e+00 6.000000000000000000e+00
1.780000862741234471e+02 4.000000000000000000e+00 5.000000000000000000e+00
1.790000862741233902e+02 4.000000000000000000e+00 5.000000000000000000e+00
1.800000862741233334e+02 4.000000000000000000e+00 5.000000000000000000e+00
1.810000862741232766e+02 5.000000000000000000e+00 5.000000000000000000e+00
1.820000862741232197e+02 4.000000000000000000e+00 6.000000000000000000e+00
1.830000862741231629e+02 5.000000000000000000e+00 8.000000000000000000e+00
1.840000862741231060e+02 6.000000000000000000e+00 8.000000000000000000e+00
1.850000862741230492e+02 7.000000000000000000e+00 7.000000000000000000e+00
1.860000862741229923e+02 9.000000000000000000e+00 9.000000000000000000e+00
1.870000862741229355e+02 1.100000000000000000e+01 1.000000000000000000e+01
1.880000862741228786e+02 1.200000000000000000e+01 1.000000000000000000e+01
1.890000862741228218e+02 1.100000000000000000e+01 1.100000000000000000e+01
1.900000862741227650e+02 9.000000000000000000e+00 1.200000000000000000e+01
1.910000862741227081e+02 9.000000000000000000e+00 1.300000000000000000e+01
1.920000654045778106e+02 1.000000000000000000e+01 1.300000000000000000e+01
1.930000862741225944e+02 9.000000000000000000e+00 1.300000000000000000e+01
1.940000862741225376e+02 8.000000000000000000e+00 1.400000000000000000e+01
1.950000862741224807e+02 9.000000000000000000e+00 1.500000000000000000e+01
1.960000862741224239e+02 9.000000000000000000e+00 1.200000000000000000e+01
1.970000862741223671e+02 1.100000000000000000e+01 1.200000000000000000e+01
1.980000862741223102e+02 8.000000000000000000e+00 1.300000000000000000e+01
1.990000862741222534e+02 8.000000000000000000e+00 1.500000000000000000e+01
2.000000862741221965e+02 1.000000000000000000e+01 1.400000000000000000e+01
2.010000363261935945e+02 1.100000000000000000e+01 1.500000000000000000e+01
2.020000862741220828e+02 1.400000000000000000e+01 1.400000000000000000e+01
2.030000862741220260e+02 1.300000000000000000e+01 1.500000000000000000e+01
2.040000862741219692e+02 1.500000000000000000e+01 1.400000000000000000e+01
2.050000862741219123e+02 1.700000000000000000e+01 1.500000000000000000e+01
2.060000862741218555e+02 1.700000000000000000e+01 1.600000000000000000e+01
2.070000862741217986e+02 1.600000000000000000e+01 1.400000000000000000e+01
2.080000862741217418e+02 1.600000000000000000e+01 1.200000000000000000e+01
2.090000862741216849e+02 1.700000000000000000e+01 1.200000000000000000e+01
2.100000862741216281e+02 1.600000000000000000e+01 1.400000000000000000e+01
2.110000862741215713e+02 1.100000000000000000e+01 1.400000000000000000e+01
2.120000862741215144e+02 1.100000000000000000e+01 1.000000000000000000e+01
2.130000862741214576e+02 1.100000000000000000e+01 8.000000000000000000e+00
2.140000862741214007e+02 1.100000000000000000e+01 7.000000000000000000e+00
2.150000862741213439e+02 1.200000000000000000e+01 7.000000000000000000e+00
2.160000862741212870e+02 1.200000000000000000e+01 8.000000000000000000e+00
2.170000862741212302e+02 1.000000000000000000e+01 8.000000000000000000e+00
2.180000862741211733e+02 9.000000000000000000e+00 9.000000000000000000e+00
2.190000862741211165e+02 8.000000000000000000e+00 1.100000000000000000e+01
2.200000862741210597e+02 7.000000000000000000e+00 1.100000000000000000e+01
2.210000862741210028e+02 8.000000000000000000e+00 1.000000000000000000e+01
2.220000862741209460e+02 8.000000000000000000e+00 1.100000000000000000e+01
2.230000862741208891e+02 9.000000000000000000e+00 1.100000000000000000e+01
2.240000862741208323e+02 9.000000000000000000e+00 1.100000000000000000e+01
2.250000862741207754e+02 9.000000000000000000e+00 1.200000000000000000e+01
2.260000862741207186e+02 1.000000000000000000e+01 1.300000000000000000e+01
2.270000862741206618e+02 1.300000000000000000e+01 1.500000000000000000e+01
2.280000862741206049e+02 8.000000000000000000e+00 1.500000000000000000e+01
2.290000862741205481e+02 9.000000000000000000e+00 1.700000000000000000e+01
2.300000862741204912e+02 6.000000000000000000e+00 1.600000000000000000e+01
2.310000612252487713e+02 4.000000000000000000e+00 1.600000000000000000e+01
2.320000862741203775e+02 4.000000000000000000e+00 1.900000000000000000e+01
2.330000862741203207e+02 5.000000000000000000e+00 1.700000000000000000e+01
2.340000862741202639e+02 5.000000000000000000e+00 1.700000000000000000e+01
2.350000862741202070e+02 4.000000000000000000e+00 1.700000000000000000e+01
2.360000862741201502e+02 5.000000000000000000e+00 1.800000000000000000e+01
2.370000862741200933e+02 5.000000000000000000e+00 2.000000000000000000e+01
2.380000862741200365e+02 4.000000000000000000e+00 2.200000000000000000e+01
2.390000862741199796e+02 4.000000000000000000e+00 2.200000000000000000e+01
2.400000862741199228e+02 5.000000000000000000e+00 2.300000000000000000e+01
2.410000862741198659e+02 6.000000000000000000e+00 2.300000000000000000e+01
2.420000862741198091e+02 5.000000000000000000e+00 2.300000000000000000e+01
2.430000862741197523e+02 3.000000000000000000e+00 2.300000000000000000e+01
2.440000862741196954e+02 4.000000000000000000e+00 2.300000000000000000e+01
2.450000862741196386e+02 4.000000000000000000e+00 2.200000000000000000e+01
2.460000862741195817e+02 5.000000000000000000e+00 2.100000000000000000e+01
2.470000862741195249e+02 4.000000000000000000e+00 1.900000000000000000e+01
2.480000038846291375e+02 3.000000000000000000e+00 1.800000000000000000e+01
2.490000862741194112e+02 1.000000000000000000e+00 1.900000000000000000e+01
2.500000862741193544e+02 1.000000000000000000e+00 1.900000000000000000e+01
2.510000862741192975e+02 1.000000000000000000e+00 2.000000000000000000e+01
2.520000862741192407e+02 1.000000000000000000e+00 2.100000000000000000e+01
2.530000862741191838e+02 3.000000000000000000e+00 2.200000000000000000e+01
2.540000862741191270e+02 3.000000000000000000e+00 2.000000000000000000e+01
2.550000862741190701e+02 5.000000000000000000e+00 1.800000000000000000e+01
2.560000862741190417e+02 6.000000000000000000e+00 1.700000000000000000e+01
2.570000862741192691e+02 6.000000000000000000e+00 1.800000000000000000e+01
2.580000862741194965e+02 4.000000000000000000e+00 1.800000000000000000e+01
2.590000862741197238e+02 4.000000000000000000e+00 1.800000000000000000e+01
2.600000862741199512e+02 4.000000000000000000e+00 2.000000000000000000e+01
2.610000862741201786e+02 5.000000000000000000e+00 1.900000000000000000e+01
2.620000862741204060e+02 9.000000000000000000e+00 2.100000000000000000e+01
2.630000862741206333e+02 7.000000000000000000e+00 2.000000000000000000e+01
2.640000862741208607e+02 7.000000000000000000e+00 1.900000000000000000e+01
2.650000862741210881e+02 6.000000000000000000e+00 1.800000000000000000e+01
2.660000862741213155e+02 6.000000000000000000e+00 1.800000000000000000e+01
2.670000862741215428e+02 5.000000000000000000e+00 1.800000000000000000e+01
2.680000862741217702e+02 4.000000000000000000e+00 1.900000000000000000e+01
2.690000862741219976e+02 4.000000000000000000e+00 1.900000000000000000e+01
2.700000862741222249e+02 5.000000000000000000e+00 1.900000000000000000e+01
2.710000862741224523e+02 7.000000000000000000e+00 1.900000000000000000e+01
2.720000862741226797e+02 8.000000000000000000e+00 1.900000000000000000e+01
2.730000862741229071e+02 9.000000000000000000e+00 1.700000000000000000e+01
2.740000862741231344e+02 1.200000000000000000e+01 1.400000000000000000e+01
2.750000862741233618e+02 1.200000000000000000e+01 1.200000000000000000e+01
2.760000862741235892e+02 1.200000000000000000e+01 9.000000000000000000e+00
2.770000862741238166e+02 1.200000000000000000e+01 9.000000000000000000e+00
2.780000862741240439e+02 1.300000000000000000e+01 1.000000000000000000e+01
2.790000862741242713e+02 1.400000000000000000e+01 1.100000000000000000e+01
2.800000862741244987e+02 1.400000000000000000e+01 1.300000000000000000e+01
2.810000862741247261e+02 1.500000000000000000e+01 1.300000000000000000e+01
2.820000862741249534e+02 1.600000000000000000e+01 1.400000000000000000e+01
2.830000862741251808e+02 1.600000000000000000e+01 1.100000000000000000e+01
2.840000862741254082e+02 1.600000000000000000e+01 1.100000000000000000e+01
2.850000813629068830e+02 1.700000000000000000e+01 1.000000000000000000e+01
2.860000862741258629e+02 1.700000000000000000e+01 1.000000000000000000e+01
2.870000862741260903e+02 1.700000000000000000e+01 1.100000000000000000e+01
2.880000862741263177e+02 1.500000000000000000e+01 1.200000000000000000e+01
2.890000862741265450e+02 1.600000000000000000e+01 1.200000000000000000e+01
2.900000862741267724e+02 1.800000000000000000e+01 1.200000000000000000e+01
2.910000862741269998e+02 1.800000000000000000e+01 1.100000000000000000e+01
2.920000862741272272e+02 1.800000000000000000e+01 1.100000000000000000e+01
2.930000862741274545e+02 1.900000000000000000e+01 8.000000000000000000e+00
2.940000862741276819e+02 1.900000000000000000e+01 6.000000000000000000e+00
2.950000862741279093e+02 1.900000000000000000e+01 4.000000000000000000e+00
2.960000862741281367e+02 2.000000000000000000e+01 6.000000000000000000e+00
2.970000862741283640e+02 2.100000000000000000e+01 4.000000000000000000e+00
2.980000862741285914e+02 2.100000000000000000e+01 3.000000000000000000e+00
2.990000862741288188e+02 2.200000000000000000e+01 2.000000000000000000e+00
3.000000862741290462e+02 2.100000000000000000e+01 2.000000000000000000e+00
