0.000000000000000000e+00 0.000000000000000000e+00 0.000000000000000000e+00
1.000302433893833332e+00 0.000000000000000000e+00 0.000000000000000000e+00
2.000302433893834220e+00 1.000000000000000000e+00 1.000000000000000000e+00
3.000302433893835108e+00 1.000000000000000000e+00 1.000000000000000000e+00
4.000115094055479936e+00 2.000000000000000000e+00 2.000000000000000000e+00
5.000302433893832443e+00 4.000000000000000000e+00 4.000000000000000000e+00
6.000302433893828891e+00 4.000000000000000000e+00 4.000000000000000000e+00
7.000302433893825338e+00 4.000000000000000000e+00 4.000000000000000000e+00
8.000302433893821785e+00 4.000000000000000000e+00 4.000000000000000000e+00
9.000302433893818232e+00 4.000000000000000000e+00 4.000000000000000000e+00
1.000030243389381468e+01 4.000000000000000000e+00 4.000000000000000000e+00
1.100030243389381113e+01 4.000000000000000000e+00 4.000000000000000000e+00
1.200030243389380757e+01 4.000000000000000000e+00 4.000000000000000000e+00
1.300030243389380402e+01 7.000000000000000000e+00 7.000000000000000000e+00
1.400030243389380047e+01 6.000000000000000000e+00 6.000000000000000000e+00
1.500030243389379692e+01 3.000000000000000000e+00 4.000000000000000000e+00
1.600030243389379336e+01 3.000000000000000000e+00 4.000000000000000000e+00
1.700030243389380757e+01 3.000000000000000000e+00 3.000000000000000000e+00
1.800030243389382179e+01 5.000000000000000000e+00 4.000000000000000000e+00
1.900030243389383600e+01 4.000000000000000000e+00 4.000000000000000000e+00
2.000030243389385021e+01 5.000000000000000000e+00 4.000000000000000000e+00
2.100030243389386442e+01 6.000000000000000000e+00 5.000000000000000000e+00
2.200030243389387863e+01 7.000000000000000000e+00 6.000000000000000000e+00
2.300030243389389284e+01 8.000000000000000000e+00 7.000000000000000000e+00
2.400030243389390705e+01 7.000000000000000000e+00 8.000000000000000000e+00
2.500030243389392126e+01 7.000000000000000000e+00 8.000000000000000000e+00
2.600010899274596810e+01 7.000000000000000000e+00 8.000000000000000000e+00
2.700030243389394968e+01 7.000000000000000000e+00 8.000000000000000000e+00
2.800030243389396389e+01 5.000000000000000000e+00 7.000000000000000000e+00
2.900001672338353842e+01 7.000000000000000000e+00 9.000000000000000000e+00
3.000030243389399232e+01 7.000000000000000000e+00 9.000000000000000000e+00
3.100030243389400653e+01 7.000000000000000000e+00 9.000000000000000000e+00
3.200030243389402074e+01 6.000000000000000000e+00 1.000000000000000000e+01
3.300030243389403495e+01 6.000000000000000000e+00 1.100000000000000000e+01
3.400030243389404916e+01 9.000000000000000000e+00 1.300000000000000000e+01
3.500030243389406337e+01 9.000000000000000000e+00 1.600000000000000000e+01
3.600030243389407758e+01 8.000000000000000000e+00 1.500000000000000000e+01
3.700030243389409179e+01 7.000000000000000000e+00 1.500000000000000000e+01
3.800030243389410600e+01 8.000000000000000000e+00 1.400000000000000000e+01
3.900030243389412021e+01 9.000000000000000000e+00 1.400000000000000000e+01
4.000030243389413442e+01 1.000000000000000000e+01 1.500000000000000000e+01
4.100030243389414863e+01 1.000000000000000000e+01 1.500000000000000000e+01
4.200030243389416285e+01 1.100000000000000000e+01 1.600000000000000000e+01
4.300004757684483536e+01 1.000000000000000000e+01 1.200000000000000000e+01
4.400030243389419127e+01 9.000000000000000000e+00 1.200000000000000000e+01
4.500030243389420548e+01 1.000000000000000000e+01 1.000000000000000000e+01
4.600030243389421969e+01 6.000000000000000000e+00 1.100000000000000000e+01
4.700030243389423390e+01 7.000000000000000000e+00 1.200000000000000000e+01
4.800030243389424811e+01 7.000000000000000000e+00 1.100000000000000000e+01
4.900029092639729100e+01 9.000000000000000000e+00 1.300000000000000000e+01
5.000030243389427653e+01 8.000000000000000000e+00 1.400000000000000000e+01
5.100030243389429074e+01 7.000000000000000000e+00 1.100000000000000000e+01
5.200030243389430495e+01 8.000000000000000000e+00 1.100000000000000000e+01
5.300030243389431917e+01 9.000000000000000000e+00 1.200000000000000000e+01
5.400030243389433338e+01 6.000000000000000000e+00 1.200000000000000000e+01
5.500030243389434759e+01 7.000000000000000000e+00 1.300000000000000000e+01
5.600030243389436180e+01 2.000000000000000000e+00 1.200000000000000000e+01
5.700030243389437601e+01 3.000000000000000000e+00 1.400000000000000000e+01
5.800030243389439022e+01 2.000000000000000000e+00 1.500000000000000000e+01
5.900030243389440443e+01 2.000000000000000000e+00 1.500000000000000000e+01
6.000030243389441864e+01 2.000000000000000000e+00 1.500000000000000000e+01
6.100030243389443285e+01 3.000000000000000000e+00 1.500000000000000000e+01
6.200030243389444706e+01 3.000000000000000000e+00 1.600000000000000000e+01
6.300030243389446127e+01 4.000000000000000000e+00 1.700000000000000000e+01
6.400030243389447548e+01 5.000000000000000000e+00 2.000000000000000000e+01
6.500030243389441864e+01 6.000000000000000000e+00 2.200000000000000000e+01
6.600030243389436180e+01 6.000000000000000000e+00 2.300000000000000000e+01
6.700030243389430495e+01 5.000000000000000000e+00 2.400000000000000000e+01
6.800030243389424811e+01 6.000000000000000000e+00 2.500000000000000000e+01
6.900030243389419127e+01 7.000000000000000000e+00 2.700000000000000000e+01
7.000030243389413442e+01 8.000000000000000000e+00 2.700000000000000000e+01
7.100030243389407758e+01 9.000000000000000000e+00 2.700000000000000000e+01
7.200030243389402074e+01 9.000000000000000000e+00 2.800000000000000000e+01
7.300030243389396389e+01 7.000000000000000000e+00 2.600000000000000000e+01
7.400030243389390705e+01 4.000000000000000000e+00 2.800000000000000000e+01
7.500030243389385021e+01 4.000000000000000000e+00 2.900000000000000000e+01
7.600030243389379336e+01 2.000000000000000000e+00 2.800000000000000000e+01
7.700030243389373652e+01 2.000000000000000000e+00 2.800000000000000000e+01
7.800030243389367968e+01 2.000000000000000000e+00 2.800000000000000000e+01
7.900030243389362283e+01 3.000000000000000000e+00 2.900000000000000000e+01
8.000030243389356599e+01 5.000000000000000000e+00 3.000000000000000000e+01
8.100030243389350915e+01 8.000000000000000000e+00 3.100000000000000000e+01
8.200030243389345230e+01 8.000000000000000000e+00 3.200000000000000000e+01
8.300030243389339546e+01 8.000000000000000000e+00 3.200000000000000000e+01
8.400030243389333862e+01 9.000000000000000000e+00 3.300000000000000000e+01
8.500030243389328177e+01 1.000000000000000000e+01 3.200000000000000000e+01
8.600030243389322493e+01 9.000000000000000000e+00 3.400000000000000000e+01
8.700030243389316809e+01 5.000000000000000000e+00 3.300000000000000000e+01
8.800030243389311124e+01 4.000000000000000000e+00 3.100000000000000000e+01
8.900030243389305440e+01 3.000000000000000000e+00 3.000000000000000000e+01
9.000005802869067395e+01 4.000000000000000000e+00 3.200000000000000000e+01
9.100030243389294071e+01 5.000000000000000000e+00 3.300000000000000000e+01
9.200030243389288387e+01 6.000000000000000000e+00 3.300000000000000000e+01
9.300030243389282703e+01 7.000000000000000000e+00 3.300000000000000000e+01
9.400030243389277018e+01 8.000000000000000000e+00 3.300000000000000000e+01
9.500030243389271334e+01 1.100000000000000000e+01 3.500000000000000000e+01
9.600030243389265650e+01 1.000000000000000000e+01 3.600000000000000000e+01
9.700030243389259965e+01 1.100000000000000000e+01 3.600000000000000000e+01
9.800030243389254281e+01 1.100000000000000000e+01 3.700000000000000000e+01
9.900030243389248596e+01 1.200000000000000000e+01 3.900000000000000000e+01
1.000003024338924291e+02 1.400000000000000000e+01 3.800000000000000000e+01
1.010003024338923723e+02 1.500000000000000000e+01 3.800000000000000000e+01
1.020003024338923154e+02 1.300000000000000000e+01 3.800000000000000000e+01
1.030003024338922586e+02 1.300000000000000000e+01 3.800000000000000000e+01
1.040003024338922017e+02 1.200000000000000000e+01 3.600000000000000000e+01
1.050003024338921449e+02 1.200000000000000000e+01 3.300000000000000000e+01
1.060003024338920881e+02 1.100000000000000000e+01 2.700000000000000000e+01
1.070003024338920312e+02 1.000000000000000000e+01 2.700000000000000000e+01
1.080003024338919744e+02 1.100000000000000000e+01 2.800000000000000000e+01
1.090003024338919175e+02 1.000000000000000000e+01 2.700000000000000000e+01
1.100003024338918607e+02 9.000000000000000000e+00 2.700000000000000000e+01
1.110003024338918038e+02 8.000000000000000000e+00 2.700000000000000000e+01
1.120003024338917470e+02 8.000000000000000000e+00 2.800000000000000000e+01
1.130003024338916902e+02 8.000000000000000000e+00 2.400000000000000000e+01
1.140003024338916333e+02 9.000000000000000000e+00 2.200000000000000000e+01
1.150003024338915765e+02 1.000000000000000000e+01 2.100000000000000000e+01
1.160003024338915196e+02 1.000000000000000000e+01 2.100000000000000000e+01
1.170003024338914628e+02 1.100000000000000000e+01 2.100000000000000000e+01
1.180003024338914059e+02 1.200000000000000000e+01 2.300000000000000000e+01
1.190003024338913491e+02 1.100000000000000000e+01 2.000000000000000000e+01
1.200003024338912923e+02 1.100000000000000000e+01 1.600000000000000000e+01
1.210003024338912354e+02 1.100000000000000000e+01 1.400000000000000000e+01
1.220003024338911786e+02 1.100000000000000000e+01 1.200000000000000000e+01
1.230003024338911217e+02 1.200000000000000000e+01 1.300000000000000000e+01
1.240003024338910649e+02 1.300000000000000000e+01 1.300000000000000000e+01
1.250003024338910080e+02 1.400000000000000000e+01 1.200000000000000000e+01
1.260003024338909512e+02 1.500000000000000000e+01 1.600000000000000000e+01
1.270003024338908943e+02 1.400000000000000000e+01 1.500000000000000000e+01
1.280003024338908517e+02 1.400000000000000000e+01 1.500000000000000000e+01
1.290003024338907949e+02 1.400000000000000000e+01 1.500000000000000000e+01
1.300003024338907380e+02 1.300000000000000000e+01 1.300000000000000000e+01
1.310003024338906812e+02 1.300000000000000000e+01 1.200000000000000000e+01
1.320003024338906243e+02 1.300000000000000000e+01 1.200000000000000000e+01
1.330003024338905675e+02 1.500000000000000000e+01 1.100000000000000000e+01
1.340001028062486910e+02 1.400000000000000000e+01 9.000000000000000000e+00
1.350003024338904538e+02 1.300000000000000000e+01 1.000000000000000000e+01
1.360003024338903970e+02 1.300000000000000000e+01 1.100000000000000000e+01
1.370003024338903401e+02 1.200000000000000000e+01 1.200000000000000000e+01
1.380000821675546092e+02 1.200000000000000000e+01 1.200000000000000000e+01
1.390000775743879444e+02 1.200000000000000000e+01 1.200000000000000000e+01
1.400002433540754794e+02 1.400000000000000000e+01 1.500000000000000000e+01
1.410003024338901128e+02 1.500000000000000000e+01 1.400000000000000000e+01
1.420003024338900559e+02 1.500000000000000000e+01 1.600000000000000000e+01
1.430003024338899991e+02 1.400000000000000000e+01 1.900000000000000000e+01
1.440003024338899422e+02 1.400000000000000000e+01 1.600000000000000000e+01
1.450003024338898854e+02 1.400000000000000000e+01 1.600000000000000000e+01
1.460003024338898285e+02 1.300000000000000000e+01 1.400000000000000000e+01
1.470003024338897717e+02 1.000000000000000000e+01 1.100000000000000000e+01
1.480003024338897148e+02 7.000000000000000000e+00 9.000000000000000000e+00
1.490003024338896580e+02 6.000000000000000000e+00 9.000000000000000000e+00
1.500003024338896012e+02 5.000000000000000000e+00 1.000000000000000000e+01
1.510003024338895443e+02 5.000000000000000000e+00 1.100000000000000000e+01
1.520003024338894875e+02 6.000000000000000000e+00 1.100000000000000000e+01
1.530003024338894306e+02 6.000000000000000000e+00 1.100000000000000000e+01
1.540003024338893738e+02 8.000000000000000000e+00 1.300000000000000000e+01
1.550003024338893169e+02 8.000000000000000000e+00 1.300000000000000000e+01
1.560003024338892601e+02 9.000000000000000000e+00 1.400000000000000000e+01
1.570003024338892033e+02 9.000000000000000000e+00 1.500000000000000000e+01
1.580003024338891464e+02 1.000000000000000000e+01 1.600000000000000000e+01
1.590003024338890896e+02 1.000000000000000000e+01 1.600000000000000000e+01
1.600003024338890327e+02 1.200000000000000000e+01 1.700000000000000000e+01
1.610003024338889759e+02 1.300000000000000000e+01 1.500000000000000000e+01
1.620003024338889190e+02 1.500000000000000000e+01 1.300000000000000000e+01
1.630003024338888622e+02 1.700000000000000000e+01 1.300000000000000000e+01
1.640003024338888054e+02 1.800000000000000000e+01 1.400000000000000000e+01
1.650003024338887485e+02 1.800000000000000000e+01 1.400000000000000000e+01
1.660003024338886917e+02 1.800000000000000000e+01 1.400000000000000000e+01
1.670003024338886348e+02 2.000000000000000000e+01 1.400000000000000000e+01
1.680003024338885780e+02 2.200000000000000000e+01 1.500000000000000000e+01
1.690003024338885211e+02 2.200000000000000000e+01 1.400000000000000000e+01
1.700003024338884643e+02 2.200000000000000000e+01 1.400000000000000000e+01
1.710003024338884074e+02 2.100000000000000000e+01 1.500000000000000000e+01
1.720003024338883506e+02 2.200000000000000000e+01 1.800000000000000000e+01
1.730003024338882938e+02 2.300000000000000000e+01 1.600000000000000000e+01
1.740003024338882369e+02 2.100000000000000000e+01 1.600000000000000000e+01
1.750003024338881801e+02 2.000000000000000000e+01 1.600000000000000000e+01
1.760003024338881232e+02 1.800000000000000000e+01 1.400000000000000000e+01
1.770003024338880664e+02 2.100000000000000000e+01 1.500000000000000000e+01
1.780003024338880095e+02 2.000000000000000000e+01 1.500000000000000000e+01
1.790003024338879527e+02 1.800000000000000000e+01 1.600000000000000000e+01
1.800003024338878959e+02 1.800000000000000000e+01 1.600000000000000000e+01
1.810003024338878390e+02 1.700000000000000000e+01 1.600000000000000000e+01
1.820003024338877822e+02 1.700000000000000000e+01 1.800000000000000000e+01
1.830003024338877253e+02 1.300000000000000000e+01 1.800000000000000000e+01
1.840003024338876685e+02 1.200000000000000000e+01 2.000000000000000000e+01
1.850003024338876116e+02 1.200000000000000000e+01 2.100000000000000000e+01
1.860003024338875548e+02 1.400000000000000000e+01 2.200000000000000000e+01
1.870003024338874980e+02 1.500000000000000000e+01 2.500000000000000000e+01
1.880003024338874411e+02 1.600000000000000000e+01 2.500000000000000000e+01
1.890003024338873843e+02 1.600000000000000000e+01 2.800000000000000000e+01
1.900003024338873274e+02 1.600000000000000000e+01 2.800000000000000000e+01
1.910003024338872706e+02 1.600000000000000000e+01 2.700000000000000000e+01
1.920003024338872137e+02 1.500000000000000000e+01 1.500000000000000000e+01
1.930003024338871569e+02 1.500000000000000000e+01 9.000000000000000000e+00
1.940003024338871001e+02 1.400000000000000000e+01 1.000000000000000000e+01
1.950003024338870432e+02 1.300000000000000000e+01 1.100000000000000000e+01
1.960003024338869864e+02 1.300000000000000000e+01 1.100000000000000000e+01
1.970003024338869295e+02 1.100000000000000000e+01 1.200000000000000000e+01
1.980003024338868727e+02 7.000000000000000000e+00 1.200000000000000000e+01
1.990003024338868158e+02 6.000000000000000000e+00 1.000000000000000000e+01
2.000003024338867590e+02 6.000000000000000000e+00 1.000000000000000000e+01
2.010003024338867021e+02 8.000000000000000000e+00 1.100000000000000000e+01
2.020003024338866453e+02 8.000000000000000000e+00 1.000000000000000000e+01
2.030003024338865885e+02 9.000000000000000000e+00 9.000000000000000000e+00
2.040003024338865316e+02 7.000000000000000000e+00 9.000000000000000000e+00
2.050003024338864748e+02 8.000000000000000000e+00 8.000000000000000000e+00
2.060003024338864179e+02 8.000000000000000000e+00 4.000000000000000000e+00
2.070003024338863611e+02 8.000000000000000000e+00 4.000000000000000000e+00
2.080003024338863042e+02 1.000000000000000000e+01 3.000000000000000000e+00
2.090003024338862474e+02 1.100000000000000000e+01 4.000000000000000000e+00
2.100003024338861906e+02 1.300000000000000000e+01 4.000000000000000000e+00
2.110003024338861337e+02 1.400000000000000000e+01 5.000000000000000000e+00
2.120003024338860769e+02 1.400000000000000000e+01 5.000000000000000000e+00
2.130003024338860200e+02 1.300000000000000000e+01 6.000000000000000000e+00
2.140003024338859632e+02 1.500000000000000000e+01 6.000000000000000000e+00
2.150003024338859063e+02 1.500000000000000000e+01 6.000000000000000000e+00
2.160003024338858495e+02 1.500000000000000000e+01 5.000000000000000000e+00
2.170003024338857927e+02 1.900000000000000000e+01 8.000000000000000000e+00
2.180003024338857358e+02 1.700000000000000000e+01 7.000000000000000000e+00
2.190003024338856790e+02 1.800000000000000000e+01 6.000000000000000000e+00
2.200003024338856221e+02 1.700000000000000000e+01 4.000000000000000000e+00
2.210003024338855653e+02 1.600000000000000000e+01 3.000000000000000000e+00
2.220003024338855084e+02 1.500000000000000000e+01 3.000000000000000000e+00
2.230003024338854516e+02 1.500000000000000000e+01 3.000000000000000000e+00
2.240003024338853947e+02 1.600000000000000000e+01 3.000000000000000000e+00
2.250003024338853379e+02 1.700000000000000000e+01 4.000000000000000000e+00
2.260003024338852811e+02 1.500000000000000000e+01 5.000000000000000000e+00
2.270003024338852242e+02 1.700000000000000000e+01 6.000000000000000000e+00
2.280003024338851674e+02 1.200000000000000000e+01 6.000000000000000000e+00
2.290003024338851105e+02 1.100000000000000000e+01 7.000000000000000000e+00
2.300003024338850537e+02 1.200000000000000000e+01 7.000000000000000000e+00
2.310003024338849968e+02 1.100000000000000000e+01 7.000000000000000000e+00
2.320003024338849400e+02 1.100000000000000000e+01 9.000000000000000000e+00
2.330003024338848832e+02 1.100000000000000000e+01 8.000000000000000000e+00
2.340003024338848263e+02 1.200000000000000000e+01 9.000000000000000000e+00
2.350003024338847695e+02 1.300000000000000000e+01 1.000000000000000000e+01
2.360003024338847126e+02 1.100000000000000000e+01 1.100000000000000000e+01
2.370003024338846558e+02 1.100000000000000000e+01 1.100000000000000000e+01
2.380003024338845989e+02 1.000000000000000000e+01 9.000000000000000000e+00
2.390003024338845421e+02 9.000000000000000000e+00 8.000000000000000000e+00
2.400003024338844853e+02 1.000000000000000000e+01 9.000000000000000000e+00
2.410003024338844284e+02 1.000000000000000000e+01 8.000000000000000000e+00
2.420003024338843716e+02 1.000000000000000000e+01 7.000000000000000000e+00
2.430003024338843147e+02 9.000000000000000000e+00 7.000000000000000000e+00
2.440003024338842579e+02 9.000000000000000000e+00 8.000000000000000000e+00
2.450003024338842010e+02 1.000000000000000000e+01 7.000000000000000000e+00
2.460003024338841442e+02 1.200000000000000000e+01 9.000000000000000000e+00
2.470003024338840873e+02 1.400000000000000000e+01 1.000000000000000000e+01
2.480003024338840305e+02 1.600000000000000000e+01 8.000000000000000000e+00
2.490003024338839737e+02 1.500000000000000000e+01 6.000000000000000000e+00
2.500003024338839168e+02 1.700000000000000000e+01 6.000000000000000000e+00
2.510003024338838600e+02 1.900000000000000000e+01 6.000000000000000000e+00
2.520003024338838031e+02 1.800000000000000000e+01 6.000000000000000000e+00
2.530003024338837463e+02 1.800000000000000000e+01 7.000000000000000000e+00
2.540002736254713795e+02 1.800000000000000000e+01 6.000000000000000000e+00
2.550003024338836326e+02 1.800000000000000000e+01 8.000000000000000000e+00
2.560003024338835758e+02 1.900000000000000000e+01 8.000000000000000000e+00
2.570003024338838031e+02 2.000000000000000000e+01 8.000000000000000000e+00
2.580003024338840305e+02 1.700000000000000000e+01 5.000000000000000000e+00
2.590003024338842579e+02 1.700000000000000000e+01 4.000000000000000000e+00
2.600003024338844853e+02 1.900000000000000000e+01 4.000000000000000000e+00
2.610003024338847126e+02 1.700000000000000000e+01 5.000000000000000000e+00
2.620003024338849400e+02 1.800000000000000000e+01 5.000000000000000000e+00
2.630003024338851674e+02 2.100000000000000000e+01 6.000000000000000000e+00
2.640003024338853947e+02 2.200000000000000000e+01 7.000000000000000000e+00
2.650003024338856221e+02 2.200000000000000000e+01 7.000000000000000000e+00
2.660003024338858495e+02 2.200000000000000000e+01 6.000000000000000000e+00
2.670003024338860769e+02 2.200000000000000000e+01 6.000000000000000000e+00
2.680003024338863042e+02 2.200000000000000000e+01 6.000000000000000000e+00
2.690003024338865316e+02 2.400000000000000000e+01 7.000000000000000000e+00
2.700003024338867590e+02 2.500000000000000000e+01 8.000000000000000000e+00
2.710003024338869864e+02 2.700000000000000000e+01 1.000000000000000000e+01
2.720003024338872137e+02 2.800000000000000000e+01 1.100000000000000000e+01
2.730003024338874411e+02 3.000000000000000000e+01 1.100000000000000000e+01
2.740003024338876685e+02 3.000000000000000000e+01 1.200000000000000000e+01
2.750003024338878959e+02 3.000000000000000000e+01 1.200000000000000000e+01
2.760003024338881232e+02 2.900000000000000000e+01 1.300000000000000000e+01
2.770003024338883506e+02 2.900000000000000000e+01 1.100000000000000000e+01
2.780003024338885780e+02 2.900000000000000000e+01 1.000000000000000000e+01
2.790003024338888054e+02 3.000000000000000000e+01 9.000000000000000000e+00
2.800003024338890327e+02 3.100000000000000000e+01 6.000000000000000000e+00
2.810003024338892601e+02 3.200000000000000000e+01 3.000000000000000000e+00
2.820003024338894875e+02 3.200000000000000000e+01 3.000000000000000000e+00
2.830003024338897148e+02 3.300000000000000000e+01 1.000000000000000000e+00
2.840003024338899422e+02 3.300000000000000000e+01 1.000000000000000000e+00
2.850003024338901696e+02 3.300000000000000000e+01 3.000000000000000000e+00
2.860003024338903970e+02 3.300000000000000000e+01 1.000000000000000000e+00
2.870000752725628104e+02 3.000000000000000000e+01 2.000000000000000000e+00
2.880003024338908517e+02 3.000000000000000000e+01 1.000000000000000000e+00
2.890003024338910791e+02 2.800000000000000000e+01 0.000000000000000000e+00
2.900003024338913065e+02 2.600000000000000000e+01 0.000000000000000000e+00
2.910003024338915338e+02 2.500000000000000000e+01 2.000000000000000000e+00
2.920003024338917612e+02 2.500000000000000000e+01 3.000000000000000000e+00
2.930003024338919886e+02 2.300000000000000000e+01 4.000000000000000000e+00
2.940003024338922160e+02 2.000000000000000000e+01 4.000000000000000000e+00
2.950003024338924433e+02 2.000000000000000000e+01 4.000000000000000000e+00
2.960003024338926707e+02 2.100000000000000000e+01 5.000000000000000000e+00
2.970003024338928981e+02 2.200000000000000000e+01 5.000000000000000000e+00
2.980003024338931255e+02 2.300000000000000000e+01 6.000000000000000000e+00
2.990003024338933528e+02 2.400000000000000000e+01 6.000000000000000000e+00
3.000003024338935802e+02 2.400000000000000000e+01 6.000000000000000000e+00
