0.000000000000000000e+00 0.000000000000000000e+00 0.000000000000000000e+00
1.000094420565472042e+00 1.000000000000000000e+00 1.000000000000000000e+00
2.001405276911444542e+00 1.000000000000000000e+00 1.000000000000000000e+00
3.001405276911445430e+00 2.000000000000000000e+00 2.000000000000000000e+00
4.001405276911445874e+00 3.000000000000000000e+00 3.000000000000000000e+00
5.001405276911442321e+00 4.000000000000000000e+00 4.000000000000000000e+00
6.001405276911438769e+00 4.000000000000000000e+00 4.000000000000000000e+00
7.000677354176336742e+00 5.000000000000000000e+00 5.000000000000000000e+00
8.000326754749291780e+00 6.000000000000000000e+00 6.000000000000000000e+00
9.001405276911428999e+00 7.000000000000000000e+00 7.000000000000000000e+00
1.000140527691142545e+01 6.000000000000000000e+00 6.000000000000000000e+00
1.100140527691142189e+01 6.000000000000000000e+00 6.000000000000000000e+00
1.200140527691141834e+01 7.000000000000000000e+00 7.000000000000000000e+00
1.300140527691141479e+01 7.000000000000000000e+00 7.000000000000000000e+00
1.400126958315977710e+01 7.000000000000000000e+00 7.000000000000000000e+00
1.500140527691140768e+01 8.000000000000000000e+00 8.000000000000000000e+00
1.600140527691140591e+01 8.000000000000000000e+00 8.000000000000000000e+00
1.700102169607851010e+01 6.000000000000000000e+00 6.000000000000000000e+00
1.800140527691143433e+01 5.000000000000000000e+00 5.000000000000000000e+00
1.900140527691144854e+01 4.000000000000000000e+00 4.000000000000000000e+00
2.000052354053787340e+01 4.000000000000000000e+00 5.000000000000000000e+00
2.100140527691147696e+01 4.000000000000000000e+00 6.000000000000000000e+00
2.200140527691149117e+01 3.000000000000000000e+00 5.000000000000000000e+00
2.300140527691150538e+01 3.000000000000000000e+00 5.000000000000000000e+00
2.400140527691151959e+01 3.000000000000000000e+00 5.000000000000000000e+00
2.500140527691153380e+01 5.000000000000000000e+00 7.000000000000000000e+00
2.600043471672361051e+01 4.000000000000000000e+00 6.000000000000000000e+00
2.700140527691156223e+01 4.000000000000000000e+00 6.000000000000000000e+00
2.800140527691157644e+01 5.000000000000000000e+00 7.000000000000000000e+00
2.900001428425905914e+01 6.000000000000000000e+00 8.000000000000000000e+00
3.000140527691160486e+01 6.000000000000000000e+00 8.000000000000000000e+00
3.100140527691161907e+01 9.000000000000000000e+00 1.100000000000000000e+01
3.200061187162045684e+01 9.000000000000000000e+00 1.000000000000000000e+01
3.300140527691164749e+01 9.000000000000000000e+00 1.000000000000000000e+01
3.400107097199950346e+01 9.000000000000000000e+00 9.000000000000000000e+00
3.500094380405504069e+01 1.100000000000000000e+01 1.100000000000000000e+01
3.600076534812615137e+01 1.100000000000000000e+01 1.100000000000000000e+01
3.700140527691170433e+01 1.100000000000000000e+01 1.100000000000000000e+01
3.800140527691171854e+01 1.300000000000000000e+01 1.400000000000000000e+01
3.900140527691173276e+01 1.600000000000000000e+01 1.600000000000000000e+01
4.000140527691174697e+01 1.700000000000000000e+01 1.700000000000000000e+01
4.100140527691176118e+01 1.800000000000000000e+01 1.800000000000000000e+01
4.200140527691177539e+01 2.000000000000000000e+01 2.000000000000000000e+01
4.300140527691178960e+01 2.000000000000000000e+01 2.200000000000000000e+01
4.400140527691180381e+01 1.500000000000000000e+01 2.000000000000000000e+01
4.500140527691181802e+01 1.100000000000000000e+01 2.000000000000000000e+01
4.600140527691183223e+01 1.000000000000000000e+01 2.100000000000000000e+01
4.700140527691184644e+01 9.000000000000000000e+00 1.500000000000000000e+01
4.800007069710384400e+01 1.000000000000000000e+01 1.500000000000000000e+01
4.900140527691187486e+01 1.000000000000000000e+01 1.500000000000000000e+01
5.000140527691188908e+01 6.000000000000000000e+00 1.500000000000000000e+01
5.100140527691190329e+01 6.000000000000000000e+00 1.500000000000000000e+01
5.200140527691191750e+01 5.000000000000000000e+00 1.500000000000000000e+01
5.300037071335388106e+01 5.000000000000000000e+00 1.400000000000000000e+01
5.400140527691194592e+01 4.000000000000000000e+00 1.400000000000000000e+01
5.500140527691196013e+01 5.000000000000000000e+00 1.400000000000000000e+01
5.600140527691197434e+01 6.000000000000000000e+00 1.300000000000000000e+01
5.700026410597320847e+01 6.000000000000000000e+00 1.000000000000000000e+01
5.800033655242763331e+01 7.000000000000000000e+00 9.000000000000000000e+00
5.900140527691201697e+01 7.000000000000000000e+00 9.000000000000000000e+00
6.000140527691203118e+01 7.000000000000000000e+00 9.000000000000000000e+00
6.100140527691204539e+01 7.000000000000000000e+00 9.000000000000000000e+00
6.200140527691205961e+01 7.000000000000000000e+00 9.000000000000000000e+00
6.300140527691207382e+01 7.000000000000000000e+00 8.000000000000000000e+00
6.400140527691208092e+01 8.000000000000000000e+00 7.000000000000000000e+00
6.500140527691202408e+01 8.000000000000000000e+00 6.000000000000000000e+00
6.600140527691196723e+01 9.000000000000000000e+00 7.000000000000000000e+00
6.700140527691191039e+01 1.200000000000000000e+01 6.000000000000000000e+00
6.800140527691185355e+01 1.300000000000000000e+01 5.000000000000000000e+00
6.900043173492105097e+01 1.300000000000000000e+01 5.000000000000000000e+00
7.000140527691173986e+01 1.200000000000000000e+01 6.000000000000000000e+00
7.100140527691168302e+01 1.200000000000000000e+01 5.000000000000000000e+00
7.200140527691162617e+01 1.000000000000000000e+01 7.000000000000000000e+00
7.300134834974518583e+01 1.000000000000000000e+01 8.000000000000000000e+00
7.400140527691151249e+01 1.000000000000000000e+01 9.000000000000000000e+00
7.500140527691145564e+01 1.200000000000000000e+01 9.000000000000000000e+00
7.600140527691139880e+01 1.200000000000000000e+01 8.000000000000000000e+00
7.700140527691134196e+01 1.400000000000000000e+01 9.000000000000000000e+00
7.800132614462685865e+01 1.400000000000000000e+01 9.000000000000000000e+00
7.900051155770240996e+01 1.400000000000000000e+01 9.000000000000000000e+00
8.000006932581214869e+01 1.400000000000000000e+01 1.000000000000000000e+01
8.100140527691111458e+01 1.500000000000000000e+01 1.100000000000000000e+01
8.200140527691105774e+01 1.400000000000000000e+01 1.300000000000000000e+01
8.300140527691100090e+01 1.200000000000000000e+01 1.300000000000000000e+01
8.400049403483201615e+01 1.100000000000000000e+01 1.300000000000000000e+01
8.500140527691088721e+01 1.200000000000000000e+01 1.400000000000000000e+01
8.600140527691083037e+01 1.200000000000000000e+01 1.300000000000000000e+01
8.700058206819029749e+01 1.200000000000000000e+01 1.200000000000000000e+01
8.800140527691071668e+01 1.200000000000000000e+01 1.000000000000000000e+01
8.900140527691065984e+01 1.300000000000000000e+01 8.000000000000000000e+00
9.000140527691060299e+01 1.400000000000000000e+01 8.000000000000000000e+00
9.100005269202178226e+01 1.400000000000000000e+01 6.000000000000000000e+00
9.200140527691048931e+01 1.500000000000000000e+01 4.000000000000000000e+00
9.300140527691043246e+01 1.500000000000000000e+01 2.000000000000000000e+00
9.400140527691037562e+01 1.500000000000000000e+01 1.000000000000000000e+00
9.500140527691031878e+01 1.500000000000000000e+01 3.000000000000000000e+00
9.600140527691026193e+01 1.500000000000000000e+01 2.000000000000000000e+00
9.700102355887511862e+01 1.300000000000000000e+01 2.000000000000000000e+00
9.800140527691014825e+01 9.000000000000000000e+00 3.000000000000000000e+00
9.900140527691009140e+01 9.000000000000000000e+00 4.000000000000000000e+00
1.000002999435749445e+02 1.000000000000000000e+01 4.000000000000000000e+00
1.010014052769099777e+02 8.000000000000000000e+00 2.000000000000000000e+00
1.020014052769099209e+02 6.000000000000000000e+00 2.000000000000000000e+00
1.030014052769098640e+02 4.000000000000000000e+00 1.000000000000000000e+00
1.040002458329852146e+02 5.000000000000000000e+00 1.000000000000000000e+00
1.050014052769097503e+02 7.000000000000000000e+00 1.000000000000000000e+00
1.060014052769096935e+02 8.000000000000000000e+00 3.000000000000000000e+00
1.070014052769096367e+02 8.000000000000000000e+00 3.000000000000000000e+00
1.080014052769095798e+02 7.000000000000000000e+00 4.000000000000000000e+00
1.090007387711941931e+02 8.000000000000000000e+00 3.000000000000000000e+00
1.100014052769094661e+02 7.000000000000000000e+00 1.000000000000000000e+00
1.110014052769094093e+02 9.000000000000000000e+00 2.000000000000000000e+00
1.120014052769093524e+02 1.000000000000000000e+01 4.000000000000000000e+00
1.130014052769092956e+02 1.000000000000000000e+01 7.000000000000000000e+00
1.140014052769092388e+02 1.000000000000000000e+01 3.000000000000000000e+00
1.150000719446239970e+02 1.100000000000000000e+01 3.000000000000000000e+00
1.160014052769091251e+02 1.100000000000000000e+01 3.000000000000000000e+00
1.170014052769090682e+02 1.100000000000000000e+01 3.000000000000000000e+00
1.180002172520717636e+02 1.000000000000000000e+01 3.000000000000000000e+00
1.190006925352572864e+02 9.000000000000000000e+00 3.000000000000000000e+00
1.200014052769088977e+02 7.000000000000000000e+00 4.000000000000000000e+00
1.210014052769088408e+02 6.000000000000000000e+00 4.000000000000000000e+00
1.220014052769087840e+02 7.000000000000000000e+00 4.000000000000000000e+00
1.230014052769087272e+02 8.000000000000000000e+00 7.000000000000000000e+00
1.240014052769086703e+02 9.000000000000000000e+00 7.000000000000000000e+00
1.250008357829041330e+02 9.000000000000000000e+00 6.000000000000000000e+00
1.260014052769085566e+02 9.000000000000000000e+00 6.000000000000000000e+00
1.270014052769084998e+02 9.000000000000000000e+00 4.000000000000000000e+00
1.280014052769084572e+02 8.000000000000000000e+00 4.000000000000000000e+00
1.290003881868408939e+02 1.000000000000000000e+01 5.000000000000000000e+00
1.300006305510308380e+02 1.000000000000000000e+01 4.000000000000000000e+00
1.310006405738995454e+02 1.000000000000000000e+01 4.000000000000000000e+00
1.320014052769082298e+02 1.000000000000000000e+01 3.000000000000000000e+00
1.330006129388071656e+02 1.100000000000000000e+01 3.000000000000000000e+00
1.340014052769081161e+02 1.100000000000000000e+01 2.000000000000000000e+00
1.350014052769080592e+02 8.000000000000000000e+00 3.000000000000000000e+00
1.360014052769080024e+02 7.000000000000000000e+00 4.000000000000000000e+00
1.370014052769079456e+02 5.000000000000000000e+00 4.000000000000000000e+00
1.380014052769078887e+02 5.000000000000000000e+00 4.000000000000000000e+00
1.390014052769078319e+02 6.000000000000000000e+00 4.000000000000000000e+00
1.400007065111350641e+02 6.000000000000000000e+00 6.000000000000000000e+00
1.410014052769077182e+02 7.000000000000000000e+00 9.000000000000000000e+00
1.420014052769076613e+02 5.000000000000000000e+00 9.000000000000000000e+00
1.430014052769076045e+02 5.000000000000000000e+00 1.000000000000000000e+01
1.440014052769075477e+02 6.000000000000000000e+00 1.100000000000000000e+01
1.450014052769074908e+02 5.000000000000000000e+00 1.200000000000000000e+01
1.460014052769074340e+02 8.000000000000000000e+00 1.300000000000000000e+01
1.470014052769073771e+02 1.100000000000000000e+01 1.400000000000000000e+01
1.480014052769073203e+02 1.100000000000000000e+01 1.400000000000000000e+01
1.490014052769072634e+02 1.200000000000000000e+01 1.300000000000000000e+01
1.500014052769072066e+02 1.200000000000000000e+01 1.400000000000000000e+01
1.510005152391540548e+02 1.300000000000000000e+01 1.500000000000000000e+01
1.520014052769070929e+02 1.300000000000000000e+01 1.300000000000000000e+01
1.530012177981218713e+02 1.200000000000000000e+01 1.400000000000000000e+01
1.540014052769069792e+02 1.200000000000000000e+01 1.300000000000000000e+01
1.550008870546065225e+02 1.400000000000000000e+01 1.300000000000000000e+01
1.560014052769068655e+02 1.400000000000000000e+01 1.100000000000000000e+01
1.570014052769068087e+02 1.600000000000000000e+01 1.200000000000000000e+01
1.580014052769067519e+02 1.600000000000000000e+01 9.000000000000000000e+00
1.590014052769066950e+02 1.000000000000000000e+01 9.000000000000000000e+00
1.600002838500172118e+02 1.200000000000000000e+01 1.000000000000000000e+01
1.610014052769065813e+02 1.100000000000000000e+01 1.100000000000000000e+01
1.620014052769065245e+02 9.000000000000000000e+00 1.100000000000000000e+01
1.630014052769064676e+02 9.000000000000000000e+00 1.200000000000000000e+01
1.640014052769064108e+02 9.000000000000000000e+00 1.100000000000000000e+01
1.650014052769063539e+02 1.300000000000000000e+01 1.000000000000000000e+01
1.660014052769062971e+02 1.200000000000000000e+01 1.000000000000000000e+01
1.670008533731508749e+02 1.100000000000000000e+01 1.100000000000000000e+01
1.680013062047056565e+02 1.100000000000000000e+01 1.100000000000000000e+01
1.690014052769061266e+02 1.200000000000000000e+01 1.100000000000000000e+01
1.700014052769060697e+02 1.200000000000000000e+01 1.000000000000000000e+01
1.710014052769060129e+02 1.100000000000000000e+01 1.100000000000000000e+01
1.720014052769059560e+02 1.000000000000000000e+01 1.100000000000000000e+01
1.730014052769058992e+02 8.000000000000000000e+00 1.200000000000000000e+01
1.740005018752910928e+02 8.000000000000000000e+00 1.000000000000000000e+01
1.750014052769057855e+02 8.000000000000000000e+00 6.000000000000000000e+00
1.760013890457958325e+02 8.000000000000000000e+00 4.000000000000000000e+00
1.770014052769056718e+02 8.000000000000000000e+00 7.000000000000000000e+00
1.780010616047435690e+02 9.000000000000000000e+00 6.000000000000000000e+00
1.790014052769055581e+02 7.000000000000000000e+00 6.000000000000000000e+00
1.800014052769055013e+02 6.000000000000000000e+00 5.000000000000000000e+00
1.810002074992372911e+02 7.000000000000000000e+00 5.000000000000000000e+00
1.820014052769053876e+02 7.000000000000000000e+00 6.000000000000000000e+00
1.830002355904855165e+02 8.000000000000000000e+00 7.000000000000000000e+00
1.840014052769052739e+02 8.000000000000000000e+00 8.000000000000000000e+00
1.850014052769052171e+02 8.000000000000000000e+00 9.000000000000000000e+00
1.860014052769051602e+02 1.000000000000000000e+01 9.000000000000000000e+00
1.870014052769051034e+02 1.000000000000000000e+01 9.000000000000000000e+00
1.880014052769050465e+02 5.000000000000000000e+00 1.000000000000000000e+01
1.890002134289267701e+02 5.000000000000000000e+00 9.000000000000000000e+00
1.900014052769049329e+02 5.000000000000000000e+00 9.000000000000000000e+00
1.910010288400015952e+02 5.000000000000000000e+00 7.000000000000000000e+00
1.920009511369292170e+02 5.000000000000000000e+00 9.000000000000000000e+00
1.930014052769047623e+02 4.000000000000000000e+00 7.000000000000000000e+00
1.940014052769047055e+02 4.000000000000000000e+00 5.000000000000000000e+00
1.950014052769046486e+02 4.000000000000000000e+00 6.000000000000000000e+00
1.960014052769045918e+02 5.000000000000000000e+00 5.000000000000000000e+00
1.970001739346975853e+02 5.000000000000000000e+00 4.000000000000000000e+00
1.980014052769044781e+02 5.000000000000000000e+00 3.000000000000000000e+00
1.990014052769044213e+02 5.000000000000000000e+00 2.000000000000000000e+00
2.000005126406938984e+02 6.000000000000000000e+00 3.000000000000000000e+00
2.010014052769043076e+02 6.000000000000000000e+00 2.000000000000000000e+00
2.020014052769042507e+02 4.000000000000000000e+00 3.000000000000000000e+00
2.030002115864818677e+02 3.000000000000000000e+00 1.000000000000000000e+00
2.040014052769041371e+02 2.000000000000000000e+00 2.000000000000000000e+00
2.050002294742866127e+02 2.000000000000000000e+00 1.000000000000000000e+00
2.060008207396247997e+02 3.000000000000000000e+00 2.000000000000000000e+00
2.070005154451407634e+02 4.000000000000000000e+00 2.000000000000000000e+00
2.080012775957084443e+02 3.000000000000000000e+00 2.000000000000000000e+00
2.090014052769038528e+02 4.000000000000000000e+00 3.000000000000000000e+00
2.100014052769037960e+02 4.000000000000000000e+00 3.000000000000000000e+00
2.110000137036888077e+02 7.000000000000000000e+00 3.000000000000000000e+00
2.120014052769036823e+02 8.000000000000000000e+00 1.000000000000000000e+00
2.130014052769036255e+02 7.000000000000000000e+00 1.000000000000000000e+00
2.140000501381383913e+02 9.000000000000000000e+00 1.000000000000000000e+00
2.150000928910946811e+02 9.000000000000000000e+00 3.000000000000000000e+00
2.160014052769034549e+02 9.000000000000000000e+00 6.000000000000000000e+00
2.170000873685915224e+02 1.000000000000000000e+01 6.000000000000000000e+00
2.180014052769033412e+02 7.000000000000000000e+00 6.000000000000000000e+00
2.190014052769032844e+02 7.000000000000000000e+00 5.000000000000000000e+00
2.200014052769032276e+02 4.000000000000000000e+00 5.000000000000000000e+00
2.210014052769031707e+02 1.000000000000000000e+00 4.000000000000000000e+00
2.220014052769031139e+02 3.000000000000000000e+00 5.000000000000000000e+00
2.230014052769030570e+02 5.000000000000000000e+00 6.000000000000000000e+00
2.240014052769030002e+02 4.000000000000000000e+00 7.000000000000000000e+00
2.250014052769029433e+02 5.000000000000000000e+00 5.000000000000000000e+00
2.260014052769028865e+02 5.000000000000000000e+00 5.000000000000000000e+00
2.270003854500132832e+02 3.000000000000000000e+00 4.000000000000000000e+00
2.280014052769027728e+02 4.000000000000000000e+00 5.000000000000000000e+00
2.290014052769027160e+02 5.000000000000000000e+00 4.000000000000000000e+00
2.300014052769026591e+02 6.000000000000000000e+00 6.000000000000000000e+00
2.310010660662833857e+02 6.000000000000000000e+00 7.000000000000000000e+00
2.320014052769025454e+02 5.000000000000000000e+00 1.000000000000000000e+01
2.330014052769024886e+02 5.000000000000000000e+00 9.000000000000000000e+00
2.340007758395786936e+02 4.000000000000000000e+00 9.000000000000000000e+00
2.350014052769023749e+02 4.000000000000000000e+00 8.000000000000000000e+00
2.360014052769023181e+02 4.000000000000000000e+00 9.000000000000000000e+00
2.370014052769022612e+02 6.000000000000000000e+00 9.000000000000000000e+00
2.380014052769022044e+02 6.000000000000000000e+00 9.000000000000000000e+00
2.390014052769021475e+02 5.000000000000000000e+00 1.000000000000000000e+01
2.400014052769020907e+02 6.000000000000000000e+00 1.000000000000000000e+01
2.410014052769020338e+02 6.000000000000000000e+00 9.000000000000000000e+00
2.420014052769019770e+02 6.000000000000000000e+00 9.000000000000000000e+00
2.430008837603735401e+02 6.000000000000000000e+00 9.000000000000000000e+00
2.440014052769018633e+02 7.000000000000000000e+00 1.100000000000000000e+01
2.450014052769018065e+02 7.000000000000000000e+00 1.100000000000000000e+01
2.460014052769017496e+02 7.000000000000000000e+00 1.200000000000000000e+01
2.470009389096148595e+02 7.000000000000000000e+00 1.300000000000000000e+01
2.480004113273640201e+02 7.000000000000000000e+00 1.500000000000000000e+01
2.490014052769015791e+02 8.000000000000000000e+00 1.500000000000000000e+01
2.500014052769015223e+02 1.000000000000000000e+01 1.300000000000000000e+01
2.510014052769014654e+02 7.000000000000000000e+00 1.000000000000000000e+01
2.520014052769014086e+02 6.000000000000000000e+00 1.000000000000000000e+01
2.530014052769013517e+02 6.000000000000000000e+00 7.000000000000000000e+00
2.540014052769012949e+02 7.000000000000000000e+00 8.000000000000000000e+00
2.550014052769012380e+02 8.000000000000000000e+00 8.000000000000000000e+00
2.560000637314400933e+02 7.000000000000000000e+00 8.000000000000000000e+00
2.570014052769014370e+02 6.000000000000000000e+00 9.000000000000000000e+00
2.580014052769016644e+02 6.000000000000000000e+00 1.000000000000000000e+01
2.590014052769018917e+02 8.000000000000000000e+00 1.200000000000000000e+01
2.600014052769021191e+02 8.000000000000000000e+00 1.300000000000000000e+01
2.610014052769023465e+02 9.000000000000000000e+00 1.200000000000000000e+01
2.620014052769025739e+02 8.000000000000000000e+00 1.200000000000000000e+01
2.630014052769028012e+02 7.000000000000000000e+00 1.200000000000000000e+01
2.640014052769030286e+02 7.000000000000000000e+00 1.200000000000000000e+01
2.650014052769032560e+02 8.000000000000000000e+00 1.300000000000000000e+01
2.660005593284280963e+02 5.000000000000000000e+00 1.100000000000000000e+01
2.670014052769037107e+02 6.000000000000000000e+00 1.000000000000000000e+01
2.680014052769039381e+02 5.000000000000000000e+00 1.300000000000000000e+01
2.690014052769041655e+02 5.000000000000000000e+00 1.200000000000000000e+01
2.700014052769043928e+02 6.000000000000000000e+00 1.100000000000000000e+01
2.710014052769046202e+02 5.000000000000000000e+00 1.000000000000000000e+01
2.720014052769048476e+02 2.000000000000000000e+00 1.000000000000000000e+01
2.730014052769050750e+02 3.000000000000000000e+00 1.000000000000000000e+01
2.740014052769053023e+02 3.000000000000000000e+00 1.300000000000000000e+01
2.750014052769055297e+02 4.000000000000000000e+00 1.100000000000000000e+01
2.760014052769057571e+02 2.000000000000000000e+00 1.100000000000000000e+01
2.770014052769059845e+02 4.000000000000000000e+00 1.200000000000000000e+01
2.780010898016271312e+02 4.000000000000000000e+00 1.500000000000000000e+01
2.790014052769064392e+02 5.000000000000000000e+00 1.400000000000000000e+01
2.800014052769066666e+02 5.000000000000000000e+00 1.100000000000000000e+01
2.810013255792033533e+02 6.000000000000000000e+00 1.100000000000000000e+01
2.820014052769071213e+02 7.000000000000000000e+00 1.000000000000000000e+01
2.830014052769073487e+02 8.000000000000000000e+00 1.000000000000000000e+01
2.840014052769075761e+02 5.000000000000000000e+00 1.100000000000000000e+01
2.850014052769078035e+02 3.000000000000000000e+00 1.100000000000000000e+01
2.860006582905403434e+02 5.000000000000000000e+00 1.200000000000000000e+01
2.870014052769082582e+02 5.000000000000000000e+00 1.300000000000000000e+01
2.880009774980731549e+02 5.000000000000000000e+00 1.300000000000000000e+01
2.890005552479884727e+02 5.000000000000000000e+00 1.300000000000000000e+01
2.900012447627946131e+02 5.000000000000000000e+00 1.500000000000000000e+01
2.910011913197795366e+02 4.000000000000000000e+00 1.500000000000000000e+01
2.920014052769093951e+02 4.000000000000000000e+00 1.400000000000000000e+01
2.930014052769096224e+02 5.000000000000000000e+00 1.500000000000000000e+01
2.940014052769098498e+02 6.000000000000000000e+00 1.800000000000000000e+01
2.950002885476905021e+02 4.000000000000000000e+00 1.800000000000000000e+01
2.960007357102334140e+02 4.000000000000000000e+00 1.900000000000000000e+01
2.970014052769105319e+02 5.000000000000000000e+00 2.100000000000000000e+01
2.980014052769107593e+02 4.000000000000000000e+00 2.000000000000000000e+01
2.990014052769109867e+02 4.000000000000000000e+00 1.800000000000000000e+01
3.000014052769112141e+02 3.000000000000000000e+00 1.700000000000000000e+01
