0.000000000000000000e+00 0.000000000000000000e+00 0.000000000000000000e+00
1.000591614296069354e+00 1.000000000000000000e+00 1.000000000000000000e+00
2.000591614296070020e+00 1.000000000000000000e+00 1.000000000000000000e+00
3.000591614296070908e+00 1.000000000000000000e+00 1.000000000000000000e+00
4.000591614296071796e+00 1.000000000000000000e+00 1.000000000000000000e+00
5.000318450007378956e+00 2.000000000000000000e+00 2.000000000000000000e+00
6.000591614296064691e+00 3.000000000000000000e+00 3.000000000000000000e+00
7.000591614296061138e+00 3.000000000000000000e+00 3.000000000000000000e+00
8.000591614296057585e+00 5.000000000000000000e+00 5.000000000000000000e+00
9.000591614296054033e+00 5.000000000000000000e+00 5.000000000000000000e+00
1.000059161429605048e+01 5.000000000000000000e+00 5.000000000000000000e+00
1.100059161429604693e+01 4.000000000000000000e+00 4.000000000000000000e+00
1.200059161429604337e+01 4.000000000000000000e+00 4.000000000000000000e+00
1.300059161429603982e+01 4.000000000000000000e+00 4.000000000000000000e+00
1.400059161429603627e+01 5.000000000000000000e+00 5.000000000000000000e+00
1.500059161429603272e+01 5.000000000000000000e+00 5.000000000000000000e+00
1.600059161429603094e+01 5.000000000000000000e+00 5.000000000000000000e+00
1.700059161429604515e+01 3.000000000000000000e+00 3.000000000000000000e+00
1.800059161429605936e+01 5.000000000000000000e+00 5.000000000000000000e+00
1.900059161429607357e+01 7.000000000000000000e+00 7.000000000000000000e+00
2.000059161429608778e+01 7.000000000000000000e+00 6.000000000000000000e+00
2.100059161429610199e+01 6.000000000000000000e+00 5.000000000000000000e+00
2.200059161429611621e+01 7.000000000000000000e+00 6.000000000000000000e+00
2.300059161429613042e+01 5.000000000000000000e+00 3.000000000000000000e+00
2.400059161429614463e+01 2.000000000000000000e+00 1.000000000000000000e+00
2.500059137996780478e+01 1.000000000000000000e+00 1.000000000000000000e+00
2.600059161429617305e+01 2.000000000000000000e+00 1.000000000000000000e+00
2.700059161429618726e+01 1.000000000000000000e+00 1.000000000000000000e+00
2.800059161429620147e+01 2.000000000000000000e+00 1.000000000000000000e+00
2.900021700327367569e+01 2.000000000000000000e+00 1.000000000000000000e+00
3.000059161429622989e+01 1.000000000000000000e+00 2.000000000000000000e+00
3.100014115009165394e+01 2.000000000000000000e+00 3.000000000000000000e+00
3.200059161429625476e+01 3.000000000000000000e+00 3.000000000000000000e+00
3.300059161429626897e+01 4.000000000000000000e+00 4.000000000000000000e+00
3.400059161429628318e+01 4.000000000000000000e+00 3.000000000000000000e+00
3.500055188250797755e+01 3.000000000000000000e+00 3.000000000000000000e+00
3.600059161429631160e+01 2.000000000000000000e+00 3.000000000000000000e+00
3.700059161429632582e+01 3.000000000000000000e+00 3.000000000000000000e+00
3.800059161429634003e+01 3.000000000000000000e+00 1.000000000000000000e+00
3.900059161429635424e+01 2.000000000000000000e+00 1.000000000000000000e+00
4.000059161429636845e+01 2.000000000000000000e+00 2.000000000000000000e+00
4.100059161429638266e+01 0.000000000000000000e+00 3.000000000000000000e+00
4.200059161429639687e+01 0.000000000000000000e+00 4.000000000000000000e+00
4.300059161429641108e+01 1.000000000000000000e+00 3.000000000000000000e+00
4.400059161429642529e+01 1.000000000000000000e+00 3.000000000000000000e+00
4.500059161429643950e+01 1.000000000000000000e+00 2.000000000000000000e+00
4.600059161429645371e+01 2.000000000000000000e+00 2.000000000000000000e+00
4.700059161429646792e+01 1.000000000000000000e+00 3.000000000000000000e+00
4.800059161429648213e+01 1.000000000000000000e+00 1.000000000000000000e+00
4.900043541619083953e+01 1.000000000000000000e+00 1.000000000000000000e+00
5.000059161429651056e+01 1.000000000000000000e+00 1.000000000000000000e+00
5.100059161429652477e+01 1.000000000000000000e+00 1.000000000000000000e+00
5.200059161429653898e+01 2.000000000000000000e+00 3.000000000000000000e+00
5.300059161429655319e+01 2.000000000000000000e+00 2.000000000000000000e+00
5.400059161429656740e+01 1.000000000000000000e+00 2.000000000000000000e+00
5.500059161429658161e+01 1.000000000000000000e+00 2.000000000000000000e+00
5.600059161429659582e+01 3.000000000000000000e+00 3.000000000000000000e+00
5.700021848609739550e+01 5.000000000000000000e+00 5.000000000000000000e+00
5.800059161429662424e+01 4.000000000000000000e+00 6.000000000000000000e+00
5.900059161429663845e+01 4.000000000000000000e+00 6.000000000000000000e+00
6.000059161429665266e+01 4.000000000000000000e+00 5.000000000000000000e+00
6.100059161429666688e+01 1.000000000000000000e+00 3.000000000000000000e+00
6.200059161429668109e+01 1.000000000000000000e+00 3.000000000000000000e+00
6.300059161429669530e+01 3.000000000000000000e+00 3.000000000000000000e+00
6.400059161429670951e+01 4.000000000000000000e+00 4.000000000000000000e+00
6.500059161429665266e+01 4.000000000000000000e+00 5.000000000000000000e+00
6.600059161429659582e+01 4.000000000000000000e+00 6.000000000000000000e+00
6.700026193708082189e+01 5.000000000000000000e+00 6.000000000000000000e+00
6.800059161429648213e+01 5.000000000000000000e+00 6.000000000000000000e+00
6.900059161429642529e+01 7.000000000000000000e+00 6.000000000000000000e+00
7.000002438977338670e+01 7.000000000000000000e+00 7.000000000000000000e+00
7.100059161429631160e+01 6.000000000000000000e+00 4.000000000000000000e+00
7.200059161429625476e+01 4.000000000000000000e+00 4.000000000000000000e+00
7.300017735688459197e+01 4.000000000000000000e+00 4.000000000000000000e+00
7.400059161429614107e+01 6.000000000000000000e+00 6.000000000000000000e+00
7.500059161429608423e+01 6.000000000000000000e+00 8.000000000000000000e+00
7.600059161429602739e+01 6.000000000000000000e+00 7.000000000000000000e+00
7.700059161429597054e+01 6.000000000000000000e+00 7.000000000000000000e+00
7.800059161429591370e+01 8.000000000000000000e+00 9.000000000000000000e+00
7.900059161429585686e+01 7.000000000000000000e+00 7.000000000000000000e+00
8.000059161429580001e+01 8.000000000000000000e+00 7.000000000000000000e+00
8.100059161429574317e+01 1.000000000000000000e+01 1.000000000000000000e+01
8.200059161429568633e+01 1.000000000000000000e+01 9.000000000000000000e+00
8.300059161429562948e+01 8.000000000000000000e+00 1.000000000000000000e+01
8.400059161429557264e+01 6.000000000000000000e+00 1.100000000000000000e+01
8.500059161429551580e+01 7.000000000000000000e+00 1.000000000000000000e+01
8.600059161429545895e+01 9.000000000000000000e+00 1.200000000000000000e+01
8.700059161429540211e+01 9.000000000000000000e+00 1.200000000000000000e+01
8.800059161429534527e+01 5.000000000000000000e+00 1.200000000000000000e+01
8.900059161429528842e+01 2.000000000000000000e+00 1.200000000000000000e+01
9.000059161429523158e+01 4.000000000000000000e+00 1.500000000000000000e+01
9.100059161429517474e+01 5.000000000000000000e+00 1.400000000000000000e+01
9.200059161429511789e+01 6.000000000000000000e+00 1.500000000000000000e+01
9.300059161429506105e+01 5.000000000000000000e+00 1.300000000000000000e+01
9.400059161429500421e+01 7.000000000000000000e+00 1.200000000000000000e+01
9.500006145581343731e+01 9.000000000000000000e+00 1.300000000000000000e+01
9.600003227623192004e+01 7.000000000000000000e+00 9.000000000000000000e+00
9.700059161429483368e+01 7.000000000000000000e+00 1.000000000000000000e+01
9.800059161429477683e+01 8.000000000000000000e+00 1.200000000000000000e+01
9.900059161429471999e+01 8.000000000000000000e+00 1.200000000000000000e+01
1.000005916142946631e+02 9.000000000000000000e+00 1.200000000000000000e+01
1.010005916142946063e+02 9.000000000000000000e+00 1.000000000000000000e+01
1.020005916142945495e+02 8.000000000000000000e+00 9.000000000000000000e+00
1.030005916142944926e+02 9.000000000000000000e+00 1.000000000000000000e+01
1.040005916142944358e+02 8.000000000000000000e+00 1.000000000000000000e+01
1.050000041530201003e+02 8.000000000000000000e+00 9.000000000000000000e+00
1.060000681014754775e+02 8.000000000000000000e+00 1.200000000000000000e+01
1.070005916142942652e+02 8.000000000000000000e+00 1.100000000000000000e+01
1.080005916142942084e+02 9.000000000000000000e+00 1.100000000000000000e+01
1.090005916142941516e+02 9.000000000000000000e+00 1.100000000000000000e+01
1.100005916142940947e+02 1.100000000000000000e+01 1.200000000000000000e+01
1.110000726040581327e+02 1.000000000000000000e+01 1.100000000000000000e+01
1.120003255075584718e+02 1.000000000000000000e+01 1.200000000000000000e+01
1.130005916142939242e+02 1.200000000000000000e+01 1.400000000000000000e+01
1.140005916142938673e+02 1.500000000000000000e+01 1.400000000000000000e+01
1.150005916142938105e+02 1.500000000000000000e+01 1.300000000000000000e+01
1.160004488960994848e+02 1.700000000000000000e+01 1.300000000000000000e+01
1.170002976958307812e+02 1.500000000000000000e+01 8.000000000000000000e+00
1.180005916142936400e+02 1.300000000000000000e+01 3.000000000000000000e+00
1.190005916142935831e+02 1.100000000000000000e+01 3.000000000000000000e+00
1.200005916142935263e+02 1.000000000000000000e+01 5.000000000000000000e+00
1.210005916142934694e+02 8.000000000000000000e+00 5.000000000000000000e+00
1.220005916142934126e+02 6.000000000000000000e+00 4.000000000000000000e+00
1.230005916142933557e+02 5.000000000000000000e+00 4.000000000000000000e+00
1.240005916142932989e+02 5.000000000000000000e+00 5.000000000000000000e+00
1.250005916142932421e+02 5.000000000000000000e+00 5.000000000000000000e+00
1.260005916142931852e+02 5.000000000000000000e+00 3.000000000000000000e+00
1.270005916142931284e+02 4.000000000000000000e+00 4.000000000000000000e+00
1.280005916142930857e+02 7.000000000000000000e+00 7.000000000000000000e+00
1.290005916142930289e+02 6.000000000000000000e+00 4.000000000000000000e+00
1.300005916142929721e+02 5.000000000000000000e+00 4.000000000000000000e+00
1.310002668474568281e+02 5.000000000000000000e+00 2.000000000000000000e+00
1.320005157582981781e+02 5.000000000000000000e+00 2.000000000000000000e+00
1.330003932245553813e+02 7.000000000000000000e+00 0.000000000000000000e+00
1.340005628004342952e+02 6.000000000000000000e+00 0.000000000000000000e+00
1.350005916142926878e+02 7.000000000000000000e+00 2.000000000000000000e+00
1.360005916142926310e+02 9.000000000000000000e+00 4.000000000000000000e+00
1.370005916142925741e+02 9.000000000000000000e+00 1.000000000000000000e+00
1.380005916142925173e+02 9.000000000000000000e+00 3.000000000000000000e+00
1.390005916142924605e+02 9.000000000000000000e+00 3.000000000000000000e+00
1.400005916142924036e+02 6.000000000000000000e+00 4.000000000000000000e+00
1.410005916142923468e+02 6.000000000000000000e+00 4.000000000000000000e+00
1.420005916142922899e+02 6.000000000000000000e+00 3.000000000000000000e+00
1.430005916142922331e+02 6.000000000000000000e+00 3.000000000000000000e+00
1.440000209102942108e+02 5.000000000000000000e+00 4.000000000000000000e+00
1.450000176667466576e+02 6.000000000000000000e+00 4.000000000000000000e+00
1.460005916142920626e+02 6.000000000000000000e+00 5.000000000000000000e+00
1.470005916142920057e+02 8.000000000000000000e+00 4.000000000000000000e+00
1.480005916142919489e+02 1.100000000000000000e+01 3.000000000000000000e+00
1.490005916142918920e+02 1.300000000000000000e+01 3.000000000000000000e+00
1.500005916142918352e+02 1.400000000000000000e+01 3.000000000000000000e+00
1.510005916142917783e+02 1.500000000000000000e+01 4.000000000000000000e+00
1.520005916142917215e+02 1.500000000000000000e+01 4.000000000000000000e+00
1.530005916142916647e+02 1.400000000000000000e+01 5.000000000000000000e+00
1.540005916142916078e+02 1.300000000000000000e+01 6.000000000000000000e+00
1.550005916142915510e+02 1.500000000000000000e+01 8.000000000000000000e+00
1.560005916142914941e+02 1.400000000000000000e+01 7.000000000000000000e+00
1.570002316526892230e+02 1.300000000000000000e+01 7.000000000000000000e+00
1.580005916142913804e+02 1.400000000000000000e+01 7.000000000000000000e+00
1.590005916142913236e+02 1.400000000000000000e+01 7.000000000000000000e+00
1.600005916142912668e+02 1.100000000000000000e+01 7.000000000000000000e+00
1.610005916142912099e+02 1.000000000000000000e+01 6.000000000000000000e+00
1.620005916142911531e+02 8.000000000000000000e+00 8.000000000000000000e+00
1.630005916142910962e+02 8.000000000000000000e+00 8.000000000000000000e+00
1.640005916142910394e+02 8.000000000000000000e+00 6.000000000000000000e+00
1.650005916142909825e+02 8.000000000000000000e+00 7.000000000000000000e+00
1.660005916142909257e+02 9.000000000000000000e+00 9.000000000000000000e+00
1.670005916142908688e+02 1.100000000000000000e+01 9.000000000000000000e+00
1.680005916142908120e+02 1.300000000000000000e+01 1.000000000000000000e+01
1.690005916142907552e+02 1.300000000000000000e+01 1.100000000000000000e+01
1.700005916142906983e+02 1.200000000000000000e+01 9.000000000000000000e+00
1.710005916142906415e+02 1.100000000000000000e+01 8.000000000000000000e+00
1.720005916142905846e+02 8.000000000000000000e+00 6.000000000000000000e+00
1.730005916142905278e+02 5.000000000000000000e+00 7.000000000000000000e+00
1.740005916142904709e+02 8.000000000000000000e+00 6.000000000000000000e+00
1.750005916142904141e+02 9.000000000000000000e+00 4.000000000000000000e+00
1.760005916142903573e+02 7.000000000000000000e+00 5.000000000000000000e+00
1.770005916142903004e+02 9.000000000000000000e+00 6.000000000000000000e+00
1.780005916142902436e+02 8.000000000000000000e+00 7.000000000000000000e+00
1.790005916142901867e+02 7.000000000000000000e+00 8.000000000000000000e+00
1.800004160942875444e+02 8.000000000000000000e+00 8.000000000000000000e+00
1.810005916142900730e+02 8.000000000000000000e+00 8.000000000000000000e+00
1.820005916142900162e+02 8.000000000000000000e+00 7.000000000000000000e+00
1.830005916142899594e+02 8.000000000000000000e+00 6.000000000000000000e+00
1.840001925826653633e+02 9.000000000000000000e+00 6.000000000000000000e+00
1.850005916142898457e+02 9.000000000000000000e+00 4.000000000000000000e+00
1.860004857363284998e+02 9.000000000000000000e+00 5.000000000000000000e+00
1.870005916142897320e+02 8.000000000000000000e+00 6.000000000000000000e+00
1.880005916142896751e+02 6.000000000000000000e+00 8.000000000000000000e+00
1.890005916142896183e+02 7.000000000000000000e+00 8.000000000000000000e+00
1.900005916142895614e+02 7.000000000000000000e+00 8.000000000000000000e+00
1.910005916142895046e+02 1.000000000000000000e+01 9.000000000000000000e+00
1.920005916142894478e+02 1.000000000000000000e+01 9.000000000000000000e+00
1.930005916142893909e+02 9.000000000000000000e+00 9.000000000000000000e+00
1.940005916142893341e+02 1.000000000000000000e+01 7.000000000000000000e+00
1.950005916142892772e+02 1.200000000000000000e+01 6.000000000000000000e+00
1.960005916142892204e+02 1.300000000000000000e+01 3.000000000000000000e+00
1.970005916142891635e+02 1.300000000000000000e+01 1.000000000000000000e+00
1.980005916142891067e+02 1.300000000000000000e+01 1.000000000000000000e+00
1.990002055182236234e+02 1.300000000000000000e+01 1.000000000000000000e+00
2.000001797981978768e+02 1.000000000000000000e+01 1.000000000000000000e+00
2.010005916142889362e+02 1.000000000000000000e+01 2.000000000000000000e+00
2.020005916142888793e+02 9.000000000000000000e+00 3.000000000000000000e+00
2.030005916142888225e+02 1.000000000000000000e+01 3.000000000000000000e+00
2.040005916142887656e+02 1.000000000000000000e+01 3.000000000000000000e+00
2.050005916142887088e+02 1.000000000000000000e+01 3.000000000000000000e+00
2.060005916142886520e+02 1.000000000000000000e+01 3.000000000000000000e+00
2.070005916142885951e+02 1.000000000000000000e+01 5.000000000000000000e+00
2.080005916142885383e+02 1.000000000000000000e+01 7.000000000000000000e+00
2.090005916142884814e+02 1.300000000000000000e+01 5.000000000000000000e+00
2.100005916142884246e+02 1.200000000000000000e+01 5.000000000000000000e+00
2.110005916142883677e+02 1.200000000000000000e+01 5.000000000000000000e+00
2.120005916142883109e+02 1.400000000000000000e+01 4.000000000000000000e+00
2.130004082743950562e+02 1.500000000000000000e+01 5.000000000000000000e+00
2.140005916142881972e+02 1.400000000000000000e+01 4.000000000000000000e+00
2.150005916142881404e+02 1.600000000000000000e+01 4.000000000000000000e+00
2.160005916142880835e+02 1.600000000000000000e+01 4.000000000000000000e+00
2.170004734650233331e+02 1.400000000000000000e+01 5.000000000000000000e+00
2.180005916142879698e+02 9.000000000000000000e+00 5.000000000000000000e+00
2.190005916142879130e+02 1.000000000000000000e+01 5.000000000000000000e+00
2.200005916142878561e+02 1.200000000000000000e+01 4.000000000000000000e+00
2.210003337584860503e+02 1.100000000000000000e+01 5.000000000000000000e+00
2.220005916142877425e+02 6.000000000000000000e+00 6.000000000000000000e+00
2.230005916142876856e+02 6.000000000000000000e+00 7.000000000000000000e+00
2.240005916142876288e+02 6.000000000000000000e+00 7.000000000000000000e+00
2.250005916142875719e+02 8.000000000000000000e+00 4.000000000000000000e+00
2.260005916142875151e+02 8.000000000000000000e+00 5.000000000000000000e+00
2.270005916142874582e+02 8.000000000000000000e+00 5.000000000000000000e+00
2.280001289540155085e+02 1.000000000000000000e+01 5.000000000000000000e+00
2.290005916142873446e+02 1.000000000000000000e+01 3.000000000000000000e+00
2.300005916142872877e+02 8.000000000000000000e+00 4.000000000000000000e+00
2.310004456187872393e+02 5.000000000000000000e+00 4.000000000000000000e+00
2.320005916142871740e+02 5.000000000000000000e+00 5.000000000000000000e+00
2.330005916142871172e+02 5.000000000000000000e+00 5.000000000000000000e+00
2.340005916142870603e+02 4.000000000000000000e+00 6.000000000000000000e+00
2.350005916142870035e+02 2.000000000000000000e+00 6.000000000000000000e+00
2.360005916142869467e+02 2.000000000000000000e+00 6.000000000000000000e+00
2.370005916142868898e+02 3.000000000000000000e+00 5.000000000000000000e+00
2.380005916142868330e+02 3.000000000000000000e+00 4.000000000000000000e+00
2.390003861209859792e+02 3.000000000000000000e+00 5.000000000000000000e+00
2.400005916142867193e+02 2.000000000000000000e+00 5.000000000000000000e+00
2.410005916142866624e+02 3.000000000000000000e+00 6.000000000000000000e+00
2.420005916142866056e+02 3.000000000000000000e+00 6.000000000000000000e+00
2.430001438753850493e+02 5.000000000000000000e+00 7.000000000000000000e+00
2.440005916142864919e+02 7.000000000000000000e+00 6.000000000000000000e+00
2.450005916142864351e+02 7.000000000000000000e+00 6.000000000000000000e+00
2.460005916142863782e+02 9.000000000000000000e+00 8.000000000000000000e+00
2.470005916142863214e+02 7.000000000000000000e+00 6.000000000000000000e+00
2.480005916142862645e+02 8.000000000000000000e+00 6.000000000000000000e+00
2.490003250324659803e+02 8.000000000000000000e+00 8.000000000000000000e+00
2.500005916142861508e+02 9.000000000000000000e+00 8.000000000000000000e+00
2.510005916142860940e+02 9.000000000000000000e+00 8.000000000000000000e+00
2.520002113197857057e+02 1.000000000000000000e+01 9.000000000000000000e+00
2.530005916142859803e+02 1.000000000000000000e+01 8.000000000000000000e+00
2.540005916142859235e+02 1.000000000000000000e+01 9.000000000000000000e+00
2.550005916142858666e+02 1.100000000000000000e+01 1.000000000000000000e+01
2.560005916142858382e+02 1.000000000000000000e+01 1.000000000000000000e+01
2.570005916142860656e+02 1.100000000000000000e+01 6.000000000000000000e+00
2.580005916142862930e+02 1.200000000000000000e+01 6.000000000000000000e+00
2.590005916142865203e+02 1.200000000000000000e+01 6.000000000000000000e+00
2.600005916142867477e+02 1.100000000000000000e+01 5.000000000000000000e+00
2.610005916142869751e+02 1.100000000000000000e+01 6.000000000000000000e+00
2.620005916142872024e+02 9.000000000000000000e+00 7.000000000000000000e+00
2.630005916142874298e+02 1.000000000000000000e+01 5.000000000000000000e+00
2.640005916142876572e+02 9.000000000000000000e+00 6.000000000000000000e+00
2.650005916142878846e+02 8.000000000000000000e+00 5.000000000000000000e+00
2.660005916142881119e+02 8.000000000000000000e+00 8.000000000000000000e+00
2.670005916142883393e+02 9.000000000000000000e+00 9.000000000000000000e+00
2.680000742610510542e+02 6.000000000000000000e+00 9.000000000000000000e+00
2.690005916142887941e+02 7.000000000000000000e+00 1.000000000000000000e+01
2.700005916142890214e+02 6.000000000000000000e+00 1.000000000000000000e+01
2.710005916142892488e+02 6.000000000000000000e+00 8.000000000000000000e+00
2.720005916142894762e+02 7.000000000000000000e+00 6.000000000000000000e+00
2.730005916142897036e+02 7.000000000000000000e+00 7.000000000000000000e+00
2.740005281604077823e+02 8.000000000000000000e+00 7.000000000000000000e+00
2.750005916142901583e+02 6.000000000000000000e+00 5.000000000000000000e+00
2.760005916142903857e+02 6.000000000000000000e+00 6.000000000000000000e+00
2.770000943245577218e+02 7.000000000000000000e+00 5.000000000000000000e+00
2.780005916142908404e+02 6.000000000000000000e+00 5.000000000000000000e+00
2.790005916142910678e+02 6.000000000000000000e+00 7.000000000000000000e+00
2.800005916142912952e+02 6.000000000000000000e+00 5.000000000000000000e+00
2.810005916142915225e+02 5.000000000000000000e+00 5.000000000000000000e+00
2.820005916142917499e+02 5.000000000000000000e+00 5.000000000000000000e+00
2.830005916142919773e+02 4.000000000000000000e+00 5.000000000000000000e+00
2.840005916142922047e+02 4.000000000000000000e+00 5.000000000000000000e+00
2.850005916142924320e+02 5.000000000000000000e+00 5.000000000000000000e+00
2.860005916142926594e+02 6.000000000000000000e+00 5.000000000000000000e+00
2.870005916142928868e+02 8.000000000000000000e+00 5.000000000000000000e+00
2.880005916142931142e+02 9.000000000000000000e+00 5.000000000000000000e+00
2.890004847498664162e+02 1.000000000000000000e+01 5.000000000000000000e+00
2.900005916142935689e+02 9.000000000000000000e+00 5.000000000000000000e+00
2.910005916142937963e+02 9.000000000000000000e+00 5.000000000000000000e+00
2.920005916142940237e+02 9.000000000000000000e+00 7.000000000000000000e+00
2.930005916142942510e+02 1.000000000000000000e+01 9.000000000000000000e+00
2.940005916142944784e+02 7.000000000000000000e+00 9.000000000000000000e+00
2.950005916142947058e+02 7.000000000000000000e+00 9.000000000000000000e+00
2.960005916142949332e+02 7.000000000000000000e+00 9.000000000000000000e+00
2.970005916142951605e+02 7.000000000000000000e+00 1.000000000000000000e+01
2.980005916142953879e+02 6.000000000000000000e+00 1.100000000000000000e+01
2.990005916142956153e+02 7.000000000000000000e+00 1.000000000000000000e+01
3.000005916142958426e+02 8.000000000000000000e+00 1.000000000000000000e+01
