0.000000000000000000e+00 0.000000000000000000e+00 0.000000000000000000e+00
1.000175318646525646e+00 0.000000000000000000e+00 0.000000000000000000e+00
2.000175318646526534e+00 1.000000000000000000e+00 1.000000000000000000e+00
3.000175318646527423e+00 1.000000000000000000e+00 1.000000000000000000e+00
4.000175318646528311e+00 2.000000000000000000e+00 2.000000000000000000e+00
5.000175318646524758e+00 3.000000000000000000e+00 3.000000000000000000e+00
6.000175318646521205e+00 5.000000000000000000e+00 5.000000000000000000e+00
7.000175318646517653e+00 6.000000000000000000e+00 6.000000000000000000e+00
8.000175318646514100e+00 5.000000000000000000e+00 5.000000000000000000e+00
9.000175318646510547e+00 5.000000000000000000e+00 5.000000000000000000e+00
1.000017531864650699e+01 4.000000000000000000e+00 4.000000000000000000e+00
1.100017531864650344e+01 4.000000000000000000e+00 4.000000000000000000e+00
1.200017531864649989e+01 5.000000000000000000e+00 5.000000000000000000e+00
1.300017531864649634e+01 4.000000000000000000e+00 4.000000000000000000e+00
1.400017531864649278e+01 7.000000000000000000e+00 7.000000000000000000e+00
1.500017531864648923e+01 5.000000000000000000e+00 5.000000000000000000e+00
1.600017531864648745e+01 6.000000000000000000e+00 6.000000000000000000e+00
1.700017531864650167e+01 5.000000000000000000e+00 5.000000000000000000e+00
1.800017531864651588e+01 5.000000000000000000e+00 5.000000000000000000e+00
1.900017531864653009e+01 5.000000000000000000e+00 5.000000000000000000e+00
2.000017531864654430e+01 4.000000000000000000e+00 4.000000000000000000e+00
2.100017531864655851e+01 4.000000000000000000e+00 4.000000000000000000e+00
2.200017531864657272e+01 4.000000000000000000e+00 4.000000000000000000e+00
2.300017531864658693e+01 3.000000000000000000e+00 3.000000000000000000e+00
2.400017531864660114e+01 3.000000000000000000e+00 3.000000000000000000e+00
2.500017531864661535e+01 2.000000000000000000e+00 2.000000000000000000e+00
2.600017531864662956e+01 2.000000000000000000e+00 2.000000000000000000e+00
2.700017531864664377e+01 1.000000000000000000e+00 1.000000000000000000e+00
2.800017531864665798e+01 1.000000000000000000e+00 2.000000000000000000e+00
2.900017531864667220e+01 1.000000000000000000e+00 2.000000000000000000e+00
3.000011390123733435e+01 1.000000000000000000e+00 2.000000000000000000e+00
3.100017531864670062e+01 3.000000000000000000e+00 4.000000000000000000e+00
3.200017531864671128e+01 2.000000000000000000e+00 5.000000000000000000e+00
3.300017531864672549e+01 4.000000000000000000e+00 6.000000000000000000e+00
3.400017531864673970e+01 3.000000000000000000e+00 4.000000000000000000e+00
3.500017531864675391e+01 3.000000000000000000e+00 4.000000000000000000e+00
3.600017531864676812e+01 2.000000000000000000e+00 5.000000000000000000e+00
3.700017531864678233e+01 2.000000000000000000e+00 5.000000000000000000e+00
3.800017531864679654e+01 2.000000000000000000e+00 4.000000000000000000e+00
3.900017531864681075e+01 3.000000000000000000e+00 5.000000000000000000e+00
4.000017531864682496e+01 3.000000000000000000e+00 6.000000000000000000e+00
4.100017531864683917e+01 2.000000000000000000e+00 6.000000000000000000e+00
4.200017531864685338e+01 3.000000000000000000e+00 6.000000000000000000e+00
4.300017531864686759e+01 4.000000000000000000e+00 7.000000000000000000e+00
4.400017531864688181e+01 4.000000000000000000e+00 7.000000000000000000e+00
4.500017531864689602e+01 5.000000000000000000e+00 8.000000000000000000e+00
4.600017531864691023e+01 5.000000000000000000e+00 5.000000000000000000e+00
4.700017531864692444e+01 6.000000000000000000e+00 6.000000000000000000e+00
4.800017531864693865e+01 5.000000000000000000e+00 6.000000000000000000e+00
4.900012165630969463e+01 5.000000000000000000e+00 6.000000000000000000e+00
5.000017531864696707e+01 5.000000000000000000e+00 5.000000000000000000e+00
5.100017531864698128e+01 6.000000000000000000e+00 6.000000000000000000e+00
5.200017531864699549e+01 9.000000000000000000e+00 7.000000000000000000e+00
5.300017531864700970e+01 8.000000000000000000e+00 6.000000000000000000e+00
5.400017531864702391e+01 5.000000000000000000e+00 6.000000000000000000e+00
5.500017531864703813e+01 5.000000000000000000e+00 4.000000000000000000e+00
5.600017531864705234e+01 4.000000000000000000e+00 4.000000000000000000e+00
5.700017531864706655e+01 4.000000000000000000e+00 2.000000000000000000e+00
5.800017531864708076e+01 4.000000000000000000e+00 3.000000000000000000e+00
5.900017531864709497e+01 4.000000000000000000e+00 3.000000000000000000e+00
6.000017531864710918e+01 5.000000000000000000e+00 3.000000000000000000e+00
6.100017531864712339e+01 5.000000000000000000e+00 3.000000000000000000e+00
6.200017531864713760e+01 6.000000000000000000e+00 4.000000000000000000e+00
6.300017531864715181e+01 7.000000000000000000e+00 5.000000000000000000e+00
6.400017531864716602e+01 6.000000000000000000e+00 6.000000000000000000e+00
6.500017531864710918e+01 5.000000000000000000e+00 6.000000000000000000e+00
6.600017531864705234e+01 6.000000000000000000e+00 9.000000000000000000e+00
6.700017531864699549e+01 6.000000000000000000e+00 8.000000000000000000e+00
6.800017531864693865e+01 7.000000000000000000e+00 8.000000000000000000e+00
6.900017531864688181e+01 7.000000000000000000e+00 8.000000000000000000e+00
7.000017531864682496e+01 5.000000000000000000e+00 9.000000000000000000e+00
7.100017531864676812e+01 5.000000000000000000e+00 9.000000000000000000e+00
7.200017531864671128e+01 5.000000000000000000e+00 8.000000000000000000e+00
7.300017531864665443e+01 6.000000000000000000e+00 6.000000000000000000e+00
7.400017531864659759e+01 6.000000000000000000e+00 4.000000000000000000e+00
7.500017531864654075e+01 7.000000000000000000e+00 4.000000000000000000e+00
7.600017531864648390e+01 7.000000000000000000e+00 4.000000000000000000e+00
7.700017531864642706e+01 8.000000000000000000e+00 5.000000000000000000e+00
7.800017531864637021e+01 1.000000000000000000e+01 6.000000000000000000e+00
7.900017531864631337e+01 1.000000000000000000e+01 5.000000000000000000e+00
8.000017531864625653e+01 1.000000000000000000e+01 5.000000000000000000e+00
8.100017531864619968e+01 9.000000000000000000e+00 5.000000000000000000e+00
8.200017531864614284e+01 1.000000000000000000e+01 6.000000000000000000e+00
8.300017531864608600e+01 1.000000000000000000e+01 6.000000000000000000e+00
8.400017531864602915e+01 1.100000000000000000e+01 7.000000000000000000e+00
8.500017531864597231e+01 1.200000000000000000e+01 7.000000000000000000e+00
8.600017531864591547e+01 1.200000000000000000e+01 7.000000000000000000e+00
8.700017531864585862e+01 1.100000000000000000e+01 8.000000000000000000e+00
8.800017531864580178e+01 1.100000000000000000e+01 1.000000000000000000e+01
8.900017531864574494e+01 1.300000000000000000e+01 1.100000000000000000e+01
9.000017531864568809e+01 1.100000000000000000e+01 9.000000000000000000e+00
9.100001258172656549e+01 1.000000000000000000e+01 9.000000000000000000e+00
9.200017531864557441e+01 1.400000000000000000e+01 8.000000000000000000e+00
9.300017531864551756e+01 1.200000000000000000e+01 9.000000000000000000e+00
9.400017531864546072e+01 1.200000000000000000e+01 9.000000000000000000e+00
9.500017531864540388e+01 1.200000000000000000e+01 8.000000000000000000e+00
9.600017531864534703e+01 1.100000000000000000e+01 1.000000000000000000e+01
9.700017531864529019e+01 1.200000000000000000e+01 9.000000000000000000e+00
9.800017531864523335e+01 1.300000000000000000e+01 9.000000000000000000e+00
9.900017531864517650e+01 1.400000000000000000e+01 9.000000000000000000e+00
1.000001753186451197e+02 1.500000000000000000e+01 1.000000000000000000e+01
1.010001753186450628e+02 1.400000000000000000e+01 9.000000000000000000e+00
1.020001753186450060e+02 1.500000000000000000e+01 9.000000000000000000e+00
1.030001753186449491e+02 1.500000000000000000e+01 9.000000000000000000e+00
1.040001753186448923e+02 1.600000000000000000e+01 9.000000000000000000e+00
1.050001753186448354e+02 1.700000000000000000e+01 1.000000000000000000e+01
1.060001753186447786e+02 1.800000000000000000e+01 1.100000000000000000e+01
1.070001753186447218e+02 1.700000000000000000e+01 9.000000000000000000e+00
1.080001753186446649e+02 1.800000000000000000e+01 9.000000000000000000e+00
1.090001753186446081e+02 1.800000000000000000e+01 1.000000000000000000e+01
1.100001753186445512e+02 1.700000000000000000e+01 9.000000000000000000e+00
1.110001753186444944e+02 1.800000000000000000e+01 1.000000000000000000e+01
1.120001753186444375e+02 2.000000000000000000e+01 1.300000000000000000e+01
1.130001753186443807e+02 2.100000000000000000e+01 1.200000000000000000e+01
1.140001753186443239e+02 2.000000000000000000e+01 1.200000000000000000e+01
1.150001753186442670e+02 2.200000000000000000e+01 1.300000000000000000e+01
1.160001753186442102e+02 2.300000000000000000e+01 1.400000000000000000e+01
1.170001753186441533e+02 2.300000000000000000e+01 1.700000000000000000e+01
1.180001753186440965e+02 2.100000000000000000e+01 1.700000000000000000e+01
1.190001753186440396e+02 1.900000000000000000e+01 1.700000000000000000e+01
1.200001753186439828e+02 1.900000000000000000e+01 1.800000000000000000e+01
1.210001753186439259e+02 1.900000000000000000e+01 1.800000000000000000e+01
1.220001753186438691e+02 1.800000000000000000e+01 1.900000000000000000e+01
1.230001753186438123e+02 1.900000000000000000e+01 2.000000000000000000e+01
1.240001753186437554e+02 2.100000000000000000e+01 1.700000000000000000e+01
1.250001753186436986e+02 1.900000000000000000e+01 1.700000000000000000e+01
1.260001753186436417e+02 2.000000000000000000e+01 1.300000000000000000e+01
1.270001089488283412e+02 2.200000000000000000e+01 1.200000000000000000e+01
1.280001753186435280e+02 2.400000000000000000e+01 1.100000000000000000e+01
1.290001753186434712e+02 2.100000000000000000e+01 1.000000000000000000e+01
1.300000341012550678e+02 2.000000000000000000e+01 9.000000000000000000e+00
1.310001753186433575e+02 1.700000000000000000e+01 9.000000000000000000e+00
1.320001753186433007e+02 1.000000000000000000e+01 1.000000000000000000e+01
1.330001753186432438e+02 1.000000000000000000e+01 1.000000000000000000e+01
1.340001753186431870e+02 9.000000000000000000e+00 1.000000000000000000e+01
1.350001753186431301e+02 1.200000000000000000e+01 1.100000000000000000e+01
1.360001753186430733e+02 1.000000000000000000e+01 1.100000000000000000e+01
1.370001753186430165e+02 1.100000000000000000e+01 1.200000000000000000e+01
1.380001753186429596e+02 8.000000000000000000e+00 1.500000000000000000e+01
1.390001753186429028e+02 9.000000000000000000e+00 1.700000000000000000e+01
1.400001753186428459e+02 5.000000000000000000e+00 1.600000000000000000e+01
1.410001753186427891e+02 4.000000000000000000e+00 1.600000000000000000e+01
1.420001753186427322e+02 4.000000000000000000e+00 1.700000000000000000e+01
1.430001753186426754e+02 3.000000000000000000e+00 1.900000000000000000e+01
1.440001753186426185e+02 3.000000000000000000e+00 1.900000000000000000e+01
1.450001741926959369e+02 4.000000000000000000e+00 2.000000000000000000e+01
1.460001753186425049e+02 3.000000000000000000e+00 1.700000000000000000e+01
1.470001753186424480e+02 3.000000000000000000e+00 1.500000000000000000e+01
1.480001753186423912e+02 3.000000000000000000e+00 1.300000000000000000e+01
1.490001753186423343e+02 4.000000000000000000e+00 1.400000000000000000e+01
1.500001753186422775e+02 4.000000000000000000e+00 1.200000000000000000e+01
1.510001753186422206e+02 5.000000000000000000e+00 1.300000000000000000e+01
1.520001753186421638e+02 5.000000000000000000e+00 1.200000000000000000e+01
1.530001753186421070e+02 6.000000000000000000e+00 1.300000000000000000e+01
1.540001753186420501e+02 6.000000000000000000e+00 1.200000000000000000e+01
1.550001753186419933e+02 6.000000000000000000e+00 1.400000000000000000e+01
1.560001753186419364e+02 7.000000000000000000e+00 1.300000000000000000e+01
1.570001753186418796e+02 1.000000000000000000e+01 1.100000000000000000e+01
1.580001753186418227e+02 1.100000000000000000e+01 1.400000000000000000e+01
1.590001753186417659e+02 1.100000000000000000e+01 1.500000000000000000e+01
1.600001753186417091e+02 1.100000000000000000e+01 1.000000000000000000e+01
1.610001753186416522e+02 1.300000000000000000e+01 1.000000000000000000e+01
1.620001753186415954e+02 1.300000000000000000e+01 4.000000000000000000e+00
1.630001753186415385e+02 1.500000000000000000e+01 2.000000000000000000e+00
1.640001753186414817e+02 1.500000000000000000e+01 0.000000000000000000e+00
1.650001753186414248e+02 1.600000000000000000e+01 2.000000000000000000e+00
1.660001753186413680e+02 1.600000000000000000e+01 1.000000000000000000e+00
1.670001753186413112e+02 1.600000000000000000e+01 2.000000000000000000e+00
1.680001753186412543e+02 1.500000000000000000e+01 2.000000000000000000e+00
1.690001753186411975e+02 1.200000000000000000e+01 2.000000000000000000e+00
1.700001753186411406e+02 1.100000000000000000e+01 3.000000000000000000e+00
1.710001753186410838e+02 9.000000000000000000e+00 3.000000000000000000e+00
1.720001753186410269e+02 9.000000000000000000e+00 3.000000000000000000e+00
1.730001753186409701e+02 9.000000000000000000e+00 3.000000000000000000e+00
1.740001753186409132e+02 9.000000000000000000e+00 4.000000000000000000e+00
1.750001753186408564e+02 9.000000000000000000e+00 4.000000000000000000e+00
1.760001753186407996e+02 1.000000000000000000e+01 4.000000000000000000e+00
1.770001753186407427e+02 1.000000000000000000e+01 5.000000000000000000e+00
1.780001753186406859e+02 7.000000000000000000e+00 5.000000000000000000e+00
1.790001753186406290e+02 7.000000000000000000e+00 5.000000000000000000e+00
1.800001753186405722e+02 8.000000000000000000e+00 5.000000000000000000e+00
1.810001753186405153e+02 7.000000000000000000e+00 6.000000000000000000e+00
1.820001753186404585e+02 7.000000000000000000e+00 7.000000000000000000e+00
1.830001753186404017e+02 6.000000000000000000e+00 5.000000000000000000e+00
1.840001753186403448e+02 6.000000000000000000e+00 7.000000000000000000e+00
1.850001753186402880e+02 7.000000000000000000e+00 8.000000000000000000e+00
1.860001753186402311e+02 7.000000000000000000e+00 8.000000000000000000e+00
1.870001753186401743e+02 7.000000000000000000e+00 8.000000000000000000e+00
1.880001753186401174e+02 8.000000000000000000e+00 9.000000000000000000e+00
1.890001753186400606e+02 9.000000000000000000e+00 1.000000000000000000e+01
1.900001753186400038e+02 1.000000000000000000e+01 1.200000000000000000e+01
1.910001753186399469e+02 9.000000000000000000e+00 1.200000000000000000e+01
1.920001753186398901e+02 9.000000000000000000e+00 1.200000000000000000e+01
1.930001753186398332e+02 9.000000000000000000e+00 1.300000000000000000e+01
1.940001753186397764e+02 1.100000000000000000e+01 1.300000000000000000e+01
1.950001753186397195e+02 1.000000000000000000e+01 1.400000000000000000e+01
1.960001753186396627e+02 1.000000000000000000e+01 1.600000000000000000e+01
1.970001753186396058e+02 1.000000000000000000e+01 1.700000000000000000e+01
1.980001753186395490e+02 1.100000000000000000e+01 1.500000000000000000e+01
1.990001504075935372e+02 1.200000000000000000e+01 1.300000000000000000e+01
2.000001753186394353e+02 1.300000000000000000e+01 1.300000000000000000e+01
2.010001753186393785e+02 1.300000000000000000e+01 1.300000000000000000e+01
2.020001753186393216e+02 1.300000000000000000e+01 1.400000000000000000e+01
2.030001753186392648e+02 1.400000000000000000e+01 1.600000000000000000e+01
2.040001753186392079e+02 1.100000000000000000e+01 1.700000000000000000e+01
2.050001753186391511e+02 1.100000000000000000e+01 1.600000000000000000e+01
2.060001753186390943e+02 1.000000000000000000e+01 2.000000000000000000e+01
2.070001753186390374e+02 1.000000000000000000e+01 1.900000000000000000e+01
2.080001753186389806e+02 8.000000000000000000e+00 1.800000000000000000e+01
2.090001753186389237e+02 8.000000000000000000e+00 1.600000000000000000e+01
2.100000150194780986e+02 8.000000000000000000e+00 1.600000000000000000e+01
2.110001753186388100e+02 8.000000000000000000e+00 1.400000000000000000e+01
2.120001753186387532e+02 1.000000000000000000e+01 1.300000000000000000e+01
2.130001753186386964e+02 9.000000000000000000e+00 1.300000000000000000e+01
2.140001753186386395e+02 1.100000000000000000e+01 9.000000000000000000e+00
2.150001753186385827e+02 1.400000000000000000e+01 6.000000000000000000e+00
2.160001753186385258e+02 1.400000000000000000e+01 1.100000000000000000e+01
2.170001753186384690e+02 1.400000000000000000e+01 1.000000000000000000e+01
2.180001753186384121e+02 1.500000000000000000e+01 1.000000000000000000e+01
2.190001753186383553e+02 1.400000000000000000e+01 1.100000000000000000e+01
2.200001753186382984e+02 1.300000000000000000e+01 1.200000000000000000e+01
2.210001753186382416e+02 1.400000000000000000e+01 1.300000000000000000e+01
2.220001753186381848e+02 1.300000000000000000e+01 1.300000000000000000e+01
2.230001753186381279e+02 1.200000000000000000e+01 1.300000000000000000e+01
2.240001753186380711e+02 7.000000000000000000e+00 1.300000000000000000e+01
2.250001753186380142e+02 6.000000000000000000e+00 1.400000000000000000e+01
2.260001753186379574e+02 9.000000000000000000e+00 1.400000000000000000e+01
2.270001753186379005e+02 9.000000000000000000e+00 1.400000000000000000e+01
2.280001753186378437e+02 1.100000000000000000e+01 1.500000000000000000e+01
2.290001753186377869e+02 1.400000000000000000e+01 1.400000000000000000e+01
2.300001753186377300e+02 1.300000000000000000e+01 1.500000000000000000e+01
2.310001753186376732e+02 1.300000000000000000e+01 1.700000000000000000e+01
2.320001753186376163e+02 1.300000000000000000e+01 1.700000000000000000e+01
2.330001753186375595e+02 1.200000000000000000e+01 1.800000000000000000e+01
2.340000782088667961e+02 1.100000000000000000e+01 1.900000000000000000e+01
2.350001753186374458e+02 1.000000000000000000e+01 2.000000000000000000e+01
2.360001753186373890e+02 1.000000000000000000e+01 2.100000000000000000e+01
2.370001753186373321e+02 1.000000000000000000e+01 2.100000000000000000e+01
2.380001753186372753e+02 7.000000000000000000e+00 2.200000000000000000e+01
2.390001753186372184e+02 7.000000000000000000e+00 2.200000000000000000e+01
2.400001617598532846e+02 7.000000000000000000e+00 2.100000000000000000e+01
2.410001753186371047e+02 8.000000000000000000e+00 2.000000000000000000e+01
2.420001753186370479e+02 9.000000000000000000e+00 1.700000000000000000e+01
2.430001753186369911e+02 6.000000000000000000e+00 1.500000000000000000e+01
2.440001753186369342e+02 5.000000000000000000e+00 1.400000000000000000e+01
2.450000986033973902e+02 5.000000000000000000e+00 1.300000000000000000e+01
2.460001753186368205e+02 4.000000000000000000e+00 1.300000000000000000e+01
2.470001753186367637e+02 3.000000000000000000e+00 1.300000000000000000e+01
2.480001753186367068e+02 3.000000000000000000e+00 1.300000000000000000e+01
2.490001753186366500e+02 3.000000000000000000e+00 9.000000000000000000e+00
2.500001753186365931e+02 3.000000000000000000e+00 1.000000000000000000e+01
2.510001753186365363e+02 3.000000000000000000e+00 9.000000000000000000e+00
2.520001753186364795e+02 4.000000000000000000e+00 8.000000000000000000e+00
2.530001753186364226e+02 5.000000000000000000e+00 8.000000000000000000e+00
2.540001753186363658e+02 5.000000000000000000e+00 1.000000000000000000e+01
2.550001753186363089e+02 6.000000000000000000e+00 8.000000000000000000e+00
2.560001753186362521e+02 6.000000000000000000e+00 8.000000000000000000e+00
2.570001753186364795e+02 6.000000000000000000e+00 7.000000000000000000e+00
2.580001753186367068e+02 7.000000000000000000e+00 9.000000000000000000e+00
2.590001753186369342e+02 7.000000000000000000e+00 8.000000000000000000e+00
2.600001753186371616e+02 6.000000000000000000e+00 8.000000000000000000e+00
2.610001753186373890e+02 7.000000000000000000e+00 8.000000000000000000e+00
2.620001753186376163e+02 9.000000000000000000e+00 1.100000000000000000e+01
2.630001753186378437e+02 9.000000000000000000e+00 1.000000000000000000e+01
2.640001753186380711e+02 9.000000000000000000e+00 1.100000000000000000e+01
2.650001753186382984e+02 6.000000000000000000e+00 1.100000000000000000e+01
2.660001753186385258e+02 7.000000000000000000e+00 1.200000000000000000e+01
2.670001753186387532e+02 7.000000000000000000e+00 1.400000000000000000e+01
2.680001753186389806e+02 7.000000000000000000e+00 1.600000000000000000e+01
2.690001753186392079e+02 3.000000000000000000e+00 1.500000000000000000e+01
2.700001753186394353e+02 2.000000000000000000e+00 1.400000000000000000e+01
2.710001753186396627e+02 2.000000000000000000e+00 1.300000000000000000e+01
2.720001753186398901e+02 1.000000000000000000e+00 1.200000000000000000e+01
2.730001753186401174e+02 2.000000000000000000e+00 1.200000000000000000e+01
2.740001753186403448e+02 2.000000000000000000e+00 1.300000000000000000e+01
2.750001753186405722e+02 2.000000000000000000e+00 1.500000000000000000e+01
2.760001753186407996e+02 2.000000000000000000e+00 1.200000000000000000e+01
2.770001753186410269e+02 2.000000000000000000e+00 1.100000000000000000e+01
2.780001753186412543e+02 2.000000000000000000e+00 1.200000000000000000e+01
2.790001753186414817e+02 3.000000000000000000e+00 1.000000000000000000e+01
2.800001753186417091e+02 1.000000000000000000e+00 1.100000000000000000e+01
2.810001753186419364e+02 0.000000000000000000e+00 8.000000000000000000e+00
2.820001753186421638e+02 0.000000000000000000e+00 9.000000000000000000e+00
2.830001753186423912e+02 2.000000000000000000e+00 9.000000000000000000e+00
2.840001753186426185e+02 0.000000000000000000e+00 9.000000000000000000e+00
2.850001753186428459e+02 1.000000000000000000e+00 9.000000000000000000e+00
2.860001753186430733e+02 0.000000000000000000e+00 8.000000000000000000e+00
2.870001753186433007e+02 0.000000000000000000e+00 6.000000000000000000e+00
2.880001753186435280e+02 2.000000000000000000e+00 7.000000000000000000e+00
2.890001753186437554e+02 2.000000000000000000e+00 6.000000000000000000e+00
2.900001753186439828e+02 3.000000000000000000e+00 7.000000000000000000e+00
2.910001753186442102e+02 4.000000000000000000e+00 6.000000000000000000e+00
2.920001753186444375e+02 4.000000000000000000e+00 6.000000000000000000e+00
2.930001753186446649e+02 4.000000000000000000e+00 7.000000000000000000e+00
2.940001753186448923e+02 4.000000000000000000e+00 7.000000000000000000e+00
2.950001753186451197e+02 6.000000000000000000e+00 8.000000000000000000e+00
2.960001753186453470e+02 5.000000000000000000e+00 9.000000000000000000e+00
2.970001753186455744e+02 5.000000000000000000e+00 9.000000000000000000e+00
2.980001753186458018e+02 6.000000000000000000e+00 1.000000000000000000e+01
2.990001753186460292e+02 6.000000000000000000e+00 1.000000000000000000e+01
3.000001753186462565e+02 6.000000000000000000e+00 9.000000000000000000e+00
