0.000000000000000000e+00 0.000000000000000000e+00 0.000000000000000000e+00
1.000816254395875626e+00 1.000000000000000000e+00 1.000000000000000000e+00
2.000283540610029664e+00 4.000000000000000000e+00 4.000000000000000000e+00
3.000816254395877181e+00 4.000000000000000000e+00 4.000000000000000000e+00
4.000816254395878069e+00 4.000000000000000000e+00 4.000000000000000000e+00
5.000816254395874516e+00 4.000000000000000000e+00 4.000000000000000000e+00
6.000304149016424837e+00 6.000000000000000000e+00 6.000000000000000000e+00
7.000816254395867411e+00 7.000000000000000000e+00 7.000000000000000000e+00
8.000816254395864746e+00 7.000000000000000000e+00 7.000000000000000000e+00
9.000816254395861193e+00 7.000000000000000000e+00 7.000000000000000000e+00
1.000081625439585764e+01 7.000000000000000000e+00 7.000000000000000000e+00
1.100081625439585409e+01 8.000000000000000000e+00 8.000000000000000000e+00
1.200081625439585054e+01 8.000000000000000000e+00 8.000000000000000000e+00
1.300081625439584698e+01 7.000000000000000000e+00 7.000000000000000000e+00
1.400081625439584343e+01 8.000000000000000000e+00 8.000000000000000000e+00
1.500081625439583988e+01 7.000000000000000000e+00 7.000000000000000000e+00
1.600081625439583632e+01 8.000000000000000000e+00 8.000000000000000000e+00
1.700081625439585054e+01 1.000000000000000000e+01 1.000000000000000000e+01
1.800081625439586475e+01 1.100000000000000000e+01 1.200000000000000000e+01
1.900081625439587896e+01 1.100000000000000000e+01 1.200000000000000000e+01
2.000081625439589317e+01 1.300000000000000000e+01 1.200000000000000000e+01
2.100081625439590738e+01 1.200000000000000000e+01 8.000000000000000000e+00
2.200079165277080406e+01 1.400000000000000000e+01 8.000000000000000000e+00
2.300081625439593580e+01 1.400000000000000000e+01 6.000000000000000000e+00
2.400081625439595001e+01 1.300000000000000000e+01 7.000000000000000000e+00
2.500052230446706147e+01 1.200000000000000000e+01 6.000000000000000000e+00
2.600081625439597843e+01 1.200000000000000000e+01 7.000000000000000000e+00
2.700081625439599264e+01 1.200000000000000000e+01 6.000000000000000000e+00
2.800081625439600685e+01 1.200000000000000000e+01 7.000000000000000000e+00
2.900081625439602107e+01 1.300000000000000000e+01 8.000000000000000000e+00
3.000081625439603528e+01 1.200000000000000000e+01 7.000000000000000000e+00
3.100078141516987884e+01 1.000000000000000000e+01 7.000000000000000000e+00
3.200081625439606370e+01 1.000000000000000000e+01 8.000000000000000000e+00
3.300081625439607791e+01 1.000000000000000000e+01 8.000000000000000000e+00
3.400081625439609212e+01 1.100000000000000000e+01 1.000000000000000000e+01
3.500027191438589824e+01 1.000000000000000000e+01 9.000000000000000000e+00
3.600081625439612054e+01 1.100000000000000000e+01 1.100000000000000000e+01
3.700081625439613475e+01 1.000000000000000000e+01 8.000000000000000000e+00
3.800081625439614896e+01 6.000000000000000000e+00 2.000000000000000000e+00
3.900081625439616317e+01 7.000000000000000000e+00 2.000000000000000000e+00
4.000081625439617738e+01 6.000000000000000000e+00 1.000000000000000000e+00
4.100081625439619160e+01 4.000000000000000000e+00 2.000000000000000000e+00
4.200077040941481243e+01 6.000000000000000000e+00 4.000000000000000000e+00
4.300081625439622002e+01 7.000000000000000000e+00 2.000000000000000000e+00
4.400081625439623423e+01 8.000000000000000000e+00 2.000000000000000000e+00
4.500081625439624844e+01 8.000000000000000000e+00 2.000000000000000000e+00
4.600081625439626265e+01 9.000000000000000000e+00 2.000000000000000000e+00
4.700081625439627686e+01 1.100000000000000000e+01 3.000000000000000000e+00
4.800081625439629107e+01 1.000000000000000000e+01 5.000000000000000000e+00
4.900081625439630528e+01 1.000000000000000000e+01 3.000000000000000000e+00
5.000081625439631949e+01 8.000000000000000000e+00 3.000000000000000000e+00
5.100081625439633370e+01 6.000000000000000000e+00 2.000000000000000000e+00
5.200081625439634792e+01 5.000000000000000000e+00 4.000000000000000000e+00
5.300081625439636213e+01 1.000000000000000000e+00 2.000000000000000000e+00
5.400081625439637634e+01 1.000000000000000000e+00 2.000000000000000000e+00
5.500081625439639055e+01 1.000000000000000000e+00 2.000000000000000000e+00
5.600081625439640476e+01 2.000000000000000000e+00 2.000000000000000000e+00
5.700081625439641897e+01 2.000000000000000000e+00 2.000000000000000000e+00
5.800057933741206995e+01 0.000000000000000000e+00 2.000000000000000000e+00
5.900053615434528353e+01 0.000000000000000000e+00 2.000000000000000000e+00
6.000081625439646160e+01 1.000000000000000000e+00 4.000000000000000000e+00
6.100081625439647581e+01 2.000000000000000000e+00 5.000000000000000000e+00
6.200081625439649002e+01 2.000000000000000000e+00 7.000000000000000000e+00
6.300081625439650423e+01 1.000000000000000000e+00 7.000000000000000000e+00
6.400070887170738843e+01 1.000000000000000000e+00 8.000000000000000000e+00
6.500081625439645450e+01 1.000000000000000000e+00 9.000000000000000000e+00
6.600081625439639765e+01 2.000000000000000000e+00 1.000000000000000000e+01
6.700081625439634081e+01 2.000000000000000000e+00 1.000000000000000000e+01
6.800081625439628397e+01 2.000000000000000000e+00 1.000000000000000000e+01
6.900081625439622712e+01 4.000000000000000000e+00 1.000000000000000000e+01
7.000081625439617028e+01 4.000000000000000000e+00 1.000000000000000000e+01
7.100034609859916657e+01 4.000000000000000000e+00 1.000000000000000000e+01
7.200081625439605659e+01 3.000000000000000000e+00 1.000000000000000000e+01
7.300081625439599975e+01 3.000000000000000000e+00 1.000000000000000000e+01
7.400081625439594291e+01 3.000000000000000000e+00 1.000000000000000000e+01
7.500081625439588606e+01 3.000000000000000000e+00 1.000000000000000000e+01
7.600081625439582922e+01 2.000000000000000000e+00 8.000000000000000000e+00
7.700081625439577238e+01 2.000000000000000000e+00 7.000000000000000000e+00
7.800081625439571553e+01 2.000000000000000000e+00 5.000000000000000000e+00
7.900081625439565869e+01 2.000000000000000000e+00 6.000000000000000000e+00
8.000081625439560185e+01 3.000000000000000000e+00 6.000000000000000000e+00
8.100081625439554500e+01 3.000000000000000000e+00 8.000000000000000000e+00
8.200022228495133447e+01 5.000000000000000000e+00 9.000000000000000000e+00
8.300081625439543132e+01 3.000000000000000000e+00 8.000000000000000000e+00
8.400081625439537447e+01 3.000000000000000000e+00 8.000000000000000000e+00
8.500081625439531763e+01 3.000000000000000000e+00 8.000000000000000000e+00
8.600081625439526078e+01 3.000000000000000000e+00 8.000000000000000000e+00
8.700081625439520394e+01 3.000000000000000000e+00 9.000000000000000000e+00
8.800032138943906546e+01 2.000000000000000000e+00 9.000000000000000000e+00
8.900028789951450392e+01 3.000000000000000000e+00 1.000000000000000000e+01
9.000081625439503341e+01 2.000000000000000000e+00 1.000000000000000000e+01
9.100081625439497657e+01 1.000000000000000000e+00 1.000000000000000000e+01
9.200081625439491972e+01 3.000000000000000000e+00 1.100000000000000000e+01
9.300081625439486288e+01 4.000000000000000000e+00 1.200000000000000000e+01
9.400081625439480604e+01 4.000000000000000000e+00 1.500000000000000000e+01
9.500026858436527277e+01 5.000000000000000000e+00 1.400000000000000000e+01
9.600081625439469235e+01 5.000000000000000000e+00 1.100000000000000000e+01
9.700081625439463551e+01 5.000000000000000000e+00 8.000000000000000000e+00
9.800081625439457866e+01 5.000000000000000000e+00 6.000000000000000000e+00
9.900007497446758009e+01 4.000000000000000000e+00 5.000000000000000000e+00
1.000000998561720422e+02 4.000000000000000000e+00 5.000000000000000000e+00
1.010007501523441960e+02 4.000000000000000000e+00 5.000000000000000000e+00
1.020008162543943513e+02 5.000000000000000000e+00 7.000000000000000000e+00
1.030008162543942944e+02 6.000000000000000000e+00 8.000000000000000000e+00
1.040008162543942376e+02 7.000000000000000000e+00 7.000000000000000000e+00
1.050008162543941808e+02 9.000000000000000000e+00 8.000000000000000000e+00
1.060008162543941239e+02 1.000000000000000000e+01 1.000000000000000000e+01
1.070008162543940671e+02 1.000000000000000000e+01 9.000000000000000000e+00
1.080005288570797291e+02 8.000000000000000000e+00 8.000000000000000000e+00
1.090008162543939534e+02 8.000000000000000000e+00 8.000000000000000000e+00
1.100008162543938965e+02 1.000000000000000000e+01 1.100000000000000000e+01
1.110008162543938397e+02 1.300000000000000000e+01 1.200000000000000000e+01
1.120008162543937829e+02 1.200000000000000000e+01 1.100000000000000000e+01
1.130008162543937260e+02 1.200000000000000000e+01 1.300000000000000000e+01
1.140008162543936692e+02 1.100000000000000000e+01 1.200000000000000000e+01
1.150008162543936123e+02 1.100000000000000000e+01 1.300000000000000000e+01
1.160006400245754463e+02 1.100000000000000000e+01 1.500000000000000000e+01
1.170006584992914753e+02 1.000000000000000000e+01 1.600000000000000000e+01
1.180008162543934418e+02 1.400000000000000000e+01 1.700000000000000000e+01
1.190008162543933850e+02 1.200000000000000000e+01 1.700000000000000000e+01
1.200008162543933281e+02 1.200000000000000000e+01 1.700000000000000000e+01
1.210008162543932713e+02 1.100000000000000000e+01 1.900000000000000000e+01
1.220008162543932144e+02 1.200000000000000000e+01 1.900000000000000000e+01
1.230008162543931576e+02 1.000000000000000000e+01 1.900000000000000000e+01
1.240008162543931007e+02 1.000000000000000000e+01 1.900000000000000000e+01
1.250008162543930439e+02 1.200000000000000000e+01 2.100000000000000000e+01
1.260008162543929870e+02 1.300000000000000000e+01 2.300000000000000000e+01
1.270008162543929302e+02 1.300000000000000000e+01 2.300000000000000000e+01
1.280008162543928734e+02 1.300000000000000000e+01 2.400000000000000000e+01
1.290008162543928165e+02 1.400000000000000000e+01 2.400000000000000000e+01
1.300008162543927597e+02 1.600000000000000000e+01 2.500000000000000000e+01
1.310008162543927028e+02 1.700000000000000000e+01 2.700000000000000000e+01
1.320008162543926460e+02 1.900000000000000000e+01 2.800000000000000000e+01
1.330007439085901808e+02 2.100000000000000000e+01 3.000000000000000000e+01
1.340008162543925323e+02 2.100000000000000000e+01 3.000000000000000000e+01
1.350007274582991954e+02 2.300000000000000000e+01 3.100000000000000000e+01
1.360008162543924186e+02 2.200000000000000000e+01 3.100000000000000000e+01
1.370008162543923618e+02 2.300000000000000000e+01 3.200000000000000000e+01
1.380008162543923049e+02 2.400000000000000000e+01 3.200000000000000000e+01
1.390008162543922481e+02 2.300000000000000000e+01 3.300000000000000000e+01
1.400008162543921912e+02 2.200000000000000000e+01 3.300000000000000000e+01
1.410008162543921344e+02 2.000000000000000000e+01 3.300000000000000000e+01
1.420008162543920776e+02 2.100000000000000000e+01 3.300000000000000000e+01
1.430008162543920207e+02 2.000000000000000000e+01 3.300000000000000000e+01
1.440008162543919639e+02 2.000000000000000000e+01 3.200000000000000000e+01
1.450002467039047076e+02 2.100000000000000000e+01 3.300000000000000000e+01
1.460008162543918502e+02 2.000000000000000000e+01 3.200000000000000000e+01
1.470008162543917933e+02 1.800000000000000000e+01 3.000000000000000000e+01
1.480008162543917365e+02 1.400000000000000000e+01 2.800000000000000000e+01
1.490008162543916796e+02 1.400000000000000000e+01 2.800000000000000000e+01
1.500000665371425441e+02 1.500000000000000000e+01 3.000000000000000000e+01
1.510008162543915660e+02 1.600000000000000000e+01 3.100000000000000000e+01
1.520004775478310535e+02 1.900000000000000000e+01 3.400000000000000000e+01
1.530008162543914523e+02 1.800000000000000000e+01 3.400000000000000000e+01
1.540005621889236238e+02 1.900000000000000000e+01 3.500000000000000000e+01
1.550008162543913386e+02 1.900000000000000000e+01 3.200000000000000000e+01
1.560008162543912817e+02 2.000000000000000000e+01 3.000000000000000000e+01
1.570008162543912249e+02 2.100000000000000000e+01 2.900000000000000000e+01
1.580008162543911681e+02 2.300000000000000000e+01 3.100000000000000000e+01
1.590008162543911112e+02 2.300000000000000000e+01 3.100000000000000000e+01
1.600008162543910544e+02 2.200000000000000000e+01 3.100000000000000000e+01
1.610005037004147255e+02 2.300000000000000000e+01 3.100000000000000000e+01
1.620008162543909407e+02 2.400000000000000000e+01 3.000000000000000000e+01
1.630008162543908838e+02 2.500000000000000000e+01 3.200000000000000000e+01
1.640008162543908270e+02 2.600000000000000000e+01 3.200000000000000000e+01
1.650003747032444039e+02 2.700000000000000000e+01 2.600000000000000000e+01
1.660008162543907133e+02 3.000000000000000000e+01 2.800000000000000000e+01
1.670008162543906565e+02 3.000000000000000000e+01 2.800000000000000000e+01
1.680008162543905996e+02 3.000000000000000000e+01 2.700000000000000000e+01
1.690008162543905428e+02 3.000000000000000000e+01 2.500000000000000000e+01
1.700008162543904859e+02 3.000000000000000000e+01 2.600000000000000000e+01
1.710005380809611779e+02 3.100000000000000000e+01 2.500000000000000000e+01
1.720007907461663592e+02 3.100000000000000000e+01 2.400000000000000000e+01
1.730008162543903154e+02 3.100000000000000000e+01 2.300000000000000000e+01
1.740008162543902586e+02 3.200000000000000000e+01 2.300000000000000000e+01
1.750008162543902017e+02 3.200000000000000000e+01 2.400000000000000000e+01
1.760008162543901449e+02 3.200000000000000000e+01 2.100000000000000000e+01
1.770008162543900880e+02 3.200000000000000000e+01 2.000000000000000000e+01
1.780008162543900312e+02 3.200000000000000000e+01 2.100000000000000000e+01
1.790008162543899743e+02 3.200000000000000000e+01 2.200000000000000000e+01
1.800005495852284980e+02 3.200000000000000000e+01 2.200000000000000000e+01
1.810008162543898607e+02 3.200000000000000000e+01 2.300000000000000000e+01
1.820005655620301752e+02 3.200000000000000000e+01 2.100000000000000000e+01
1.830008162543897470e+02 3.200000000000000000e+01 2.200000000000000000e+01
1.840008162543896901e+02 3.000000000000000000e+01 2.200000000000000000e+01
1.850008162543896333e+02 2.900000000000000000e+01 2.300000000000000000e+01
1.860008162543895764e+02 2.900000000000000000e+01 2.500000000000000000e+01
1.870004024728600029e+02 2.600000000000000000e+01 2.700000000000000000e+01
1.880008162543894628e+02 2.600000000000000000e+01 2.700000000000000000e+01
1.890008162543894059e+02 2.500000000000000000e+01 2.300000000000000000e+01
1.900000233703482877e+02 2.400000000000000000e+01 1.900000000000000000e+01
1.910008162543892922e+02 2.600000000000000000e+01 1.800000000000000000e+01
1.920008162543892354e+02 2.600000000000000000e+01 1.600000000000000000e+01
1.930002004267700499e+02 2.500000000000000000e+01 1.300000000000000000e+01
1.940008162543891217e+02 2.400000000000000000e+01 1.300000000000000000e+01
1.950006271870939543e+02 2.500000000000000000e+01 1.300000000000000000e+01
1.960008162543890080e+02 2.700000000000000000e+01 1.300000000000000000e+01
1.970008162543889512e+02 2.600000000000000000e+01 1.300000000000000000e+01
1.980008162543888943e+02 2.400000000000000000e+01 1.400000000000000000e+01
1.990000968550769187e+02 2.100000000000000000e+01 1.400000000000000000e+01
2.000003575082496354e+02 1.900000000000000000e+01 1.700000000000000000e+01
2.010007913934899193e+02 2.100000000000000000e+01 2.100000000000000000e+01
2.020008162543886669e+02 2.000000000000000000e+01 2.100000000000000000e+01
2.030007196727314920e+02 2.300000000000000000e+01 2.200000000000000000e+01
2.040008162543885533e+02 2.100000000000000000e+01 2.200000000000000000e+01
2.050008162543884964e+02 2.100000000000000000e+01 2.500000000000000000e+01
2.060008028619238303e+02 2.100000000000000000e+01 2.200000000000000000e+01
2.070008162543883827e+02 2.000000000000000000e+01 2.100000000000000000e+01
2.080008162543883259e+02 1.900000000000000000e+01 2.100000000000000000e+01
2.090008162543882690e+02 2.000000000000000000e+01 1.900000000000000000e+01
2.100008162543882122e+02 2.000000000000000000e+01 1.800000000000000000e+01
2.110008162543881554e+02 2.000000000000000000e+01 1.800000000000000000e+01
2.120008162543880985e+02 2.000000000000000000e+01 1.800000000000000000e+01
2.130008162543880417e+02 2.100000000000000000e+01 1.800000000000000000e+01
2.140008162543879848e+02 2.100000000000000000e+01 2.000000000000000000e+01
2.150008162543879280e+02 2.000000000000000000e+01 1.900000000000000000e+01
2.160008162543878711e+02 2.000000000000000000e+01 1.900000000000000000e+01
2.170008070573431098e+02 2.100000000000000000e+01 1.900000000000000000e+01
2.180008162543877575e+02 2.100000000000000000e+01 1.900000000000000000e+01
2.190008162543877006e+02 2.200000000000000000e+01 2.000000000000000000e+01
2.200008162543876438e+02 2.300000000000000000e+01 2.000000000000000000e+01
2.210008162543875869e+02 2.400000000000000000e+01 2.100000000000000000e+01
2.220008162543875301e+02 2.400000000000000000e+01 2.000000000000000000e+01
2.230008162543874732e+02 2.500000000000000000e+01 2.100000000000000000e+01
2.240005013614917573e+02 2.400000000000000000e+01 2.100000000000000000e+01
2.250008162543873595e+02 2.500000000000000000e+01 2.100000000000000000e+01
2.260008162543873027e+02 2.500000000000000000e+01 2.400000000000000000e+01
2.270008162543872459e+02 2.400000000000000000e+01 2.400000000000000000e+01
2.280008162543871890e+02 2.500000000000000000e+01 2.400000000000000000e+01
2.290008162543871322e+02 2.700000000000000000e+01 2.000000000000000000e+01
2.300008162543870753e+02 2.600000000000000000e+01 1.800000000000000000e+01
2.310008162543870185e+02 2.900000000000000000e+01 1.700000000000000000e+01
2.320008162543869616e+02 2.900000000000000000e+01 1.900000000000000000e+01
2.330008162543869048e+02 3.100000000000000000e+01 1.400000000000000000e+01
2.340008162543868480e+02 3.100000000000000000e+01 1.200000000000000000e+01
2.350008162543867911e+02 3.100000000000000000e+01 8.000000000000000000e+00
2.360008162543867343e+02 3.200000000000000000e+01 1.000000000000000000e+01
2.370008162543866774e+02 3.400000000000000000e+01 9.000000000000000000e+00
2.380000527419651064e+02 3.400000000000000000e+01 9.000000000000000000e+00
2.390008162543865637e+02 3.400000000000000000e+01 8.000000000000000000e+00
2.400008162543865069e+02 3.400000000000000000e+01 1.000000000000000000e+01
2.410008162543864501e+02 3.600000000000000000e+01 1.000000000000000000e+01
2.420008162543863932e+02 3.600000000000000000e+01 1.100000000000000000e+01
2.430008162543863364e+02 3.600000000000000000e+01 1.100000000000000000e+01
2.440008162543862795e+02 3.600000000000000000e+01 1.200000000000000000e+01
2.450003426199861565e+02 3.700000000000000000e+01 1.100000000000000000e+01
2.460008162543861658e+02 3.600000000000000000e+01 9.000000000000000000e+00
2.470000789654007178e+02 3.500000000000000000e+01 9.000000000000000000e+00
2.480008162543860522e+02 3.100000000000000000e+01 9.000000000000000000e+00
2.490008162543859953e+02 2.800000000000000000e+01 1.000000000000000000e+01
2.500008162543859385e+02 2.700000000000000000e+01 1.000000000000000000e+01
2.510008162543858816e+02 2.700000000000000000e+01 1.000000000000000000e+01
2.520008162543858248e+02 2.600000000000000000e+01 9.000000000000000000e+00
2.530008162543857679e+02 2.500000000000000000e+01 9.000000000000000000e+00
2.540002707871003338e+02 2.500000000000000000e+01 1.000000000000000000e+01
2.550008162543856542e+02 2.400000000000000000e+01 9.000000000000000000e+00
2.560008162543855974e+02 2.300000000000000000e+01 8.000000000000000000e+00
2.570008162543858248e+02 2.000000000000000000e+01 8.000000000000000000e+00
2.580008162543860522e+02 1.900000000000000000e+01 9.000000000000000000e+00
2.590008162543862795e+02 2.000000000000000000e+01 9.000000000000000000e+00
2.600008162543865069e+02 1.800000000000000000e+01 9.000000000000000000e+00
2.610008162543867343e+02 1.500000000000000000e+01 8.000000000000000000e+00
2.620007293274666722e+02 1.600000000000000000e+01 8.000000000000000000e+00
2.630008162543871890e+02 1.600000000000000000e+01 1.000000000000000000e+01
2.640008162543874164e+02 1.600000000000000000e+01 9.000000000000000000e+00
2.650007161213885638e+02 1.500000000000000000e+01 1.200000000000000000e+01
2.660007288754188153e+02 1.600000000000000000e+01 1.100000000000000000e+01
2.670008162543880985e+02 1.700000000000000000e+01 1.300000000000000000e+01
2.680008162543883259e+02 1.700000000000000000e+01 1.200000000000000000e+01
2.690008162543885533e+02 2.000000000000000000e+01 1.300000000000000000e+01
2.700008162543887806e+02 2.000000000000000000e+01 1.300000000000000000e+01
2.710008162543890080e+02 2.000000000000000000e+01 1.300000000000000000e+01
2.720008162543892354e+02 2.000000000000000000e+01 1.300000000000000000e+01
2.730008162543894628e+02 2.100000000000000000e+01 1.200000000000000000e+01
2.740005964440456978e+02 2.000000000000000000e+01 1.200000000000000000e+01
2.750008162543899175e+02 2.200000000000000000e+01 1.200000000000000000e+01
2.760008162543901449e+02 2.300000000000000000e+01 1.300000000000000000e+01
2.770008162543903723e+02 2.300000000000000000e+01 1.100000000000000000e+01
2.780008162543905996e+02 2.300000000000000000e+01 1.100000000000000000e+01
2.790008162543908270e+02 2.300000000000000000e+01 1.100000000000000000e+01
2.800008162543910544e+02 2.400000000000000000e+01 1.300000000000000000e+01
2.810008162543912817e+02 2.500000000000000000e+01 1.100000000000000000e+01
2.820008162543915091e+02 2.600000000000000000e+01 1.200000000000000000e+01
2.830008162543917365e+02 2.100000000000000000e+01 1.200000000000000000e+01
2.840008162543919639e+02 2.000000000000000000e+01 1.200000000000000000e+01
2.850008162543921912e+02 1.900000000000000000e+01 1.200000000000000000e+01
2.860008162543924186e+02 1.900000000000000000e+01 1.100000000000000000e+01
2.870008162543926460e+02 2.000000000000000000e+01 7.000000000000000000e+00
2.880008162543928734e+02 2.100000000000000000e+01 6.000000000000000000e+00
2.890008162543931007e+02 2.100000000000000000e+01 9.000000000000000000e+00
2.900008162543933281e+02 2.100000000000000000e+01 7.000000000000000000e+00
2.910008162543935555e+02 2.300000000000000000e+01 7.000000000000000000e+00
2.920008162543937829e+02 2.500000000000000000e+01 9.000000000000000000e+00
2.930008162543940102e+02 2.500000000000000000e+01 6.000000000000000000e+00
2.940008162543942376e+02 2.500000000000000000e+01 6.000000000000000000e+00
2.950008162543944650e+02 2.600000000000000000e+01 6.000000000000000000e+00
2.960008162543946924e+02 2.700000000000000000e+01 7.000000000000000000e+00
2.970008162543949197e+02 2.800000000000000000e+01 6.000000000000000000e+00
2.980008162543951471e+02 2.800000000000000000e+01 6.000000000000000000e+00
2.990008162543953745e+02 2.800000000000000000e+01 7.000000000000000000e+00
3.000008162543956018e+02 2.800000000000000000e+01 8.000000000000000000e+00
