0.000000000000000000e+00 0.000000000000000000e+00 0.000000000000000000e+00
1.000006319459123993e+00 1.000000000000000000e+00 1.000000000000000000e+00
2.000006319459124882e+00 3.000000000000000000e+00 3.000000000000000000e+00
3.000006319459125770e+00 3.000000000000000000e+00 3.000000000000000000e+00
4.000006319459126658e+00 5.000000000000000000e+00 5.000000000000000000e+00
5.000006319459123105e+00 7.000000000000000000e+00 7.000000000000000000e+00
6.000006319459119553e+00 8.000000000000000000e+00 8.000000000000000000e+00
7.000006319459116000e+00 1.100000000000000000e+01 1.100000000000000000e+01
8.000006319459112447e+00 1.000000000000000000e+01 1.000000000000000000e+01
9.000006319459108894e+00 1.100000000000000000e+01 1.100000000000000000e+01
1.000000631945910534e+01 1.100000000000000000e+01 1.100000000000000000e+01
1.100000631945910179e+01 1.100000000000000000e+01 1.100000000000000000e+01
1.200000631945909824e+01 1.300000000000000000e+01 1.300000000000000000e+01
1.300000631945909468e+01 1.300000000000000000e+01 1.300000000000000000e+01
1.400000631945909113e+01 1.300000000000000000e+01 1.300000000000000000e+01
1.500000631945908758e+01 1.200000000000000000e+01 1.200000000000000000e+01
1.600000631945908580e+01 1.100000000000000000e+01 1.100000000000000000e+01
1.700000631945910001e+01 1.000000000000000000e+01 1.000000000000000000e+01
1.800000631945911422e+01 1.000000000000000000e+01 1.000000000000000000e+01
1.900000631945912843e+01 6.000000000000000000e+00 6.000000000000000000e+00
2.000000631945914265e+01 6.000000000000000000e+00 6.000000000000000000e+00
2.100000631945915686e+01 5.000000000000000000e+00 5.000000000000000000e+00
2.200000631945917107e+01 6.000000000000000000e+00 6.000000000000000000e+00
2.300000631945918528e+01 5.000000000000000000e+00 4.000000000000000000e+00
2.400000631945919949e+01 6.000000000000000000e+00 4.000000000000000000e+00
2.500000631945921370e+01 8.000000000000000000e+00 6.000000000000000000e+00
2.600000631945922791e+01 8.000000000000000000e+00 6.000000000000000000e+00
2.700000631945924212e+01 8.000000000000000000e+00 6.000000000000000000e+00
2.800000631945925633e+01 9.000000000000000000e+00 7.000000000000000000e+00
2.900000631945927054e+01 8.000000000000000000e+00 4.000000000000000000e+00
3.000000631945928475e+01 9.000000000000000000e+00 3.000000000000000000e+00
3.100000631945929896e+01 7.000000000000000000e+00 1.000000000000000000e+00
3.200000631945930962e+01 6.000000000000000000e+00 1.000000000000000000e+00
3.300000631945932383e+01 8.000000000000000000e+00 3.000000000000000000e+00
3.400000631945933804e+01 9.000000000000000000e+00 3.000000000000000000e+00
3.500000631945935226e+01 9.000000000000000000e+00 2.000000000000000000e+00
3.600000631945936647e+01 9.000000000000000000e+00 2.000000000000000000e+00
3.700000631945938068e+01 9.000000000000000000e+00 2.000000000000000000e+00
3.800000631945939489e+01 9.000000000000000000e+00 2.000000000000000000e+00
3.900000631945940910e+01 9.000000000000000000e+00 2.000000000000000000e+00
4.000000631945942331e+01 9.000000000000000000e+00 3.000000000000000000e+00
4.100000631945943752e+01 1.000000000000000000e+01 4.000000000000000000e+00
4.200000631945945173e+01 7.000000000000000000e+00 4.000000000000000000e+00
4.300000631945946594e+01 5.000000000000000000e+00 4.000000000000000000e+00
4.400000631945948015e+01 5.000000000000000000e+00 2.000000000000000000e+00
4.500000631945949436e+01 4.000000000000000000e+00 3.000000000000000000e+00
4.600000631945950857e+01 5.000000000000000000e+00 4.000000000000000000e+00
4.700000631945952279e+01 5.000000000000000000e+00 4.000000000000000000e+00
4.800000631945953700e+01 5.000000000000000000e+00 3.000000000000000000e+00
4.900000631945955121e+01 7.000000000000000000e+00 5.000000000000000000e+00
5.000000631945956542e+01 9.000000000000000000e+00 7.000000000000000000e+00
5.100000631945957963e+01 1.000000000000000000e+01 8.000000000000000000e+00
5.200000631945959384e+01 1.100000000000000000e+01 9.000000000000000000e+00
5.300000631945960805e+01 1.000000000000000000e+01 9.000000000000000000e+00
5.400000631945962226e+01 1.000000000000000000e+01 9.000000000000000000e+00
5.500000631945963647e+01 1.000000000000000000e+01 8.000000000000000000e+00
5.600000631945965068e+01 1.000000000000000000e+01 9.000000000000000000e+00
5.700000631945966489e+01 1.200000000000000000e+01 1.100000000000000000e+01
5.800000631945967910e+01 1.200000000000000000e+01 1.000000000000000000e+01
5.900000631945969332e+01 1.300000000000000000e+01 1.100000000000000000e+01
6.000000631945970753e+01 1.400000000000000000e+01 1.100000000000000000e+01
6.100000631945972174e+01 1.600000000000000000e+01 1.100000000000000000e+01
6.200000631945973595e+01 1.700000000000000000e+01 1.200000000000000000e+01
6.300000631945975016e+01 1.600000000000000000e+01 1.200000000000000000e+01
6.400000631945975726e+01 1.500000000000000000e+01 1.300000000000000000e+01
6.500000631945970042e+01 1.500000000000000000e+01 1.500000000000000000e+01
6.600000631945964358e+01 1.300000000000000000e+01 1.500000000000000000e+01
6.700000631945958673e+01 1.300000000000000000e+01 1.300000000000000000e+01
6.800000631945952989e+01 1.300000000000000000e+01 1.000000000000000000e+01
6.900000631945947305e+01 1.400000000000000000e+01 1.100000000000000000e+01
7.000000631945941620e+01 1.200000000000000000e+01 9.000000000000000000e+00
7.100000631945935936e+01 1.100000000000000000e+01 1.000000000000000000e+01
7.200000631945930252e+01 1.100000000000000000e+01 1.000000000000000000e+01
7.300000631945924567e+01 1.200000000000000000e+01 1.100000000000000000e+01
7.400000631945918883e+01 1.200000000000000000e+01 1.000000000000000000e+01
7.500000631945913199e+01 1.200000000000000000e+01 1.000000000000000000e+01
7.600000631945907514e+01 1.300000000000000000e+01 1.100000000000000000e+01
7.700000631945901830e+01 1.400000000000000000e+01 1.200000000000000000e+01
7.800000631945896146e+01 1.400000000000000000e+01 1.200000000000000000e+01
7.900000631945890461e+01 1.600000000000000000e+01 1.300000000000000000e+01
8.000000631945884777e+01 1.600000000000000000e+01 1.400000000000000000e+01
8.100000631945879093e+01 1.600000000000000000e+01 1.500000000000000000e+01
8.200000631945873408e+01 1.500000000000000000e+01 1.400000000000000000e+01
8.300000631945867724e+01 1.300000000000000000e+01 1.500000000000000000e+01
8.400000631945862040e+01 1.200000000000000000e+01 1.500000000000000000e+01
8.500000631945856355e+01 1.100000000000000000e+01 1.500000000000000000e+01
8.600000631945850671e+01 1.200000000000000000e+01 1.500000000000000000e+01
8.700000631945844987e+01 1.200000000000000000e+01 1.400000000000000000e+01
8.800000631945839302e+01 1.200000000000000000e+01 1.100000000000000000e+01
8.900000631945833618e+01 1.300000000000000000e+01 1.000000000000000000e+01
9.000000631945827934e+01 1.300000000000000000e+01 1.000000000000000000e+01
9.100000631945822249e+01 1.300000000000000000e+01 7.000000000000000000e+00
9.200000631945816565e+01 1.400000000000000000e+01 8.000000000000000000e+00
9.300000631945810881e+01 1.500000000000000000e+01 1.000000000000000000e+01
9.400000631945805196e+01 1.600000000000000000e+01 1.000000000000000000e+01
9.500000631945799512e+01 1.700000000000000000e+01 1.000000000000000000e+01
9.600000631945793828e+01 1.500000000000000000e+01 1.000000000000000000e+01
9.700000631945788143e+01 1.600000000000000000e+01 1.100000000000000000e+01
9.800000631945782459e+01 1.700000000000000000e+01 1.200000000000000000e+01
9.900000631945776775e+01 1.900000000000000000e+01 1.500000000000000000e+01
1.000000063194577109e+02 2.000000000000000000e+01 1.600000000000000000e+01
1.010000063194576541e+02 1.900000000000000000e+01 1.700000000000000000e+01
1.020000063194575972e+02 1.800000000000000000e+01 1.800000000000000000e+01
1.030000063194575404e+02 1.900000000000000000e+01 1.800000000000000000e+01
1.040000063194574835e+02 2.000000000000000000e+01 1.800000000000000000e+01
1.050000063194574267e+02 2.000000000000000000e+01 1.800000000000000000e+01
1.060000063194573698e+02 2.100000000000000000e+01 1.900000000000000000e+01
1.070000063194573130e+02 1.700000000000000000e+01 1.900000000000000000e+01
1.080000063194572562e+02 1.600000000000000000e+01 2.000000000000000000e+01
1.090000063194571993e+02 1.100000000000000000e+01 2.100000000000000000e+01
1.100000063194571425e+02 8.000000000000000000e+00 2.200000000000000000e+01
1.110000063194570856e+02 7.000000000000000000e+00 2.100000000000000000e+01
1.120000063194570288e+02 7.000000000000000000e+00 2.200000000000000000e+01
1.130000063194569719e+02 7.000000000000000000e+00 2.200000000000000000e+01
1.140000063194569151e+02 9.000000000000000000e+00 2.100000000000000000e+01
1.150000063194568583e+02 8.000000000000000000e+00 2.100000000000000000e+01
1.160000063194568014e+02 9.000000000000000000e+00 1.900000000000000000e+01
1.170000063194567446e+02 1.000000000000000000e+01 1.800000000000000000e+01
1.180000063194566877e+02 7.000000000000000000e+00 1.700000000000000000e+01
1.190000063194566309e+02 8.000000000000000000e+00 1.600000000000000000e+01
1.200000063194565740e+02 8.000000000000000000e+00 1.400000000000000000e+01
1.210000063194565172e+02 7.000000000000000000e+00 1.100000000000000000e+01
1.220000063194564603e+02 7.000000000000000000e+00 1.000000000000000000e+01
1.230000063194564035e+02 7.000000000000000000e+00 1.000000000000000000e+01
1.240000063194563467e+02 6.000000000000000000e+00 9.000000000000000000e+00
1.250000063194562898e+02 6.000000000000000000e+00 8.000000000000000000e+00
1.260000063194562330e+02 5.000000000000000000e+00 8.000000000000000000e+00
1.270000063194561761e+02 6.000000000000000000e+00 9.000000000000000000e+00
1.280000063194561335e+02 6.000000000000000000e+00 9.000000000000000000e+00
1.290000063194560767e+02 8.000000000000000000e+00 1.000000000000000000e+01
1.300000063194560198e+02 8.000000000000000000e+00 1.100000000000000000e+01
1.310000063194559630e+02 7.000000000000000000e+00 1.100000000000000000e+01
1.320000063194559061e+02 6.000000000000000000e+00 1.100000000000000000e+01
1.330000063194558493e+02 6.000000000000000000e+00 1.100000000000000000e+01
1.340000063194557924e+02 6.000000000000000000e+00 1.100000000000000000e+01
1.350000063194557356e+02 3.000000000000000000e+00 1.100000000000000000e+01
1.360000063194556787e+02 3.000000000000000000e+00 1.200000000000000000e+01
1.370000063194556219e+02 2.000000000000000000e+00 6.000000000000000000e+00
1.380000063194555651e+02 4.000000000000000000e+00 4.000000000000000000e+00
1.390000063194555082e+02 3.000000000000000000e+00 3.000000000000000000e+00
1.400000063194554514e+02 4.000000000000000000e+00 4.000000000000000000e+00
1.410000063194553945e+02 4.000000000000000000e+00 1.000000000000000000e+00
1.420000063194553377e+02 4.000000000000000000e+00 1.000000000000000000e+00
1.430000063194552808e+02 4.000000000000000000e+00 2.000000000000000000e+00
1.440000063194552240e+02 3.000000000000000000e+00 1.000000000000000000e+00
1.450000063194551672e+02 2.000000000000000000e+00 1.000000000000000000e+00
1.460000063194551103e+02 1.000000000000000000e+00 1.000000000000000000e+00
1.470000063194550535e+02 1.000000000000000000e+00 1.000000000000000000e+00
1.480000063194549966e+02 1.000000000000000000e+00 2.000000000000000000e+00
1.490000063194549398e+02 1.000000000000000000e+00 4.000000000000000000e+00
1.500000063194548829e+02 2.000000000000000000e+00 4.000000000000000000e+00
1.510000063194548261e+02 2.000000000000000000e+00 4.000000000000000000e+00
1.520000063194547693e+02 3.000000000000000000e+00 5.000000000000000000e+00
1.530000063194547124e+02 3.000000000000000000e+00 4.000000000000000000e+00
1.540000063194546556e+02 4.000000000000000000e+00 5.000000000000000000e+00
1.550000063194545987e+02 4.000000000000000000e+00 5.000000000000000000e+00
1.560000063194545419e+02 5.000000000000000000e+00 7.000000000000000000e+00
1.570000063194544850e+02 5.000000000000000000e+00 9.000000000000000000e+00
1.580000063194544282e+02 4.000000000000000000e+00 9.000000000000000000e+00
1.590000063194543714e+02 4.000000000000000000e+00 8.000000000000000000e+00
1.600000063194543145e+02 7.000000000000000000e+00 1.000000000000000000e+01
1.610000063194542577e+02 7.000000000000000000e+00 1.100000000000000000e+01
1.620000063194542008e+02 7.000000000000000000e+00 1.100000000000000000e+01
1.630000063194541440e+02 8.000000000000000000e+00 1.400000000000000000e+01
1.640000063194540871e+02 8.000000000000000000e+00 1.300000000000000000e+01
1.650000063194540303e+02 8.000000000000000000e+00 1.300000000000000000e+01
1.660000063194539734e+02 8.000000000000000000e+00 1.200000000000000000e+01
1.670000063194539166e+02 9.000000000000000000e+00 1.000000000000000000e+01
1.680000063194538598e+02 9.000000000000000000e+00 1.100000000000000000e+01
1.690000063194538029e+02 9.000000000000000000e+00 9.000000000000000000e+00
1.700000063194537461e+02 1.000000000000000000e+01 8.000000000000000000e+00
1.710000063194536892e+02 1.000000000000000000e+01 8.000000000000000000e+00
1.720000063194536324e+02 1.000000000000000000e+01 7.000000000000000000e+00
1.730000063194535755e+02 1.000000000000000000e+01 6.000000000000000000e+00
1.740000063194535187e+02 1.000000000000000000e+01 4.000000000000000000e+00
1.750000063194534619e+02 1.000000000000000000e+01 6.000000000000000000e+00
1.760000063194534050e+02 1.000000000000000000e+01 5.000000000000000000e+00
1.770000063194533482e+02 1.000000000000000000e+01 4.000000000000000000e+00
1.780000063194532913e+02 1.100000000000000000e+01 5.000000000000000000e+00
1.790000063194532345e+02 1.400000000000000000e+01 6.000000000000000000e+00
1.800000063194531776e+02 1.500000000000000000e+01 9.000000000000000000e+00
1.810000063194531208e+02 1.500000000000000000e+01 7.000000000000000000e+00
1.820000063194530640e+02 1.700000000000000000e+01 7.000000000000000000e+00
1.830000063194530071e+02 1.800000000000000000e+01 6.000000000000000000e+00
1.840000063194529503e+02 1.800000000000000000e+01 6.000000000000000000e+00
1.850000063194528934e+02 1.800000000000000000e+01 6.000000000000000000e+00
1.860000063194528366e+02 1.600000000000000000e+01 7.000000000000000000e+00
1.870000063194527797e+02 1.600000000000000000e+01 7.000000000000000000e+00
1.880000063194527229e+02 1.600000000000000000e+01 8.000000000000000000e+00
1.890000063194526660e+02 1.500000000000000000e+01 1.100000000000000000e+01
1.900000063194526092e+02 1.500000000000000000e+01 1.000000000000000000e+01
1.910000063194525524e+02 1.600000000000000000e+01 8.000000000000000000e+00
1.920000063194524955e+02 1.600000000000000000e+01 9.000000000000000000e+00
1.930000063194524387e+02 1.600000000000000000e+01 9.000000000000000000e+00
1.940000063194523818e+02 1.500000000000000000e+01 9.000000000000000000e+00
1.950000063194523250e+02 1.500000000000000000e+01 1.000000000000000000e+01
1.960000063194522681e+02 1.700000000000000000e+01 1.100000000000000000e+01
1.970000063194522113e+02 1.600000000000000000e+01 1.100000000000000000e+01
1.980000063194521545e+02 1.600000000000000000e+01 1.100000000000000000e+01
1.990000063194520976e+02 1.300000000000000000e+01 1.200000000000000000e+01
2.000000063194520408e+02 1.000000000000000000e+01 1.400000000000000000e+01
2.010000063194519839e+02 3.000000000000000000e+00 1.400000000000000000e+01
2.020000063194519271e+02 5.000000000000000000e+00 1.400000000000000000e+01
2.030000063194518702e+02 4.000000000000000000e+00 1.300000000000000000e+01
2.040000063194518134e+02 5.000000000000000000e+00 1.100000000000000000e+01
2.050000063194517566e+02 6.000000000000000000e+00 1.000000000000000000e+01
2.060000063194516997e+02 8.000000000000000000e+00 1.200000000000000000e+01
2.070000063194516429e+02 9.000000000000000000e+00 1.300000000000000000e+01
2.080000063194515860e+02 1.000000000000000000e+01 1.300000000000000000e+01
2.090000063194515292e+02 1.100000000000000000e+01 1.500000000000000000e+01
2.100000063194514723e+02 1.300000000000000000e+01 1.700000000000000000e+01
2.110000063194514155e+02 1.200000000000000000e+01 1.800000000000000000e+01
2.120000063194513586e+02 1.200000000000000000e+01 1.800000000000000000e+01
2.130000063194513018e+02 1.300000000000000000e+01 1.800000000000000000e+01
2.140000063194512450e+02 1.400000000000000000e+01 1.800000000000000000e+01
2.150000063194511881e+02 1.500000000000000000e+01 2.000000000000000000e+01
2.160000063194511313e+02 1.500000000000000000e+01 2.100000000000000000e+01
2.170000063194510744e+02 1.500000000000000000e+01 2.200000000000000000e+01
2.180000063194510176e+02 1.600000000000000000e+01 2.200000000000000000e+01
2.190000063194509607e+02 1.600000000000000000e+01 2.200000000000000000e+01
2.200000063194509039e+02 1.600000000000000000e+01 2.000000000000000000e+01
2.210000063194508471e+02 1.500000000000000000e+01 2.000000000000000000e+01
2.220000063194507902e+02 1.500000000000000000e+01 2.000000000000000000e+01
2.230000063194507334e+02 1.600000000000000000e+01 2.000000000000000000e+01
2.240000063194506765e+02 1.600000000000000000e+01 2.100000000000000000e+01
2.250000063194506197e+02 1.500000000000000000e+01 2.100000000000000000e+01
2.260000063194505628e+02 1.500000000000000000e+01 2.200000000000000000e+01
2.270000063194505060e+02 1.500000000000000000e+01 2.300000000000000000e+01
2.280000063194504492e+02 1.000000000000000000e+01 2.300000000000000000e+01
2.290000063194503923e+02 8.000000000000000000e+00 2.200000000000000000e+01
2.300000063194503355e+02 7.000000000000000000e+00 2.000000000000000000e+01
2.310000063194502786e+02 6.000000000000000000e+00 2.100000000000000000e+01
2.320000063194502218e+02 6.000000000000000000e+00 2.200000000000000000e+01
2.330000063194501649e+02 6.000000000000000000e+00 2.200000000000000000e+01
2.340000063194501081e+02 6.000000000000000000e+00 2.200000000000000000e+01
2.350000063194500513e+02 5.000000000000000000e+00 2.200000000000000000e+01
2.360000063194499944e+02 7.000000000000000000e+00 2.100000000000000000e+01
2.370000063194499376e+02 7.000000000000000000e+00 2.300000000000000000e+01
2.380000063194498807e+02 7.000000000000000000e+00 2.100000000000000000e+01
2.390000063194498239e+02 7.000000000000000000e+00 1.900000000000000000e+01
2.400000063194497670e+02 6.000000000000000000e+00 1.900000000000000000e+01
2.410000063194497102e+02 5.000000000000000000e+00 1.900000000000000000e+01
2.420000063194496533e+02 5.000000000000000000e+00 2.000000000000000000e+01
2.430000063194495965e+02 2.000000000000000000e+00 2.200000000000000000e+01
2.440000063194495397e+02 3.000000000000000000e+00 2.200000000000000000e+01
2.450000063194494828e+02 2.000000000000000000e+00 2.200000000000000000e+01
2.460000063194494260e+02 3.000000000000000000e+00 2.300000000000000000e+01
2.470000063194493691e+02 3.000000000000000000e+00 2.400000000000000000e+01
2.480000063194493123e+02 5.000000000000000000e+00 2.200000000000000000e+01
2.490000063194492554e+02 3.000000000000000000e+00 2.100000000000000000e+01
2.500000063194491986e+02 3.000000000000000000e+00 2.200000000000000000e+01
2.510000063194491418e+02 3.000000000000000000e+00 1.700000000000000000e+01
2.520000063194490849e+02 3.000000000000000000e+00 1.600000000000000000e+01
2.530000063194490281e+02 3.000000000000000000e+00 1.200000000000000000e+01
2.540000063194489712e+02 3.000000000000000000e+00 1.200000000000000000e+01
2.550000063194489144e+02 3.000000000000000000e+00 1.200000000000000000e+01
2.560000063194488575e+02 3.000000000000000000e+00 1.200000000000000000e+01
2.570000063194490849e+02 4.000000000000000000e+00 1.300000000000000000e+01
2.580000063194493123e+02 4.000000000000000000e+00 1.300000000000000000e+01
2.590000063194495397e+02 3.000000000000000000e+00 1.300000000000000000e+01
2.600000063194497670e+02 4.000000000000000000e+00 1.300000000000000000e+01
2.610000063194499944e+02 4.000000000000000000e+00 1.300000000000000000e+01
2.620000063194502218e+02 6.000000000000000000e+00 1.500000000000000000e+01
2.630000063194504492e+02 5.000000000000000000e+00 1.600000000000000000e+01
2.640000063194506765e+02 4.000000000000000000e+00 1.700000000000000000e+01
2.650000063194509039e+02 6.000000000000000000e+00 1.700000000000000000e+01
2.660000063194511313e+02 3.000000000000000000e+00 1.700000000000000000e+01
2.670000063194513586e+02 3.000000000000000000e+00 1.600000000000000000e+01
2.680000063194515860e+02 3.000000000000000000e+00 1.700000000000000000e+01
2.690000063194518134e+02 3.000000000000000000e+00 1.700000000000000000e+01
2.700000063194520408e+02 3.000000000000000000e+00 1.300000000000000000e+01
2.710000063194522681e+02 6.000000000000000000e+00 1.100000000000000000e+01
2.720000063194524955e+02 6.000000000000000000e+00 1.000000000000000000e+01
2.730000063194527229e+02 5.000000000000000000e+00 6.000000000000000000e+00
2.740000063194529503e+02 6.000000000000000000e+00 5.000000000000000000e+00
2.750000063194531776e+02 4.000000000000000000e+00 5.000000000000000000e+00
2.760000063194534050e+02 5.000000000000000000e+00 5.000000000000000000e+00
2.770000063194536324e+02 4.000000000000000000e+00 4.000000000000000000e+00
2.780000063194538598e+02 5.000000000000000000e+00 2.000000000000000000e+00
2.790000063194540871e+02 4.000000000000000000e+00 0.000000000000000000e+00
2.800000063194543145e+02 4.000000000000000000e+00 0.000000000000000000e+00
2.810000063194545419e+02 4.000000000000000000e+00 0.000000000000000000e+00
2.820000063194547693e+02 5.000000000000000000e+00 2.000000000000000000e+00
2.830000063194549966e+02 5.000000000000000000e+00 3.000000000000000000e+00
2.840000063194552240e+02 5.000000000000000000e+00 2.000000000000000000e+00
2.850000063194554514e+02 7.000000000000000000e+00 4.000000000000000000e+00
2.860000063194556787e+02 5.000000000000000000e+00 5.000000000000000000e+00
2.870000063194559061e+02 5.000000000000000000e+00 6.000000000000000000e+00
2.880000063194561335e+02 4.000000000000000000e+00 5.000000000000000000e+00
2.890000063194563609e+02 7.000000000000000000e+00 6.000000000000000000e+00
2.900000063194565882e+02 5.000000000000000000e+00 6.000000000000000000e+00
2.910000063194568156e+02 3.000000000000000000e+00 6.000000000000000000e+00
2.920000063194570430e+02 2.000000000000000000e+00 6.000000000000000000e+00
2.930000063194572704e+02 2.000000000000000000e+00 6.000000000000000000e+00
2.940000063194574977e+02 3.000000000000000000e+00 8.000000000000000000e+00
2.950000063194577251e+02 3.000000000000000000e+00 8.000000000000000000e+00
2.960000063194579525e+02 4.000000000000000000e+00 8.000000000000000000e+00
2.970000063194581799e+02 4.000000000000000000e+00 9.000000000000000000e+00
2.980000063194584072e+02 6.000000000000000000e+00 9.000000000000000000e+00
2.990000063194586346e+02 6.000000000000000000e+00 8.000000000000000000e+00
3.000000063194588620e+02 6.000000000000000000e+00 8.000000000000000000e+00
