0.000000000000000000e+00 0.000000000000000000e+00 0.000000000000000000e+00
1.001203155285424806e+00 1.000000000000000000e+00 1.000000000000000000e+00
2.001203155285425694e+00 2.000000000000000000e+00 2.000000000000000000e+00
3.001203155285426583e+00 3.000000000000000000e+00 3.000000000000000000e+00
4.001203155285427471e+00 2.000000000000000000e+00 2.000000000000000000e+00
5.001203155285423918e+00 3.000000000000000000e+00 3.000000000000000000e+00
6.001203155285420365e+00 2.000000000000000000e+00 2.000000000000000000e+00
7.001203155285416813e+00 3.000000000000000000e+00 3.000000000000000000e+00
8.001203155285413260e+00 6.000000000000000000e+00 6.000000000000000000e+00
9.001203155285409707e+00 7.000000000000000000e+00 7.000000000000000000e+00
1.000120315528540615e+01 7.000000000000000000e+00 7.000000000000000000e+00
1.100120315528540260e+01 8.000000000000000000e+00 8.000000000000000000e+00
1.200120315528539905e+01 6.000000000000000000e+00 6.000000000000000000e+00
1.300073034120988780e+01 7.000000000000000000e+00 7.000000000000000000e+00
1.400082672146500329e+01 6.000000000000000000e+00 6.000000000000000000e+00
1.500120315528538839e+01 6.000000000000000000e+00 6.000000000000000000e+00
1.600120315528538484e+01 8.000000000000000000e+00 7.000000000000000000e+00
1.700120315528539905e+01 8.000000000000000000e+00 6.000000000000000000e+00
1.800047612926858420e+01 1.000000000000000000e+01 9.000000000000000000e+00
1.900120315528542747e+01 1.100000000000000000e+01 8.000000000000000000e+00
2.000038710286697352e+01 1.000000000000000000e+01 7.000000000000000000e+00
2.100120315528545589e+01 1.000000000000000000e+01 6.000000000000000000e+00
2.200120315528547010e+01 1.000000000000000000e+01 5.000000000000000000e+00
2.300120315528548431e+01 7.000000000000000000e+00 2.000000000000000000e+00
2.400002734898360757e+01 7.000000000000000000e+00 2.000000000000000000e+00
2.500120315528551274e+01 7.000000000000000000e+00 3.000000000000000000e+00
2.600021832614842410e+01 5.000000000000000000e+00 2.000000000000000000e+00
2.700120315528554116e+01 4.000000000000000000e+00 2.000000000000000000e+00
2.800120315528555537e+01 4.000000000000000000e+00 2.000000000000000000e+00
2.900120315528556958e+01 6.000000000000000000e+00 3.000000000000000000e+00
3.000120315528558379e+01 7.000000000000000000e+00 2.000000000000000000e+00
3.100120315528559800e+01 6.000000000000000000e+00 1.000000000000000000e+00
3.200120315528560866e+01 6.000000000000000000e+00 0.000000000000000000e+00
3.300120315528562287e+01 6.000000000000000000e+00 0.000000000000000000e+00
3.400120315528563708e+01 6.000000000000000000e+00 0.000000000000000000e+00
3.500120315528565129e+01 7.000000000000000000e+00 0.000000000000000000e+00
3.600120315528566550e+01 7.000000000000000000e+00 1.000000000000000000e+00
3.700120315528567971e+01 9.000000000000000000e+00 2.000000000000000000e+00
3.800120315528569392e+01 1.000000000000000000e+01 3.000000000000000000e+00
3.900120315528570814e+01 1.100000000000000000e+01 5.000000000000000000e+00
4.000120315528572235e+01 1.100000000000000000e+01 4.000000000000000000e+00
4.100120315528573656e+01 1.000000000000000000e+01 4.000000000000000000e+00
4.200120315528575077e+01 1.100000000000000000e+01 5.000000000000000000e+00
4.300120315528576498e+01 7.000000000000000000e+00 2.000000000000000000e+00
4.400106324553316028e+01 7.000000000000000000e+00 2.000000000000000000e+00
4.500120315528579340e+01 8.000000000000000000e+00 3.000000000000000000e+00
4.600120315528580761e+01 8.000000000000000000e+00 2.000000000000000000e+00
4.700120315528582182e+01 6.000000000000000000e+00 1.000000000000000000e+00
4.800120315528583603e+01 6.000000000000000000e+00 1.000000000000000000e+00
4.900120315528585024e+01 6.000000000000000000e+00 1.000000000000000000e+00
5.000120315528586445e+01 6.000000000000000000e+00 2.000000000000000000e+00
5.100120315528587867e+01 5.000000000000000000e+00 3.000000000000000000e+00
5.200120315528589288e+01 5.000000000000000000e+00 3.000000000000000000e+00
5.300120315528590709e+01 7.000000000000000000e+00 3.000000000000000000e+00
5.400120315528592130e+01 5.000000000000000000e+00 3.000000000000000000e+00
5.500063986527479187e+01 4.000000000000000000e+00 3.000000000000000000e+00
5.600120315528594972e+01 4.000000000000000000e+00 5.000000000000000000e+00
5.700088645081787320e+01 6.000000000000000000e+00 6.000000000000000000e+00
5.800120315528597814e+01 5.000000000000000000e+00 7.000000000000000000e+00
5.900050614382187320e+01 5.000000000000000000e+00 5.000000000000000000e+00
6.000120315528600656e+01 3.000000000000000000e+00 5.000000000000000000e+00
6.100120315528602077e+01 3.000000000000000000e+00 5.000000000000000000e+00
6.200071713570926590e+01 5.000000000000000000e+00 6.000000000000000000e+00
6.300120315528604920e+01 3.000000000000000000e+00 6.000000000000000000e+00
6.400038328493802453e+01 3.000000000000000000e+00 6.000000000000000000e+00
6.500120315528600656e+01 3.000000000000000000e+00 6.000000000000000000e+00
6.600120315528594972e+01 4.000000000000000000e+00 7.000000000000000000e+00
6.700065415162373483e+01 3.000000000000000000e+00 7.000000000000000000e+00
6.800120315528583603e+01 2.000000000000000000e+00 7.000000000000000000e+00
6.900120315528577919e+01 2.000000000000000000e+00 7.000000000000000000e+00
7.000120315528572235e+01 4.000000000000000000e+00 6.000000000000000000e+00
7.100120315528566550e+01 4.000000000000000000e+00 6.000000000000000000e+00
7.200120315528560866e+01 5.000000000000000000e+00 3.000000000000000000e+00
7.300120315528555182e+01 6.000000000000000000e+00 5.000000000000000000e+00
7.400120315528549497e+01 5.000000000000000000e+00 5.000000000000000000e+00
7.500120315528543813e+01 7.000000000000000000e+00 7.000000000000000000e+00
7.600120315528538129e+01 6.000000000000000000e+00 7.000000000000000000e+00
7.700120315528532444e+01 5.000000000000000000e+00 6.000000000000000000e+00
7.800120315528526760e+01 5.000000000000000000e+00 6.000000000000000000e+00
7.900118135364594707e+01 5.000000000000000000e+00 7.000000000000000000e+00
8.000120315528515391e+01 5.000000000000000000e+00 6.000000000000000000e+00
8.100043767728759292e+01 5.000000000000000000e+00 5.000000000000000000e+00
8.200120315528504022e+01 5.000000000000000000e+00 4.000000000000000000e+00
8.300059714128553878e+01 6.000000000000000000e+00 5.000000000000000000e+00
8.400120315528492654e+01 7.000000000000000000e+00 4.000000000000000000e+00
8.500120315528486969e+01 6.000000000000000000e+00 4.000000000000000000e+00
8.600120315528481285e+01 7.000000000000000000e+00 5.000000000000000000e+00
8.700108696331822955e+01 7.000000000000000000e+00 4.000000000000000000e+00
8.800053236522593636e+01 7.000000000000000000e+00 4.000000000000000000e+00
8.900039770075397882e+01 8.000000000000000000e+00 5.000000000000000000e+00
9.000120315528458548e+01 9.000000000000000000e+00 5.000000000000000000e+00
9.100120315528452863e+01 8.000000000000000000e+00 7.000000000000000000e+00
9.200052931913934628e+01 8.000000000000000000e+00 7.000000000000000000e+00
9.300120315528441495e+01 8.000000000000000000e+00 8.000000000000000000e+00
9.400120315528435810e+01 8.000000000000000000e+00 8.000000000000000000e+00
9.500025002712895628e+01 7.000000000000000000e+00 7.000000000000000000e+00
9.600120315528424442e+01 8.000000000000000000e+00 4.000000000000000000e+00
9.700120315528418757e+01 7.000000000000000000e+00 4.000000000000000000e+00
9.800060348564076662e+01 6.000000000000000000e+00 3.000000000000000000e+00
9.900120315528407389e+01 6.000000000000000000e+00 2.000000000000000000e+00
1.000012031552840170e+02 6.000000000000000000e+00 3.000000000000000000e+00
1.010012031552839602e+02 6.000000000000000000e+00 3.000000000000000000e+00
1.020012031552839034e+02 8.000000000000000000e+00 3.000000000000000000e+00
1.030006825864979874e+02 9.000000000000000000e+00 4.000000000000000000e+00
1.040012031552837897e+02 1.000000000000000000e+01 4.000000000000000000e+00
1.050012031552837328e+02 1.000000000000000000e+01 4.000000000000000000e+00
1.060012031552836760e+02 1.200000000000000000e+01 5.000000000000000000e+00
1.070012031552836191e+02 1.200000000000000000e+01 5.000000000000000000e+00
1.080012031552835623e+02 1.100000000000000000e+01 6.000000000000000000e+00
1.090012031552835055e+02 8.000000000000000000e+00 5.000000000000000000e+00
1.100012031552834486e+02 1.100000000000000000e+01 4.000000000000000000e+00
1.110012031552833918e+02 1.200000000000000000e+01 4.000000000000000000e+00
1.120012031552833349e+02 1.300000000000000000e+01 2.000000000000000000e+00
1.130012031552832781e+02 1.300000000000000000e+01 2.000000000000000000e+00
1.140012031552832212e+02 1.300000000000000000e+01 3.000000000000000000e+00
1.150012031552831644e+02 1.100000000000000000e+01 4.000000000000000000e+00
1.160012031552831075e+02 1.100000000000000000e+01 2.000000000000000000e+00
1.170012031552830507e+02 1.000000000000000000e+01 2.000000000000000000e+00
1.180012031552829939e+02 1.000000000000000000e+01 2.000000000000000000e+00
1.190003590209586548e+02 1.100000000000000000e+01 3.000000000000000000e+00
1.200012031552828802e+02 1.300000000000000000e+01 3.000000000000000000e+00
1.210012031552828233e+02 1.300000000000000000e+01 3.000000000000000000e+00
1.220012031552827665e+02 1.300000000000000000e+01 1.000000000000000000e+00
1.230012031552827096e+02 1.300000000000000000e+01 5.000000000000000000e+00
1.240012031552826528e+02 1.600000000000000000e+01 6.000000000000000000e+00
1.250012031552825960e+02 1.500000000000000000e+01 4.000000000000000000e+00
1.260008709362241746e+02 1.500000000000000000e+01 2.000000000000000000e+00
1.270008758471945782e+02 1.700000000000000000e+01 2.000000000000000000e+00
1.280012031552824396e+02 1.700000000000000000e+01 3.000000000000000000e+00
1.290012031552823828e+02 1.500000000000000000e+01 2.000000000000000000e+00
1.300012031552823260e+02 1.700000000000000000e+01 2.000000000000000000e+00
1.310012031552822691e+02 1.400000000000000000e+01 2.000000000000000000e+00
1.320012031552822123e+02 1.400000000000000000e+01 5.000000000000000000e+00
1.330012031552821554e+02 1.500000000000000000e+01 5.000000000000000000e+00
1.340012031552820986e+02 1.600000000000000000e+01 3.000000000000000000e+00
1.350012031552820417e+02 1.500000000000000000e+01 3.000000000000000000e+00
1.360009093288414306e+02 1.500000000000000000e+01 4.000000000000000000e+00
1.370008564993036941e+02 1.500000000000000000e+01 3.000000000000000000e+00
1.380012031552818712e+02 1.500000000000000000e+01 2.000000000000000000e+00
1.390012031552818144e+02 1.400000000000000000e+01 2.000000000000000000e+00
1.400012031552817575e+02 1.400000000000000000e+01 2.000000000000000000e+00
1.410001564456030678e+02 1.400000000000000000e+01 3.000000000000000000e+00
1.420012031552816438e+02 1.500000000000000000e+01 3.000000000000000000e+00
1.430012031552815870e+02 1.600000000000000000e+01 3.000000000000000000e+00
1.440010970501318468e+02 1.600000000000000000e+01 3.000000000000000000e+00
1.450012031552814733e+02 1.700000000000000000e+01 3.000000000000000000e+00
1.460012031552814165e+02 1.600000000000000000e+01 4.000000000000000000e+00
1.470012031552813596e+02 1.400000000000000000e+01 2.000000000000000000e+00
1.480012031552813028e+02 1.000000000000000000e+01 5.000000000000000000e+00
1.490012031552812459e+02 7.000000000000000000e+00 4.000000000000000000e+00
1.500008058122378145e+02 7.000000000000000000e+00 5.000000000000000000e+00
1.510012031552811322e+02 8.000000000000000000e+00 5.000000000000000000e+00
1.520012031552810754e+02 9.000000000000000000e+00 5.000000000000000000e+00
1.530000044170747060e+02 7.000000000000000000e+00 6.000000000000000000e+00
1.540012031552809617e+02 9.000000000000000000e+00 8.000000000000000000e+00
1.550012031552809049e+02 1.000000000000000000e+01 1.100000000000000000e+01
1.560007741921314164e+02 1.100000000000000000e+01 1.100000000000000000e+01
1.570012031552807912e+02 1.100000000000000000e+01 1.200000000000000000e+01
1.580012031552807343e+02 1.300000000000000000e+01 1.300000000000000000e+01
1.590012031552806775e+02 1.300000000000000000e+01 1.300000000000000000e+01
1.600012031552806206e+02 1.400000000000000000e+01 1.400000000000000000e+01
1.610012031552805638e+02 1.700000000000000000e+01 1.600000000000000000e+01
1.620008626079851695e+02 1.800000000000000000e+01 1.600000000000000000e+01
1.630012031552804501e+02 1.900000000000000000e+01 1.600000000000000000e+01
1.640012031552803933e+02 1.900000000000000000e+01 1.600000000000000000e+01
1.650012031552803364e+02 2.000000000000000000e+01 1.500000000000000000e+01
1.660012031552802796e+02 2.200000000000000000e+01 1.500000000000000000e+01
1.670012031552802227e+02 2.400000000000000000e+01 1.500000000000000000e+01
1.680012031552801659e+02 2.400000000000000000e+01 1.500000000000000000e+01
1.690012031552801091e+02 2.400000000000000000e+01 1.600000000000000000e+01
1.700006392665330566e+02 2.400000000000000000e+01 1.600000000000000000e+01
1.710012031552799954e+02 2.500000000000000000e+01 1.600000000000000000e+01
1.720012031552799385e+02 2.500000000000000000e+01 1.400000000000000000e+01
1.730012031552798817e+02 2.600000000000000000e+01 1.400000000000000000e+01
1.740012031552798248e+02 2.500000000000000000e+01 1.200000000000000000e+01
1.750007613970380191e+02 2.500000000000000000e+01 1.000000000000000000e+01
1.760012031552797112e+02 2.400000000000000000e+01 9.000000000000000000e+00
1.770012031552796543e+02 2.400000000000000000e+01 9.000000000000000000e+00
1.780012031552795975e+02 2.400000000000000000e+01 7.000000000000000000e+00
1.790003873663885088e+02 2.400000000000000000e+01 7.000000000000000000e+00
1.800011955965286745e+02 2.600000000000000000e+01 8.000000000000000000e+00
1.810012031552794269e+02 2.600000000000000000e+01 9.000000000000000000e+00
1.820012031552793701e+02 2.300000000000000000e+01 1.000000000000000000e+01
1.830012031552793133e+02 2.300000000000000000e+01 1.000000000000000000e+01
1.840012031552792564e+02 2.200000000000000000e+01 6.000000000000000000e+00
1.850012031552791996e+02 1.900000000000000000e+01 7.000000000000000000e+00
1.860012031552791427e+02 2.000000000000000000e+01 8.000000000000000000e+00
1.870004672854002763e+02 2.000000000000000000e+01 9.000000000000000000e+00
1.880012031552790290e+02 1.500000000000000000e+01 9.000000000000000000e+00
1.890012031552789722e+02 1.500000000000000000e+01 1.000000000000000000e+01
1.900012031552789153e+02 1.400000000000000000e+01 1.000000000000000000e+01
1.910012031552788585e+02 1.400000000000000000e+01 1.100000000000000000e+01
1.920005099306576994e+02 1.400000000000000000e+01 1.100000000000000000e+01
1.930012031552787448e+02 1.400000000000000000e+01 9.000000000000000000e+00
1.940012031552786880e+02 1.400000000000000000e+01 7.000000000000000000e+00
1.950012031552786311e+02 1.400000000000000000e+01 6.000000000000000000e+00
1.960012031552785743e+02 1.200000000000000000e+01 4.000000000000000000e+00
1.970012031552785174e+02 1.000000000000000000e+01 6.000000000000000000e+00
1.980012031552784606e+02 8.000000000000000000e+00 6.000000000000000000e+00
1.990004898206387622e+02 9.000000000000000000e+00 6.000000000000000000e+00
2.000012031552783469e+02 9.000000000000000000e+00 6.000000000000000000e+00
2.010012031552782901e+02 1.100000000000000000e+01 8.000000000000000000e+00
2.020012031552782332e+02 1.100000000000000000e+01 7.000000000000000000e+00
2.030012031552781764e+02 1.300000000000000000e+01 9.000000000000000000e+00
2.040012031552781195e+02 1.300000000000000000e+01 7.000000000000000000e+00
2.050006567262117585e+02 1.300000000000000000e+01 7.000000000000000000e+00
2.060012031552780059e+02 1.300000000000000000e+01 9.000000000000000000e+00
2.070012031552779490e+02 1.100000000000000000e+01 9.000000000000000000e+00
2.080012031552778922e+02 1.200000000000000000e+01 1.000000000000000000e+01
2.090012031552778353e+02 1.300000000000000000e+01 1.000000000000000000e+01
2.100012031552777785e+02 1.300000000000000000e+01 1.000000000000000000e+01
2.110011662250256848e+02 1.100000000000000000e+01 1.200000000000000000e+01
2.120012031552776648e+02 1.000000000000000000e+01 1.400000000000000000e+01
2.130012031552776079e+02 1.100000000000000000e+01 1.400000000000000000e+01
2.140012031552775511e+02 9.000000000000000000e+00 1.600000000000000000e+01
2.150012031552774943e+02 1.100000000000000000e+01 1.700000000000000000e+01
2.160012031552774374e+02 1.200000000000000000e+01 1.800000000000000000e+01
2.170005630453182164e+02 1.500000000000000000e+01 1.800000000000000000e+01
2.180012031552773237e+02 1.100000000000000000e+01 1.900000000000000000e+01
2.190012031552772669e+02 1.000000000000000000e+01 2.200000000000000000e+01
2.200012031552772100e+02 1.000000000000000000e+01 2.300000000000000000e+01
2.210011613282878784e+02 8.000000000000000000e+00 2.100000000000000000e+01
2.220012031552770964e+02 7.000000000000000000e+00 2.000000000000000000e+01
2.230012031552770395e+02 8.000000000000000000e+00 1.700000000000000000e+01
2.240012031552769827e+02 1.000000000000000000e+01 1.500000000000000000e+01
2.250002452387872438e+02 1.000000000000000000e+01 1.000000000000000000e+01
2.260012031552768690e+02 1.200000000000000000e+01 7.000000000000000000e+00
2.270010568822534651e+02 1.200000000000000000e+01 4.000000000000000000e+00
2.280012031552767553e+02 1.200000000000000000e+01 4.000000000000000000e+00
2.290004645308489444e+02 1.400000000000000000e+01 5.000000000000000000e+00
2.300012031552766416e+02 1.400000000000000000e+01 5.000000000000000000e+00
2.310012031552765848e+02 1.500000000000000000e+01 4.000000000000000000e+00
2.320012031552765279e+02 1.600000000000000000e+01 5.000000000000000000e+00
2.330012031552764711e+02 1.700000000000000000e+01 4.000000000000000000e+00
2.340012031552764142e+02 2.000000000000000000e+01 7.000000000000000000e+00
2.350012031552763574e+02 2.200000000000000000e+01 7.000000000000000000e+00
2.360012031552763005e+02 2.300000000000000000e+01 7.000000000000000000e+00
2.370012031552762437e+02 2.200000000000000000e+01 9.000000000000000000e+00
2.380001853546165762e+02 2.200000000000000000e+01 9.000000000000000000e+00
2.390012031552761300e+02 2.300000000000000000e+01 7.000000000000000000e+00
2.400012031552760732e+02 2.000000000000000000e+01 6.000000000000000000e+00
2.410012031552760163e+02 1.800000000000000000e+01 5.000000000000000000e+00
2.420012031552759595e+02 1.700000000000000000e+01 4.000000000000000000e+00
2.430012031552759026e+02 1.600000000000000000e+01 4.000000000000000000e+00
2.440012031552758458e+02 1.700000000000000000e+01 5.000000000000000000e+00
2.450012031552757890e+02 1.500000000000000000e+01 5.000000000000000000e+00
2.460012031552757321e+02 1.400000000000000000e+01 5.000000000000000000e+00
2.470012031552756753e+02 1.300000000000000000e+01 5.000000000000000000e+00
2.480009352613691078e+02 1.100000000000000000e+01 7.000000000000000000e+00
2.490012031552755616e+02 9.000000000000000000e+00 1.100000000000000000e+01
2.500011113554133431e+02 1.100000000000000000e+01 1.000000000000000000e+01
2.510012031552754479e+02 1.100000000000000000e+01 8.000000000000000000e+00
2.520009491541611624e+02 1.000000000000000000e+01 1.000000000000000000e+01
2.530012031552753342e+02 9.000000000000000000e+00 9.000000000000000000e+00
2.540012031552752774e+02 1.000000000000000000e+01 9.000000000000000000e+00
2.550003324239625044e+02 1.200000000000000000e+01 9.000000000000000000e+00
2.560005853644693730e+02 1.000000000000000000e+01 9.000000000000000000e+00
2.570007055401968046e+02 7.000000000000000000e+00 9.000000000000000000e+00
2.580012031552756184e+02 6.000000000000000000e+00 1.000000000000000000e+01
2.590012031552758458e+02 4.000000000000000000e+00 8.000000000000000000e+00
2.600012031552760732e+02 6.000000000000000000e+00 7.000000000000000000e+00
2.610000345463084273e+02 6.000000000000000000e+00 3.000000000000000000e+00
2.620012031552765279e+02 5.000000000000000000e+00 3.000000000000000000e+00
2.630000901721836613e+02 4.000000000000000000e+00 3.000000000000000000e+00
2.640008895794054524e+02 4.000000000000000000e+00 5.000000000000000000e+00
2.650012031552772100e+02 2.000000000000000000e+00 4.000000000000000000e+00
2.660012031552774374e+02 3.000000000000000000e+00 4.000000000000000000e+00
2.670002397512990910e+02 3.000000000000000000e+00 5.000000000000000000e+00
2.680002781554098306e+02 2.000000000000000000e+00 5.000000000000000000e+00
2.690012031552781195e+02 2.000000000000000000e+00 6.000000000000000000e+00
2.700012031552783469e+02 2.000000000000000000e+00 6.000000000000000000e+00
2.710012031552785743e+02 2.000000000000000000e+00 8.000000000000000000e+00
2.720012031552788017e+02 3.000000000000000000e+00 1.000000000000000000e+01
2.730012031552790290e+02 3.000000000000000000e+00 1.200000000000000000e+01
2.740012031552792564e+02 3.000000000000000000e+00 1.000000000000000000e+01
2.750012031552794838e+02 4.000000000000000000e+00 1.000000000000000000e+01
2.760012031552797112e+02 4.000000000000000000e+00 1.100000000000000000e+01
2.770012031552799385e+02 3.000000000000000000e+00 1.200000000000000000e+01
2.780012031552801659e+02 3.000000000000000000e+00 1.200000000000000000e+01
2.790012031552803933e+02 4.000000000000000000e+00 1.100000000000000000e+01
2.800012031552806206e+02 5.000000000000000000e+00 1.500000000000000000e+01
2.810001523019425917e+02 4.000000000000000000e+00 1.500000000000000000e+01
2.820012031552810754e+02 3.000000000000000000e+00 1.800000000000000000e+01
2.830012031552813028e+02 3.000000000000000000e+00 1.900000000000000000e+01
2.840012031552815301e+02 2.000000000000000000e+00 2.200000000000000000e+01
2.850012031552817575e+02 4.000000000000000000e+00 2.300000000000000000e+01
2.860012031552819849e+02 3.000000000000000000e+00 2.100000000000000000e+01
2.870012031552822123e+02 4.000000000000000000e+00 2.100000000000000000e+01
2.880012031552824396e+02 4.000000000000000000e+00 2.200000000000000000e+01
2.890012031552826670e+02 4.000000000000000000e+00 2.000000000000000000e+01
2.900012031552828944e+02 4.000000000000000000e+00 2.100000000000000000e+01
2.910012031552831218e+02 5.000000000000000000e+00 2.000000000000000000e+01
2.920012031552833491e+02 5.000000000000000000e+00 2.000000000000000000e+01
2.930012031552835765e+02 6.000000000000000000e+00 1.800000000000000000e+01
2.940012031552838039e+02 4.000000000000000000e+00 1.900000000000000000e+01
2.950012031552840313e+02 4.000000000000000000e+00 1.700000000000000000e+01
2.960012031552842586e+02 3.000000000000000000e+00 1.600000000000000000e+01
2.970008057271406301e+02 3.000000000000000000e+00 1.500000000000000000e+01
2.980012031552847134e+02 3.000000000000000000e+00 1.600000000000000000e+01
2.990012031552849407e+02 4.000000000000000000e+00 1.600000000000000000e+01
3.000012031552851681e+02 5.000000000000000000e+00 1.500000000000000000e+01
