0.000000000000000000e+00 0.000000000000000000e+00 0.000000000000000000e+00
1.000586797358027136e+00 0.000000000000000000e+00 0.000000000000000000e+00
2.000586797358027802e+00 2.000000000000000000e+00 2.000000000000000000e+00
3.000586797358028690e+00 3.000000000000000000e+00 3.000000000000000000e+00
4.000562510174187736e+00 3.000000000000000000e+00 3.000000000000000000e+00
5.000586797358026026e+00 3.000000000000000000e+00 3.000000000000000000e+00
6.000586797358022473e+00 3.000000000000000000e+00 3.000000000000000000e+00
7.000586797358018920e+00 6.000000000000000000e+00 6.000000000000000000e+00
8.000586797358016256e+00 8.000000000000000000e+00 8.000000000000000000e+00
9.000586797358012703e+00 1.000000000000000000e+01 1.000000000000000000e+01
1.000058679735800915e+01 1.000000000000000000e+01 1.000000000000000000e+01
1.100058679735800560e+01 1.200000000000000000e+01 1.200000000000000000e+01
1.200058679735800204e+01 1.200000000000000000e+01 1.200000000000000000e+01
1.300058679735799849e+01 1.400000000000000000e+01 1.400000000000000000e+01
1.400058679735799494e+01 1.500000000000000000e+01 1.500000000000000000e+01
1.500058679735799139e+01 1.500000000000000000e+01 1.500000000000000000e+01
1.600058679735798961e+01 1.400000000000000000e+01 1.400000000000000000e+01
1.700058679735800382e+01 1.300000000000000000e+01 1.300000000000000000e+01
1.800058679735801803e+01 1.400000000000000000e+01 1.400000000000000000e+01
1.900058679735803224e+01 1.200000000000000000e+01 1.200000000000000000e+01
2.000058679735804645e+01 1.200000000000000000e+01 1.200000000000000000e+01
2.100058679735806066e+01 1.000000000000000000e+01 1.000000000000000000e+01
2.200058679735807488e+01 1.200000000000000000e+01 1.200000000000000000e+01
2.300058679735808909e+01 1.100000000000000000e+01 1.100000000000000000e+01
2.400058679735810330e+01 1.400000000000000000e+01 1.400000000000000000e+01
2.500058679735811751e+01 1.300000000000000000e+01 1.300000000000000000e+01
2.600058679735813172e+01 1.400000000000000000e+01 1.300000000000000000e+01
2.700058679735814593e+01 1.400000000000000000e+01 1.300000000000000000e+01
2.800058679735816014e+01 1.400000000000000000e+01 1.300000000000000000e+01
2.900058679735817435e+01 1.400000000000000000e+01 1.400000000000000000e+01
3.000058679735818856e+01 1.400000000000000000e+01 1.400000000000000000e+01
3.100058679735820277e+01 1.300000000000000000e+01 1.300000000000000000e+01
3.200058679735821698e+01 1.300000000000000000e+01 1.300000000000000000e+01
3.300058679735823119e+01 1.200000000000000000e+01 1.400000000000000000e+01
3.400058679735824541e+01 1.200000000000000000e+01 1.500000000000000000e+01
3.500058679735825962e+01 1.300000000000000000e+01 1.500000000000000000e+01
3.600058679735827383e+01 1.300000000000000000e+01 1.400000000000000000e+01
3.700058679735828804e+01 1.400000000000000000e+01 1.300000000000000000e+01
3.800058679735830225e+01 1.500000000000000000e+01 1.400000000000000000e+01
3.900058679735831646e+01 1.500000000000000000e+01 1.400000000000000000e+01
4.000058679735833067e+01 1.600000000000000000e+01 1.400000000000000000e+01
4.100058679735834488e+01 1.600000000000000000e+01 1.100000000000000000e+01
4.200058679735835909e+01 1.500000000000000000e+01 1.000000000000000000e+01
4.300058679735837330e+01 1.500000000000000000e+01 1.000000000000000000e+01
4.400058679735838751e+01 1.700000000000000000e+01 1.200000000000000000e+01
4.500058679735840172e+01 1.700000000000000000e+01 1.200000000000000000e+01
4.600058679735841594e+01 1.700000000000000000e+01 1.200000000000000000e+01
4.700058679735843015e+01 1.700000000000000000e+01 1.100000000000000000e+01
4.800058679735844436e+01 1.800000000000000000e+01 1.300000000000000000e+01
4.900043487749522342e+01 1.600000000000000000e+01 1.500000000000000000e+01
5.000058679735847278e+01 1.500000000000000000e+01 1.800000000000000000e+01
5.100058679735848699e+01 1.500000000000000000e+01 2.000000000000000000e+01
5.200058679735850120e+01 1.500000000000000000e+01 2.100000000000000000e+01
5.300058679735851541e+01 1.500000000000000000e+01 2.100000000000000000e+01
5.400058679735852962e+01 1.500000000000000000e+01 2.100000000000000000e+01
5.500058679735854383e+01 1.600000000000000000e+01 2.200000000000000000e+01
5.600058679735855804e+01 1.400000000000000000e+01 2.400000000000000000e+01
5.700058679735857226e+01 1.500000000000000000e+01 2.500000000000000000e+01
5.800058679735858647e+01 1.500000000000000000e+01 2.500000000000000000e+01
5.900058679735860068e+01 1.300000000000000000e+01 2.200000000000000000e+01
6.000019442725542973e+01 1.400000000000000000e+01 2.200000000000000000e+01
6.100058679735862910e+01 1.300000000000000000e+01 2.200000000000000000e+01
6.200058679735864331e+01 1.700000000000000000e+01 2.300000000000000000e+01
6.300058679735865752e+01 1.700000000000000000e+01 1.900000000000000000e+01
6.400058679735866463e+01 1.800000000000000000e+01 1.800000000000000000e+01
6.500058679735860778e+01 1.800000000000000000e+01 1.800000000000000000e+01
6.600058679735855094e+01 1.900000000000000000e+01 1.700000000000000000e+01
6.700046674911932598e+01 1.900000000000000000e+01 1.700000000000000000e+01
6.800058679735843725e+01 1.900000000000000000e+01 1.900000000000000000e+01
6.900058679735838041e+01 2.000000000000000000e+01 1.700000000000000000e+01
7.000058679735832357e+01 2.000000000000000000e+01 1.400000000000000000e+01
7.100058679735826672e+01 2.200000000000000000e+01 1.500000000000000000e+01
7.200058679735820988e+01 1.900000000000000000e+01 1.500000000000000000e+01
7.300058679735815304e+01 1.800000000000000000e+01 1.400000000000000000e+01
7.400045330106911479e+01 1.600000000000000000e+01 1.600000000000000000e+01
7.500058679735803935e+01 1.400000000000000000e+01 1.600000000000000000e+01
7.600058679735798250e+01 1.400000000000000000e+01 1.700000000000000000e+01
7.700058679735792566e+01 1.100000000000000000e+01 1.800000000000000000e+01
7.800058679735786882e+01 1.200000000000000000e+01 1.900000000000000000e+01
7.900058679735781197e+01 1.200000000000000000e+01 2.000000000000000000e+01
8.000058679735775513e+01 1.300000000000000000e+01 2.100000000000000000e+01
8.100058679735769829e+01 1.400000000000000000e+01 2.100000000000000000e+01
8.200047860623681117e+01 1.400000000000000000e+01 2.200000000000000000e+01
8.300016392486085692e+01 1.500000000000000000e+01 2.200000000000000000e+01
8.400058679735752776e+01 1.300000000000000000e+01 2.000000000000000000e+01
8.500058679735747091e+01 1.500000000000000000e+01 1.000000000000000000e+01
8.600058679735741407e+01 1.400000000000000000e+01 8.000000000000000000e+00
8.700058679735735723e+01 1.400000000000000000e+01 8.000000000000000000e+00
8.800058679735730038e+01 1.700000000000000000e+01 9.000000000000000000e+00
8.900010761585295427e+01 1.800000000000000000e+01 1.000000000000000000e+01
9.000058679735718670e+01 1.700000000000000000e+01 1.000000000000000000e+01
9.100058679735712985e+01 1.700000000000000000e+01 1.000000000000000000e+01
9.200058679735707301e+01 1.600000000000000000e+01 1.000000000000000000e+01
9.300030209338595455e+01 1.400000000000000000e+01 1.000000000000000000e+01
9.400058679735695932e+01 1.500000000000000000e+01 1.100000000000000000e+01
9.500009655771192740e+01 1.400000000000000000e+01 1.200000000000000000e+01
9.600058679735684564e+01 1.200000000000000000e+01 1.100000000000000000e+01
9.700058679735678879e+01 1.200000000000000000e+01 1.200000000000000000e+01
9.800058679735673195e+01 1.000000000000000000e+01 1.200000000000000000e+01
9.900058679735667511e+01 1.100000000000000000e+01 1.200000000000000000e+01
1.000002558044670593e+02 1.100000000000000000e+01 1.300000000000000000e+01
1.010005867973565614e+02 1.100000000000000000e+01 1.600000000000000000e+01
1.020005867973565046e+02 8.000000000000000000e+00 1.300000000000000000e+01
1.030005867973564477e+02 6.000000000000000000e+00 1.600000000000000000e+01
1.040005867973563909e+02 7.000000000000000000e+00 1.600000000000000000e+01
1.050005867973563340e+02 6.000000000000000000e+00 1.600000000000000000e+01
1.060005867973562772e+02 5.000000000000000000e+00 1.700000000000000000e+01
1.070005867973562204e+02 6.000000000000000000e+00 1.500000000000000000e+01
1.080005867973561635e+02 6.000000000000000000e+00 1.600000000000000000e+01
1.090005867973561067e+02 8.000000000000000000e+00 1.200000000000000000e+01
1.100005867973560498e+02 8.000000000000000000e+00 1.000000000000000000e+01
1.110005867973559930e+02 7.000000000000000000e+00 1.100000000000000000e+01
1.120005867973559361e+02 9.000000000000000000e+00 1.100000000000000000e+01
1.130005867973558793e+02 9.000000000000000000e+00 9.000000000000000000e+00
1.140005867973558225e+02 8.000000000000000000e+00 9.000000000000000000e+00
1.150005867973557656e+02 8.000000000000000000e+00 9.000000000000000000e+00
1.160005867973557088e+02 9.000000000000000000e+00 9.000000000000000000e+00
1.170000621583973128e+02 1.200000000000000000e+01 1.000000000000000000e+01
1.180005867973555951e+02 1.100000000000000000e+01 1.100000000000000000e+01
1.190005867973555382e+02 1.100000000000000000e+01 1.100000000000000000e+01
1.200005867973554814e+02 1.200000000000000000e+01 1.100000000000000000e+01
1.210005867973554246e+02 1.200000000000000000e+01 1.200000000000000000e+01
1.220005867973553677e+02 1.100000000000000000e+01 1.200000000000000000e+01
1.230005317002098479e+02 1.200000000000000000e+01 1.400000000000000000e+01
1.240005867973552540e+02 1.100000000000000000e+01 1.400000000000000000e+01
1.250005867973551972e+02 1.100000000000000000e+01 1.600000000000000000e+01
1.260005867973551403e+02 1.100000000000000000e+01 1.600000000000000000e+01
1.270005867973550835e+02 1.200000000000000000e+01 1.400000000000000000e+01
1.280005867973550266e+02 1.200000000000000000e+01 1.400000000000000000e+01
1.290005867973549698e+02 1.300000000000000000e+01 1.300000000000000000e+01
1.300005867973549130e+02 1.300000000000000000e+01 1.300000000000000000e+01
1.310005867973548561e+02 1.300000000000000000e+01 1.100000000000000000e+01
1.320005867973547993e+02 1.300000000000000000e+01 1.100000000000000000e+01
1.330005867973547424e+02 1.400000000000000000e+01 1.200000000000000000e+01
1.340005867973546856e+02 1.400000000000000000e+01 1.200000000000000000e+01
1.350005867973546287e+02 1.600000000000000000e+01 1.200000000000000000e+01
1.360000570338804664e+02 1.700000000000000000e+01 1.300000000000000000e+01
1.370005867973545151e+02 1.700000000000000000e+01 1.100000000000000000e+01
1.380005867973544582e+02 1.800000000000000000e+01 1.200000000000000000e+01
1.390005867973544014e+02 1.800000000000000000e+01 1.400000000000000000e+01
1.400005867973543445e+02 1.900000000000000000e+01 1.400000000000000000e+01
1.410005867973542877e+02 1.900000000000000000e+01 1.500000000000000000e+01
1.420005867973542308e+02 2.000000000000000000e+01 1.300000000000000000e+01
1.430005867973541740e+02 2.000000000000000000e+01 1.400000000000000000e+01
1.440003608202253815e+02 1.900000000000000000e+01 1.400000000000000000e+01
1.450005867973540603e+02 1.700000000000000000e+01 1.600000000000000000e+01
1.460004761354541074e+02 1.300000000000000000e+01 1.700000000000000000e+01
1.470005867973539466e+02 1.100000000000000000e+01 1.800000000000000000e+01
1.480005867973538898e+02 1.000000000000000000e+01 1.800000000000000000e+01
1.490005867973538329e+02 1.100000000000000000e+01 1.900000000000000000e+01
1.500005867973537761e+02 1.000000000000000000e+01 2.000000000000000000e+01
1.510005867973537192e+02 1.100000000000000000e+01 2.200000000000000000e+01
1.520005867973536624e+02 1.300000000000000000e+01 2.300000000000000000e+01
1.530005867973536056e+02 1.400000000000000000e+01 2.600000000000000000e+01
1.540005867973535487e+02 1.700000000000000000e+01 2.800000000000000000e+01
1.550005867973534919e+02 1.700000000000000000e+01 2.800000000000000000e+01
1.560005867973534350e+02 1.800000000000000000e+01 2.800000000000000000e+01
1.570005867973533782e+02 1.700000000000000000e+01 2.900000000000000000e+01
1.580005867973533213e+02 1.800000000000000000e+01 2.700000000000000000e+01
1.590005867973532645e+02 1.800000000000000000e+01 2.700000000000000000e+01
1.600005867973532077e+02 1.800000000000000000e+01 2.900000000000000000e+01
1.610001006756527033e+02 1.900000000000000000e+01 2.800000000000000000e+01
1.620005867973530940e+02 1.900000000000000000e+01 2.700000000000000000e+01
1.630005867973530371e+02 2.100000000000000000e+01 2.600000000000000000e+01
1.640005867973529803e+02 2.100000000000000000e+01 2.300000000000000000e+01
1.650005867973529234e+02 2.100000000000000000e+01 2.000000000000000000e+01
1.660005867973528666e+02 2.100000000000000000e+01 1.900000000000000000e+01
1.670005867973528098e+02 2.100000000000000000e+01 2.100000000000000000e+01
1.680005867973527529e+02 2.200000000000000000e+01 2.100000000000000000e+01
1.690005867973526961e+02 2.100000000000000000e+01 2.100000000000000000e+01
1.700005867973526392e+02 2.200000000000000000e+01 1.900000000000000000e+01
1.710005867973525824e+02 2.200000000000000000e+01 2.000000000000000000e+01
1.720005867973525255e+02 2.300000000000000000e+01 1.800000000000000000e+01
1.730005867973524687e+02 2.500000000000000000e+01 1.900000000000000000e+01
1.740003441006296612e+02 2.500000000000000000e+01 1.700000000000000000e+01
1.750005867973523550e+02 2.500000000000000000e+01 1.800000000000000000e+01
1.760005867973522982e+02 2.500000000000000000e+01 2.100000000000000000e+01
1.770005867973522413e+02 2.300000000000000000e+01 2.300000000000000000e+01
1.780005867973521845e+02 1.800000000000000000e+01 2.300000000000000000e+01
1.790005867973521276e+02 1.400000000000000000e+01 2.200000000000000000e+01
1.800005867973520708e+02 1.400000000000000000e+01 2.100000000000000000e+01
1.810005867973520139e+02 1.400000000000000000e+01 2.200000000000000000e+01
1.820005867973519571e+02 1.400000000000000000e+01 2.000000000000000000e+01
1.830005867973519003e+02 1.500000000000000000e+01 1.900000000000000000e+01
1.840005867973518434e+02 1.600000000000000000e+01 1.600000000000000000e+01
1.850001049629100294e+02 1.600000000000000000e+01 1.600000000000000000e+01
1.860005867973517297e+02 1.700000000000000000e+01 1.800000000000000000e+01
1.870005867973516729e+02 1.800000000000000000e+01 1.600000000000000000e+01
1.880005867973516160e+02 1.700000000000000000e+01 1.500000000000000000e+01
1.890005867973515592e+02 1.700000000000000000e+01 1.300000000000000000e+01
1.900005867973515024e+02 1.900000000000000000e+01 1.100000000000000000e+01
1.910005867973514455e+02 1.900000000000000000e+01 1.000000000000000000e+01
1.920005867973513887e+02 1.800000000000000000e+01 9.000000000000000000e+00
1.930005867973513318e+02 1.900000000000000000e+01 1.100000000000000000e+01
1.940005867973512750e+02 2.100000000000000000e+01 9.000000000000000000e+00
1.950000607945211186e+02 2.000000000000000000e+01 7.000000000000000000e+00
1.960005867973511613e+02 2.000000000000000000e+01 7.000000000000000000e+00
1.970005867973511045e+02 2.100000000000000000e+01 6.000000000000000000e+00
1.980005772859049102e+02 2.100000000000000000e+01 2.000000000000000000e+00
1.990005867973509908e+02 2.200000000000000000e+01 3.000000000000000000e+00
2.000005867973509339e+02 2.300000000000000000e+01 4.000000000000000000e+00
2.010005867973508771e+02 2.000000000000000000e+01 3.000000000000000000e+00
2.020005867973508202e+02 1.800000000000000000e+01 3.000000000000000000e+00
2.030005867973507634e+02 1.500000000000000000e+01 5.000000000000000000e+00
2.040005867973507065e+02 1.600000000000000000e+01 6.000000000000000000e+00
2.050005867973506497e+02 1.600000000000000000e+01 8.000000000000000000e+00
2.060000939361458165e+02 1.500000000000000000e+01 1.000000000000000000e+01
2.070005867973505360e+02 1.500000000000000000e+01 8.000000000000000000e+00
2.080005867973504792e+02 1.500000000000000000e+01 8.000000000000000000e+00
2.090005867973504223e+02 1.600000000000000000e+01 1.000000000000000000e+01
2.100005867973503655e+02 1.500000000000000000e+01 1.100000000000000000e+01
2.110005867973503086e+02 1.900000000000000000e+01 1.200000000000000000e+01
2.120005867973502518e+02 1.600000000000000000e+01 9.000000000000000000e+00
2.130005867973501950e+02 1.400000000000000000e+01 1.100000000000000000e+01
2.140005867973501381e+02 1.300000000000000000e+01 8.000000000000000000e+00
2.150005867973500813e+02 1.300000000000000000e+01 9.000000000000000000e+00
2.160004930375836238e+02 1.100000000000000000e+01 8.000000000000000000e+00
2.170005867973499676e+02 1.100000000000000000e+01 8.000000000000000000e+00
2.180005867973499107e+02 8.000000000000000000e+00 1.000000000000000000e+01
2.190005867973498539e+02 1.000000000000000000e+01 9.000000000000000000e+00
2.200005867973497971e+02 9.000000000000000000e+00 9.000000000000000000e+00
2.210005867973497402e+02 1.000000000000000000e+01 9.000000000000000000e+00
2.220000753811056029e+02 1.000000000000000000e+01 9.000000000000000000e+00
2.230005867973496265e+02 1.000000000000000000e+01 1.000000000000000000e+01
2.240005867973495697e+02 1.100000000000000000e+01 9.000000000000000000e+00
2.250005867973495128e+02 1.200000000000000000e+01 1.000000000000000000e+01
2.260005867973494560e+02 1.300000000000000000e+01 9.000000000000000000e+00
2.270005867973493991e+02 1.500000000000000000e+01 9.000000000000000000e+00
2.280005867973493423e+02 1.500000000000000000e+01 9.000000000000000000e+00
2.290005867973492855e+02 1.500000000000000000e+01 9.000000000000000000e+00
2.300005867973492286e+02 1.400000000000000000e+01 9.000000000000000000e+00
2.310005867973491718e+02 1.400000000000000000e+01 1.000000000000000000e+01
2.320005867973491149e+02 1.500000000000000000e+01 1.000000000000000000e+01
2.330001729568509177e+02 1.600000000000000000e+01 1.000000000000000000e+01
2.340005867973490012e+02 1.600000000000000000e+01 1.000000000000000000e+01
2.350005867973489444e+02 2.000000000000000000e+01 1.100000000000000000e+01
2.360005867973488876e+02 2.000000000000000000e+01 1.000000000000000000e+01
2.370003191866275927e+02 2.000000000000000000e+01 1.000000000000000000e+01
2.380005867973487739e+02 2.100000000000000000e+01 1.100000000000000000e+01
2.390005867973487170e+02 2.000000000000000000e+01 1.300000000000000000e+01
2.400005867973486602e+02 2.000000000000000000e+01 1.400000000000000000e+01
2.410001126994536094e+02 2.200000000000000000e+01 1.500000000000000000e+01
2.420005867973485465e+02 2.400000000000000000e+01 1.700000000000000000e+01
2.430005867973484897e+02 2.500000000000000000e+01 1.700000000000000000e+01
2.440005867973484328e+02 2.600000000000000000e+01 1.800000000000000000e+01
2.450005867973483760e+02 2.600000000000000000e+01 1.700000000000000000e+01
2.460005867973483191e+02 2.600000000000000000e+01 1.700000000000000000e+01
2.470005867973482623e+02 2.600000000000000000e+01 1.700000000000000000e+01
2.480005867973482054e+02 2.200000000000000000e+01 1.800000000000000000e+01
2.490005867973481486e+02 2.000000000000000000e+01 1.800000000000000000e+01
2.500005867973480917e+02 2.200000000000000000e+01 1.800000000000000000e+01
2.510005867973480349e+02 1.500000000000000000e+01 1.700000000000000000e+01
2.520005867973479781e+02 1.000000000000000000e+01 1.800000000000000000e+01
2.530005867973479212e+02 1.000000000000000000e+01 1.900000000000000000e+01
2.540005867973478644e+02 8.000000000000000000e+00 2.000000000000000000e+01
2.550005867973478075e+02 7.000000000000000000e+00 2.100000000000000000e+01
2.560005867973477507e+02 8.000000000000000000e+00 2.100000000000000000e+01
2.570005867973479781e+02 7.000000000000000000e+00 2.200000000000000000e+01
2.580005867973482054e+02 8.000000000000000000e+00 2.100000000000000000e+01
2.590005867973484328e+02 8.000000000000000000e+00 1.900000000000000000e+01
2.600005867973486602e+02 7.000000000000000000e+00 1.900000000000000000e+01
2.610001702898409803e+02 4.000000000000000000e+00 1.600000000000000000e+01
2.620005867973491149e+02 3.000000000000000000e+00 1.200000000000000000e+01
2.630005867973493423e+02 4.000000000000000000e+00 1.000000000000000000e+01
2.640005867973495697e+02 4.000000000000000000e+00 7.000000000000000000e+00
2.650005867973497971e+02 4.000000000000000000e+00 5.000000000000000000e+00
2.660005867973500244e+02 5.000000000000000000e+00 5.000000000000000000e+00
2.670005867973502518e+02 6.000000000000000000e+00 4.000000000000000000e+00
2.680005867973504792e+02 6.000000000000000000e+00 5.000000000000000000e+00
2.690005867973507065e+02 6.000000000000000000e+00 4.000000000000000000e+00
2.700005867973509339e+02 5.000000000000000000e+00 2.000000000000000000e+00
2.710005867973511613e+02 4.000000000000000000e+00 2.000000000000000000e+00
2.720005867973513887e+02 4.000000000000000000e+00 3.000000000000000000e+00
2.730005867973516160e+02 4.000000000000000000e+00 1.000000000000000000e+00
2.740005867973518434e+02 4.000000000000000000e+00 0.000000000000000000e+00
2.750005867973520708e+02 4.000000000000000000e+00 2.000000000000000000e+00
2.760005867973522982e+02 6.000000000000000000e+00 1.000000000000000000e+00
2.770005867973525255e+02 7.000000000000000000e+00 2.000000000000000000e+00
2.780005867973527529e+02 8.000000000000000000e+00 4.000000000000000000e+00
2.790005867973529803e+02 8.000000000000000000e+00 6.000000000000000000e+00
2.800005867973532077e+02 8.000000000000000000e+00 6.000000000000000000e+00
2.810005195826531121e+02 7.000000000000000000e+00 6.000000000000000000e+00
2.820005867973536624e+02 8.000000000000000000e+00 8.000000000000000000e+00
2.830005867973538898e+02 1.000000000000000000e+01 9.000000000000000000e+00
2.840005867973541172e+02 1.000000000000000000e+01 8.000000000000000000e+00
2.850005867973543445e+02 1.100000000000000000e+01 7.000000000000000000e+00
2.860005867973545719e+02 1.200000000000000000e+01 7.000000000000000000e+00
2.870005867973547993e+02 9.000000000000000000e+00 7.000000000000000000e+00
2.880005867973550266e+02 8.000000000000000000e+00 6.000000000000000000e+00
2.890005867973552540e+02 6.000000000000000000e+00 6.000000000000000000e+00
2.900005867973554814e+02 5.000000000000000000e+00 5.000000000000000000e+00
2.910005867973557088e+02 3.000000000000000000e+00 6.000000000000000000e+00
2.920005867973559361e+02 4.000000000000000000e+00 1.000000000000000000e+01
2.930005867973561635e+02 4.000000000000000000e+00 1.000000000000000000e+01
2.940005867973563909e+02 3.000000000000000000e+00 1.000000000000000000e+01
2.950005867973566183e+02 3.000000000000000000e+00 1.100000000000000000e+01
2.960005867973568456e+02 3.000000000000000000e+00 1.300000000000000000e+01
2.970005754507818096e+02 3.000000000000000000e+00 1.300000000000000000e+01
2.980005867973573004e+02 2.000000000000000000e+00 1.600000000000000000e+01
2.990005867973575278e+02 1.000000000000000000e+00 1.600000000000000000e+01
3.000000828136576274e+02 5.000000000000000000e+00 1.600000000000000000e+01
