0.000000000000000000e+00 0.000000000000000000e+00 0.000000000000000000e+00
1.000172022714815645e+00 0.000000000000000000e+00 0.000000000000000000e+00
2.000172022714816311e+00 0.000000000000000000e+00 0.000000000000000000e+00
3.000172022714817199e+00 0.000000000000000000e+00 0.000000000000000000e+00
4.000172022714817643e+00 1.000000000000000000e+00 1.000000000000000000e+00
5.000172022714814091e+00 3.000000000000000000e+00 3.000000000000000000e+00
6.000172022714810538e+00 3.000000000000000000e+00 3.000000000000000000e+00
7.000172022714806985e+00 5.000000000000000000e+00 5.000000000000000000e+00
8.000172022714803433e+00 7.000000000000000000e+00 7.000000000000000000e+00
9.000172022714799880e+00 1.000000000000000000e+01 1.000000000000000000e+01
1.000017202271479633e+01 1.100000000000000000e+01 1.100000000000000000e+01
1.100017202271479277e+01 1.100000000000000000e+01 1.100000000000000000e+01
1.200017202271478922e+01 1.100000000000000000e+01 1.100000000000000000e+01
1.300017202271478567e+01 9.000000000000000000e+00 9.000000000000000000e+00
1.400017202271478212e+01 8.000000000000000000e+00 8.000000000000000000e+00
1.500017202271477856e+01 1.000000000000000000e+01 1.000000000000000000e+01
1.600017202271477501e+01 7.000000000000000000e+00 7.000000000000000000e+00
1.700017202271478922e+01 6.000000000000000000e+00 5.000000000000000000e+00
1.800017202271480343e+01 7.000000000000000000e+00 6.000000000000000000e+00
1.900017202271481764e+01 7.000000000000000000e+00 7.000000000000000000e+00
2.000017202271483185e+01 3.000000000000000000e+00 5.000000000000000000e+00
2.100017202271484607e+01 2.000000000000000000e+00 1.000000000000000000e+00
2.200007428378209795e+01 1.000000000000000000e+00 1.000000000000000000e+00
2.300017202271487449e+01 1.000000000000000000e+00 1.000000000000000000e+00
2.400017202271488870e+01 1.000000000000000000e+00 1.000000000000000000e+00
2.500017202271490291e+01 2.000000000000000000e+00 2.000000000000000000e+00
2.600017202271491712e+01 2.000000000000000000e+00 3.000000000000000000e+00
2.700017202271493133e+01 3.000000000000000000e+00 4.000000000000000000e+00
2.800017202271494554e+01 3.000000000000000000e+00 5.000000000000000000e+00
2.900017202271495975e+01 4.000000000000000000e+00 6.000000000000000000e+00
3.000017202271497396e+01 5.000000000000000000e+00 7.000000000000000000e+00
3.100017202271498817e+01 5.000000000000000000e+00 8.000000000000000000e+00
3.200017202271499883e+01 7.000000000000000000e+00 8.000000000000000000e+00
3.300017202271501304e+01 8.000000000000000000e+00 7.000000000000000000e+00
3.400017202271502725e+01 8.000000000000000000e+00 8.000000000000000000e+00
3.500017202271504146e+01 5.000000000000000000e+00 9.000000000000000000e+00
3.600017202271505568e+01 6.000000000000000000e+00 9.000000000000000000e+00
3.700017202271506989e+01 7.000000000000000000e+00 1.000000000000000000e+01
3.800017202271508410e+01 8.000000000000000000e+00 1.100000000000000000e+01
3.900017202271509831e+01 9.000000000000000000e+00 1.200000000000000000e+01
4.000017202271511252e+01 9.000000000000000000e+00 1.200000000000000000e+01
4.100017202271512673e+01 9.000000000000000000e+00 1.200000000000000000e+01
4.200017202271514094e+01 1.100000000000000000e+01 1.300000000000000000e+01
4.300017202271515515e+01 1.200000000000000000e+01 1.400000000000000000e+01
4.400017202271516936e+01 1.300000000000000000e+01 1.500000000000000000e+01
4.500017202271518357e+01 1.300000000000000000e+01 1.400000000000000000e+01
4.600017202271519778e+01 1.300000000000000000e+01 1.400000000000000000e+01
4.700017202271521199e+01 1.300000000000000000e+01 1.300000000000000000e+01
4.800017202271522621e+01 1.300000000000000000e+01 1.200000000000000000e+01
4.900017202271524042e+01 1.400000000000000000e+01 1.200000000000000000e+01
5.000017202271525463e+01 1.500000000000000000e+01 1.000000000000000000e+01
5.100017202271526884e+01 1.500000000000000000e+01 1.000000000000000000e+01
5.200017202271528305e+01 1.500000000000000000e+01 1.100000000000000000e+01
5.300017202271529726e+01 1.600000000000000000e+01 1.000000000000000000e+01
5.400017202271531147e+01 1.700000000000000000e+01 1.100000000000000000e+01
5.500017202271532568e+01 1.700000000000000000e+01 1.100000000000000000e+01
5.600017202271533989e+01 1.800000000000000000e+01 1.200000000000000000e+01
5.700017202271535410e+01 1.800000000000000000e+01 1.200000000000000000e+01
5.800017202271536831e+01 1.800000000000000000e+01 1.100000000000000000e+01
5.900017202271538252e+01 1.800000000000000000e+01 1.200000000000000000e+01
6.000017202271539674e+01 1.900000000000000000e+01 1.100000000000000000e+01
6.100017202271541095e+01 1.900000000000000000e+01 1.100000000000000000e+01
6.200017202271542516e+01 1.900000000000000000e+01 1.100000000000000000e+01
6.300017202271543937e+01 2.100000000000000000e+01 1.000000000000000000e+01
6.400017202271544647e+01 2.200000000000000000e+01 8.000000000000000000e+00
6.500000589701663500e+01 2.300000000000000000e+01 1.100000000000000000e+01
6.600017202271533279e+01 2.500000000000000000e+01 9.000000000000000000e+00
6.700017202271527594e+01 2.700000000000000000e+01 9.000000000000000000e+00
6.800017202271521910e+01 2.700000000000000000e+01 1.000000000000000000e+01
6.900017202271516226e+01 2.300000000000000000e+01 1.000000000000000000e+01
7.000017202271510541e+01 2.600000000000000000e+01 1.100000000000000000e+01
7.100017202271504857e+01 2.600000000000000000e+01 1.100000000000000000e+01
7.200017202271499173e+01 2.300000000000000000e+01 1.100000000000000000e+01
7.300017202271493488e+01 2.300000000000000000e+01 7.000000000000000000e+00
7.400017202271487804e+01 2.200000000000000000e+01 6.000000000000000000e+00
7.500017202271482120e+01 1.500000000000000000e+01 5.000000000000000000e+00
7.600008157992020585e+01 1.400000000000000000e+01 7.000000000000000000e+00
7.700017202271470751e+01 1.300000000000000000e+01 6.000000000000000000e+00
7.800017202271465067e+01 1.300000000000000000e+01 7.000000000000000000e+00
7.900017202271459382e+01 1.200000000000000000e+01 8.000000000000000000e+00
8.000017202271453698e+01 1.200000000000000000e+01 8.000000000000000000e+00
8.100017202271448014e+01 1.200000000000000000e+01 8.000000000000000000e+00
8.200017202271442329e+01 1.000000000000000000e+01 8.000000000000000000e+00
8.300017202271436645e+01 1.000000000000000000e+01 8.000000000000000000e+00
8.400017202271430961e+01 1.100000000000000000e+01 8.000000000000000000e+00
8.500017202271425276e+01 9.000000000000000000e+00 9.000000000000000000e+00
8.600017202271419592e+01 8.000000000000000000e+00 9.000000000000000000e+00
8.700017202271413908e+01 9.000000000000000000e+00 9.000000000000000000e+00
8.800017202271408223e+01 9.000000000000000000e+00 1.000000000000000000e+01
8.900017202271402539e+01 5.000000000000000000e+00 1.000000000000000000e+01
9.000017202271396854e+01 5.000000000000000000e+00 1.000000000000000000e+01
9.100017202271391170e+01 8.000000000000000000e+00 8.000000000000000000e+00
9.200002622120808837e+01 8.000000000000000000e+00 4.000000000000000000e+00
9.300017202271379801e+01 7.000000000000000000e+00 2.000000000000000000e+00
9.400017202271374117e+01 6.000000000000000000e+00 2.000000000000000000e+00
9.500017202271368433e+01 5.000000000000000000e+00 5.000000000000000000e+00
9.600017202271362748e+01 8.000000000000000000e+00 6.000000000000000000e+00
9.700017202271357064e+01 7.000000000000000000e+00 5.000000000000000000e+00
9.800017202271351380e+01 9.000000000000000000e+00 4.000000000000000000e+00
9.900017202271345695e+01 7.000000000000000000e+00 4.000000000000000000e+00
1.000001720227134001e+02 7.000000000000000000e+00 7.000000000000000000e+00
1.010001720227133433e+02 6.000000000000000000e+00 7.000000000000000000e+00
1.020001720227132864e+02 6.000000000000000000e+00 7.000000000000000000e+00
1.030001720227132296e+02 6.000000000000000000e+00 8.000000000000000000e+00
1.040001720227131727e+02 6.000000000000000000e+00 9.000000000000000000e+00
1.050001720227131159e+02 6.000000000000000000e+00 8.000000000000000000e+00
1.060001720227130591e+02 6.000000000000000000e+00 8.000000000000000000e+00
1.070001720227130022e+02 6.000000000000000000e+00 9.000000000000000000e+00
1.080001720227129454e+02 7.000000000000000000e+00 9.000000000000000000e+00
1.090001720227128885e+02 7.000000000000000000e+00 9.000000000000000000e+00
1.100001720227128317e+02 7.000000000000000000e+00 1.100000000000000000e+01
1.110001720227127748e+02 9.000000000000000000e+00 9.000000000000000000e+00
1.120001720227127180e+02 9.000000000000000000e+00 9.000000000000000000e+00
1.130001720227126611e+02 9.000000000000000000e+00 8.000000000000000000e+00
1.140001720227126043e+02 9.000000000000000000e+00 8.000000000000000000e+00
1.150001720227125475e+02 9.000000000000000000e+00 9.000000000000000000e+00
1.160001720227124906e+02 1.000000000000000000e+01 8.000000000000000000e+00
1.170001720227124338e+02 1.000000000000000000e+01 7.000000000000000000e+00
1.180001720227123769e+02 1.000000000000000000e+01 8.000000000000000000e+00
1.190001720227123201e+02 1.100000000000000000e+01 8.000000000000000000e+00
1.200001720227122632e+02 1.400000000000000000e+01 1.100000000000000000e+01
1.210001720227122064e+02 1.400000000000000000e+01 1.100000000000000000e+01
1.220001720227121496e+02 1.500000000000000000e+01 1.000000000000000000e+01
1.230001720227120927e+02 1.400000000000000000e+01 8.000000000000000000e+00
1.240001720227120359e+02 1.400000000000000000e+01 7.000000000000000000e+00
1.250001720227119790e+02 1.700000000000000000e+01 8.000000000000000000e+00
1.260001720227119222e+02 1.900000000000000000e+01 1.000000000000000000e+01
1.270001720227118653e+02 2.000000000000000000e+01 8.000000000000000000e+00
1.280001720227118085e+02 2.000000000000000000e+01 8.000000000000000000e+00
1.290001720227117517e+02 2.000000000000000000e+01 8.000000000000000000e+00
1.300001720227116948e+02 2.100000000000000000e+01 7.000000000000000000e+00
1.310001720227116380e+02 2.300000000000000000e+01 7.000000000000000000e+00
1.320001720227115811e+02 2.200000000000000000e+01 4.000000000000000000e+00
1.330001720227115243e+02 2.200000000000000000e+01 3.000000000000000000e+00
1.340001720227114674e+02 2.100000000000000000e+01 3.000000000000000000e+00
1.350001720227114106e+02 2.100000000000000000e+01 2.000000000000000000e+00
1.360001720227113537e+02 2.100000000000000000e+01 2.000000000000000000e+00
1.370001720227112969e+02 1.900000000000000000e+01 2.000000000000000000e+00
1.380001720227112401e+02 1.900000000000000000e+01 2.000000000000000000e+00
1.390001720227111832e+02 2.000000000000000000e+01 3.000000000000000000e+00
1.400001720227111264e+02 2.000000000000000000e+01 3.000000000000000000e+00
1.410001720227110695e+02 1.900000000000000000e+01 6.000000000000000000e+00
1.420001720227110127e+02 1.900000000000000000e+01 5.000000000000000000e+00
1.430001720227109558e+02 1.800000000000000000e+01 5.000000000000000000e+00
1.440001720227108990e+02 1.700000000000000000e+01 7.000000000000000000e+00
1.450001720227108422e+02 1.800000000000000000e+01 7.000000000000000000e+00
1.460000997228511324e+02 1.900000000000000000e+01 6.000000000000000000e+00
1.470001720227107285e+02 1.800000000000000000e+01 6.000000000000000000e+00
1.480001720227106716e+02 1.700000000000000000e+01 6.000000000000000000e+00
1.490001720227106148e+02 1.500000000000000000e+01 6.000000000000000000e+00
1.500001720227105579e+02 1.500000000000000000e+01 4.000000000000000000e+00
1.510001720227105011e+02 1.500000000000000000e+01 5.000000000000000000e+00
1.520001720227104443e+02 1.600000000000000000e+01 4.000000000000000000e+00
1.530001720227103874e+02 1.600000000000000000e+01 8.000000000000000000e+00
1.540001720227103306e+02 1.800000000000000000e+01 8.000000000000000000e+00
1.550001720227102737e+02 1.600000000000000000e+01 7.000000000000000000e+00
1.560001720227102169e+02 1.600000000000000000e+01 6.000000000000000000e+00
1.570001720227101600e+02 1.600000000000000000e+01 4.000000000000000000e+00
1.580001720227101032e+02 1.700000000000000000e+01 4.000000000000000000e+00
1.590001720227100463e+02 1.600000000000000000e+01 4.000000000000000000e+00
1.600001720227099895e+02 1.400000000000000000e+01 6.000000000000000000e+00
1.610001720227099327e+02 1.400000000000000000e+01 5.000000000000000000e+00
1.620001720227098758e+02 1.500000000000000000e+01 5.000000000000000000e+00
1.630001720227098190e+02 1.400000000000000000e+01 5.000000000000000000e+00
1.640001720227097621e+02 1.500000000000000000e+01 7.000000000000000000e+00
1.650001720227097053e+02 1.200000000000000000e+01 7.000000000000000000e+00
1.660001720227096484e+02 1.000000000000000000e+01 5.000000000000000000e+00
1.670001720227095916e+02 7.000000000000000000e+00 3.000000000000000000e+00
1.680001720227095348e+02 7.000000000000000000e+00 2.000000000000000000e+00
1.690001720227094779e+02 8.000000000000000000e+00 5.000000000000000000e+00
1.700001720227094211e+02 1.200000000000000000e+01 6.000000000000000000e+00
1.710001720227093642e+02 1.300000000000000000e+01 7.000000000000000000e+00
1.720001720227093074e+02 1.100000000000000000e+01 7.000000000000000000e+00
1.730001720227092505e+02 1.100000000000000000e+01 7.000000000000000000e+00
1.740001720227091937e+02 1.100000000000000000e+01 8.000000000000000000e+00
1.750001720227091369e+02 1.100000000000000000e+01 1.000000000000000000e+01
1.760001720227090800e+02 1.000000000000000000e+01 1.000000000000000000e+01
1.770001720227090232e+02 1.000000000000000000e+01 1.200000000000000000e+01
1.780001720227089663e+02 1.000000000000000000e+01 1.200000000000000000e+01
1.790001720227089095e+02 1.000000000000000000e+01 1.400000000000000000e+01
1.800001720227088526e+02 1.000000000000000000e+01 1.300000000000000000e+01
1.810001720227087958e+02 8.000000000000000000e+00 1.200000000000000000e+01
1.820001720227087390e+02 6.000000000000000000e+00 8.000000000000000000e+00
1.830000566645147160e+02 6.000000000000000000e+00 4.000000000000000000e+00
1.840001720227086253e+02 4.000000000000000000e+00 0.000000000000000000e+00
1.850001720227085684e+02 2.000000000000000000e+00 1.000000000000000000e+00
1.860000916056800975e+02 4.000000000000000000e+00 0.000000000000000000e+00
1.870001720227084547e+02 3.000000000000000000e+00 2.000000000000000000e+00
1.880001720227083979e+02 2.000000000000000000e+00 1.000000000000000000e+00
1.890001720227083410e+02 3.000000000000000000e+00 1.000000000000000000e+00
1.900001720227082842e+02 2.000000000000000000e+00 2.000000000000000000e+00
1.910001720227082274e+02 2.000000000000000000e+00 2.000000000000000000e+00
1.920001720227081705e+02 2.000000000000000000e+00 3.000000000000000000e+00
1.930001720227081137e+02 3.000000000000000000e+00 3.000000000000000000e+00
1.940001720227080568e+02 4.000000000000000000e+00 4.000000000000000000e+00
1.950001720227080000e+02 4.000000000000000000e+00 3.000000000000000000e+00
1.960001720227079431e+02 5.000000000000000000e+00 7.000000000000000000e+00
1.970001720227078863e+02 5.000000000000000000e+00 7.000000000000000000e+00
1.980001720227078295e+02 6.000000000000000000e+00 7.000000000000000000e+00
1.990001720227077726e+02 5.000000000000000000e+00 7.000000000000000000e+00
2.000001720227077158e+02 5.000000000000000000e+00 1.000000000000000000e+01
2.010001720227076589e+02 5.000000000000000000e+00 1.000000000000000000e+01
2.020001720227076021e+02 5.000000000000000000e+00 1.100000000000000000e+01
2.030001720227075452e+02 6.000000000000000000e+00 1.200000000000000000e+01
2.040001720227074884e+02 7.000000000000000000e+00 1.200000000000000000e+01
2.050001720227074316e+02 8.000000000000000000e+00 1.100000000000000000e+01
2.060001720227073747e+02 1.000000000000000000e+01 1.100000000000000000e+01
2.070001720227073179e+02 1.000000000000000000e+01 1.100000000000000000e+01
2.080001720227072610e+02 1.000000000000000000e+01 1.000000000000000000e+01
2.090001720227072042e+02 8.000000000000000000e+00 1.100000000000000000e+01
2.100001720227071473e+02 8.000000000000000000e+00 8.000000000000000000e+00
2.110001720227070905e+02 9.000000000000000000e+00 7.000000000000000000e+00
2.120001720227070336e+02 1.100000000000000000e+01 5.000000000000000000e+00
2.130001720227069768e+02 1.100000000000000000e+01 5.000000000000000000e+00
2.140001720227069200e+02 1.100000000000000000e+01 5.000000000000000000e+00
2.150001720227068631e+02 1.200000000000000000e+01 5.000000000000000000e+00
2.160001720227068063e+02 1.400000000000000000e+01 6.000000000000000000e+00
2.170001720227067494e+02 1.300000000000000000e+01 7.000000000000000000e+00
2.180001720227066926e+02 1.200000000000000000e+01 6.000000000000000000e+00
2.190001720227066357e+02 1.200000000000000000e+01 7.000000000000000000e+00
2.200001720227065789e+02 1.200000000000000000e+01 7.000000000000000000e+00
2.210001720227065221e+02 1.300000000000000000e+01 8.000000000000000000e+00
2.220001720227064652e+02 1.300000000000000000e+01 9.000000000000000000e+00
2.230001720227064084e+02 1.300000000000000000e+01 6.000000000000000000e+00
2.240001720227063515e+02 1.600000000000000000e+01 6.000000000000000000e+00
2.250001720227062947e+02 1.400000000000000000e+01 6.000000000000000000e+00
2.260001720227062378e+02 1.500000000000000000e+01 7.000000000000000000e+00
2.270001720227061810e+02 1.600000000000000000e+01 7.000000000000000000e+00
2.280001720227061242e+02 1.700000000000000000e+01 8.000000000000000000e+00
2.290001720227060673e+02 1.600000000000000000e+01 7.000000000000000000e+00
2.300001720227060105e+02 1.500000000000000000e+01 6.000000000000000000e+00
2.310001720227059536e+02 1.500000000000000000e+01 7.000000000000000000e+00
2.320001720227058968e+02 1.600000000000000000e+01 9.000000000000000000e+00
2.330001720227058399e+02 1.500000000000000000e+01 8.000000000000000000e+00
2.340001720227057831e+02 1.500000000000000000e+01 8.000000000000000000e+00
2.350001720227057262e+02 1.600000000000000000e+01 8.000000000000000000e+00
2.360001720227056694e+02 1.600000000000000000e+01 8.000000000000000000e+00
2.370001720227056126e+02 1.600000000000000000e+01 8.000000000000000000e+00
2.380001720227055557e+02 1.700000000000000000e+01 8.000000000000000000e+00
2.390001720227054989e+02 1.700000000000000000e+01 7.000000000000000000e+00
2.400001720227054420e+02 1.900000000000000000e+01 7.000000000000000000e+00
2.410001720227053852e+02 1.800000000000000000e+01 8.000000000000000000e+00
2.420001720227053283e+02 1.900000000000000000e+01 6.000000000000000000e+00
2.430001720227052715e+02 1.900000000000000000e+01 6.000000000000000000e+00
2.440001720227052147e+02 1.500000000000000000e+01 5.000000000000000000e+00
2.450001720227051578e+02 1.400000000000000000e+01 5.000000000000000000e+00
2.460001720227051010e+02 1.500000000000000000e+01 5.000000000000000000e+00
2.470001720227050441e+02 1.500000000000000000e+01 4.000000000000000000e+00
2.480001123296807179e+02 1.600000000000000000e+01 4.000000000000000000e+00
2.490001720227049304e+02 1.800000000000000000e+01 4.000000000000000000e+00
2.500001720227048736e+02 1.800000000000000000e+01 3.000000000000000000e+00
2.510001720227048168e+02 1.500000000000000000e+01 3.000000000000000000e+00
2.520001720227047599e+02 1.700000000000000000e+01 4.000000000000000000e+00
2.530001720227047031e+02 1.800000000000000000e+01 4.000000000000000000e+00
2.540001720227046462e+02 1.900000000000000000e+01 5.000000000000000000e+00
2.550001720227045894e+02 1.800000000000000000e+01 5.000000000000000000e+00
2.560001720227045325e+02 1.800000000000000000e+01 1.000000000000000000e+01
2.570001720227047599e+02 1.700000000000000000e+01 1.100000000000000000e+01
2.580001720227049873e+02 1.700000000000000000e+01 1.200000000000000000e+01
2.590001720227052147e+02 1.700000000000000000e+01 1.200000000000000000e+01
2.600001720227054420e+02 1.900000000000000000e+01 1.000000000000000000e+01
2.610001720227056694e+02 2.100000000000000000e+01 1.000000000000000000e+01
2.620001720227058968e+02 2.000000000000000000e+01 1.000000000000000000e+01
2.630001720227061242e+02 2.200000000000000000e+01 1.000000000000000000e+01
2.640001720227063515e+02 2.200000000000000000e+01 1.100000000000000000e+01
2.650001720227065789e+02 2.200000000000000000e+01 1.100000000000000000e+01
2.660001720227068063e+02 2.200000000000000000e+01 1.200000000000000000e+01
2.670001720227070336e+02 2.100000000000000000e+01 1.200000000000000000e+01
2.680001720227072610e+02 2.300000000000000000e+01 1.300000000000000000e+01
2.690001720227074884e+02 2.000000000000000000e+01 1.300000000000000000e+01
2.700001720227077158e+02 1.700000000000000000e+01 1.200000000000000000e+01
2.710001720227079431e+02 1.600000000000000000e+01 9.000000000000000000e+00
2.720001720227081705e+02 1.600000000000000000e+01 9.000000000000000000e+00
2.730001720227083979e+02 1.600000000000000000e+01 9.000000000000000000e+00
2.740001720227086253e+02 1.700000000000000000e+01 9.000000000000000000e+00
2.750001720227088526e+02 1.900000000000000000e+01 1.100000000000000000e+01
2.760001720227090800e+02 1.800000000000000000e+01 1.100000000000000000e+01
2.770001720227093074e+02 1.800000000000000000e+01 1.000000000000000000e+01
2.780001720227095348e+02 1.800000000000000000e+01 1.100000000000000000e+01
2.790001720227097621e+02 1.900000000000000000e+01 8.000000000000000000e+00
2.800001720227099895e+02 1.900000000000000000e+01 6.000000000000000000e+00
2.810001720227102169e+02 2.000000000000000000e+01 5.000000000000000000e+00
2.820001720227104443e+02 1.700000000000000000e+01 5.000000000000000000e+00
2.830001720227106716e+02 1.700000000000000000e+01 6.000000000000000000e+00
2.840001720227108990e+02 1.700000000000000000e+01 6.000000000000000000e+00
2.850001720227111264e+02 1.700000000000000000e+01 7.000000000000000000e+00
2.860001720227113537e+02 1.600000000000000000e+01 8.000000000000000000e+00
2.870000632021785236e+02 1.600000000000000000e+01 8.000000000000000000e+00
2.880001720227118085e+02 1.600000000000000000e+01 6.000000000000000000e+00
2.890001720227120359e+02 1.500000000000000000e+01 5.000000000000000000e+00
2.900001720227122632e+02 1.500000000000000000e+01 5.000000000000000000e+00
2.910001720227124906e+02 1.500000000000000000e+01 6.000000000000000000e+00
2.920001405297778660e+02 1.600000000000000000e+01 7.000000000000000000e+00
2.930000301375190475e+02 1.500000000000000000e+01 7.000000000000000000e+00
2.940001720227131727e+02 1.500000000000000000e+01 5.000000000000000000e+00
2.950001720227134001e+02 1.600000000000000000e+01 3.000000000000000000e+00
2.960001720227136275e+02 1.800000000000000000e+01 5.000000000000000000e+00
2.970001720227138549e+02 1.700000000000000000e+01 4.000000000000000000e+00
2.980001720227140822e+02 1.800000000000000000e+01 5.000000000000000000e+00
2.990001720227143096e+02 1.800000000000000000e+01 5.000000000000000000e+00
3.000001720227145370e+02 1.500000000000000000e+01 5.000000000000000000e+00
