0.000000000000000000e+00 0.000000000000000000e+00 0.000000000000000000e+00
1.000364235134385105e+00 0.000000000000000000e+00 0.000000000000000000e+00
2.000364235134385993e+00 0.000000000000000000e+00 0.000000000000000000e+00
3.000364235134386881e+00 3.000000000000000000e+00 3.000000000000000000e+00
4.000364235134387769e+00 5.000000000000000000e+00 5.000000000000000000e+00
5.000364235134384217e+00 5.000000000000000000e+00 5.000000000000000000e+00
6.000364235134380664e+00 5.000000000000000000e+00 5.000000000000000000e+00
7.000190816209048705e+00 6.000000000000000000e+00 6.000000000000000000e+00
8.000084207430866456e+00 7.000000000000000000e+00 7.000000000000000000e+00
9.000364235134370006e+00 7.000000000000000000e+00 7.000000000000000000e+00
1.000036423513436645e+01 7.000000000000000000e+00 7.000000000000000000e+00
1.100036423513436290e+01 9.000000000000000000e+00 9.000000000000000000e+00
1.200036423513435935e+01 8.000000000000000000e+00 8.000000000000000000e+00
1.300036423513435579e+01 7.000000000000000000e+00 7.000000000000000000e+00
1.400036423513435224e+01 8.000000000000000000e+00 8.000000000000000000e+00
1.500036423513434869e+01 1.000000000000000000e+01 1.000000000000000000e+01
1.600036423513434514e+01 1.300000000000000000e+01 1.300000000000000000e+01
1.700036423513435935e+01 1.400000000000000000e+01 1.400000000000000000e+01
1.800036423513437356e+01 1.400000000000000000e+01 1.400000000000000000e+01
1.900036423513438777e+01 1.500000000000000000e+01 1.500000000000000000e+01
2.000036423513440198e+01 1.500000000000000000e+01 1.500000000000000000e+01
2.100036423513441619e+01 1.600000000000000000e+01 1.600000000000000000e+01
2.200036423513443040e+01 1.700000000000000000e+01 1.700000000000000000e+01
2.300036423513444461e+01 1.800000000000000000e+01 1.800000000000000000e+01
2.400036423513445882e+01 1.900000000000000000e+01 1.800000000000000000e+01
2.500036423513447303e+01 1.800000000000000000e+01 1.700000000000000000e+01
2.600036423513448725e+01 2.000000000000000000e+01 2.000000000000000000e+01
2.700036423513450146e+01 1.900000000000000000e+01 1.800000000000000000e+01
2.800036423513451567e+01 2.100000000000000000e+01 2.000000000000000000e+01
2.900036423513452988e+01 1.900000000000000000e+01 1.700000000000000000e+01
3.000036423513454409e+01 1.800000000000000000e+01 1.600000000000000000e+01
3.100036423513455830e+01 1.900000000000000000e+01 1.700000000000000000e+01
3.200036423513456896e+01 1.600000000000000000e+01 1.700000000000000000e+01
3.300036423513458317e+01 1.500000000000000000e+01 1.800000000000000000e+01
3.400036423513459738e+01 1.400000000000000000e+01 2.000000000000000000e+01
3.500036423513461159e+01 1.400000000000000000e+01 2.100000000000000000e+01
3.600036423513462580e+01 1.500000000000000000e+01 1.700000000000000000e+01
3.700036423513464001e+01 1.600000000000000000e+01 1.500000000000000000e+01
3.800036423513465422e+01 1.700000000000000000e+01 1.600000000000000000e+01
3.900036423513466843e+01 1.600000000000000000e+01 1.600000000000000000e+01
4.000036423513468264e+01 1.700000000000000000e+01 1.700000000000000000e+01
4.100036423513469686e+01 1.700000000000000000e+01 1.700000000000000000e+01
4.200036423513471107e+01 1.800000000000000000e+01 1.800000000000000000e+01
4.300012047821720529e+01 1.900000000000000000e+01 1.700000000000000000e+01
4.400036423513473949e+01 1.800000000000000000e+01 1.100000000000000000e+01
4.500019533238608460e+01 1.800000000000000000e+01 1.100000000000000000e+01
4.600012170947948675e+01 1.500000000000000000e+01 8.000000000000000000e+00
4.700036423513478212e+01 1.400000000000000000e+01 7.000000000000000000e+00
4.800036423513479633e+01 1.200000000000000000e+01 6.000000000000000000e+00
4.900036423513481054e+01 1.200000000000000000e+01 7.000000000000000000e+00
5.000036423513482475e+01 1.300000000000000000e+01 9.000000000000000000e+00
5.100036423513483896e+01 1.300000000000000000e+01 8.000000000000000000e+00
5.200010272400271560e+01 1.500000000000000000e+01 9.000000000000000000e+00
5.300004326360674867e+01 1.500000000000000000e+01 8.000000000000000000e+00
5.400036423513488160e+01 1.600000000000000000e+01 1.000000000000000000e+01
5.500036423513489581e+01 1.600000000000000000e+01 1.000000000000000000e+01
5.600036423513491002e+01 1.600000000000000000e+01 1.000000000000000000e+01
5.700036423513492423e+01 1.700000000000000000e+01 1.200000000000000000e+01
5.800036423513493844e+01 1.600000000000000000e+01 1.200000000000000000e+01
5.900036423513495265e+01 1.400000000000000000e+01 1.000000000000000000e+01
6.000036423513496686e+01 1.500000000000000000e+01 9.000000000000000000e+00
6.100036423513498107e+01 1.300000000000000000e+01 9.000000000000000000e+00
6.200036423513499528e+01 8.000000000000000000e+00 9.000000000000000000e+00
6.300036423513500949e+01 9.000000000000000000e+00 9.000000000000000000e+00
6.400036423513502370e+01 9.000000000000000000e+00 9.000000000000000000e+00
6.500036423513496686e+01 7.000000000000000000e+00 7.000000000000000000e+00
6.600036423513491002e+01 9.000000000000000000e+00 8.000000000000000000e+00
6.700036423513485317e+01 8.000000000000000000e+00 8.000000000000000000e+00
6.800018938614024933e+01 8.000000000000000000e+00 8.000000000000000000e+00
6.900036423513473949e+01 9.000000000000000000e+00 8.000000000000000000e+00
7.000036423513468264e+01 9.000000000000000000e+00 8.000000000000000000e+00
7.100036423513462580e+01 9.000000000000000000e+00 8.000000000000000000e+00
7.200036423513456896e+01 9.000000000000000000e+00 7.000000000000000000e+00
7.300036423513451211e+01 9.000000000000000000e+00 8.000000000000000000e+00
7.400036423513445527e+01 9.000000000000000000e+00 8.000000000000000000e+00
7.500036423513439843e+01 9.000000000000000000e+00 8.000000000000000000e+00
7.600036423513434158e+01 9.000000000000000000e+00 7.000000000000000000e+00
7.700036423513428474e+01 1.100000000000000000e+01 7.000000000000000000e+00
7.800036423513422790e+01 7.000000000000000000e+00 6.000000000000000000e+00
7.900036423513417105e+01 7.000000000000000000e+00 4.000000000000000000e+00
8.000036423513411421e+01 7.000000000000000000e+00 6.000000000000000000e+00
8.100036423513405737e+01 7.000000000000000000e+00 5.000000000000000000e+00
8.200036423513400052e+01 6.000000000000000000e+00 5.000000000000000000e+00
8.300036423513394368e+01 6.000000000000000000e+00 5.000000000000000000e+00
8.400012209468258106e+01 7.000000000000000000e+00 6.000000000000000000e+00
8.500036423513382999e+01 7.000000000000000000e+00 6.000000000000000000e+00
8.600035187743110043e+01 8.000000000000000000e+00 7.000000000000000000e+00
8.700036423513371631e+01 8.000000000000000000e+00 6.000000000000000000e+00
8.800036423513365946e+01 8.000000000000000000e+00 8.000000000000000000e+00
8.900036423513360262e+01 9.000000000000000000e+00 9.000000000000000000e+00
9.000036423513354578e+01 1.000000000000000000e+01 9.000000000000000000e+00
9.100036423513348893e+01 1.200000000000000000e+01 1.000000000000000000e+01
9.200036423513343209e+01 1.300000000000000000e+01 8.000000000000000000e+00
9.300036423513337525e+01 1.100000000000000000e+01 2.000000000000000000e+00
9.400036423513331840e+01 8.000000000000000000e+00 1.000000000000000000e+00
9.500036423513326156e+01 8.000000000000000000e+00 2.000000000000000000e+00
9.600036423513320472e+01 9.000000000000000000e+00 2.000000000000000000e+00
9.700036423513314787e+01 7.000000000000000000e+00 3.000000000000000000e+00
9.800036423513309103e+01 6.000000000000000000e+00 2.000000000000000000e+00
9.900036423513303419e+01 6.000000000000000000e+00 4.000000000000000000e+00
1.000003642351329773e+02 5.000000000000000000e+00 4.000000000000000000e+00
1.010000362661249085e+02 3.000000000000000000e+00 4.000000000000000000e+00
1.020003642351328637e+02 3.000000000000000000e+00 4.000000000000000000e+00
1.030002347323746932e+02 3.000000000000000000e+00 5.000000000000000000e+00
1.040003642351327500e+02 5.000000000000000000e+00 5.000000000000000000e+00
1.050003642351326931e+02 6.000000000000000000e+00 4.000000000000000000e+00
1.060003642351326363e+02 5.000000000000000000e+00 4.000000000000000000e+00
1.070003642351325794e+02 5.000000000000000000e+00 5.000000000000000000e+00
1.080003642351325226e+02 5.000000000000000000e+00 5.000000000000000000e+00
1.090003642351324658e+02 4.000000000000000000e+00 5.000000000000000000e+00
1.100003642351324089e+02 4.000000000000000000e+00 5.000000000000000000e+00
1.110003642351323521e+02 6.000000000000000000e+00 7.000000000000000000e+00
1.120003642351322952e+02 7.000000000000000000e+00 8.000000000000000000e+00
1.130003642351322384e+02 7.000000000000000000e+00 8.000000000000000000e+00
1.140003642351321815e+02 9.000000000000000000e+00 6.000000000000000000e+00
1.150003642351321247e+02 9.000000000000000000e+00 4.000000000000000000e+00
1.160003642351320678e+02 9.000000000000000000e+00 5.000000000000000000e+00
1.170003642351320110e+02 8.000000000000000000e+00 6.000000000000000000e+00
1.180003642351319542e+02 8.000000000000000000e+00 5.000000000000000000e+00
1.190003642351318973e+02 7.000000000000000000e+00 6.000000000000000000e+00
1.200003642351318405e+02 5.000000000000000000e+00 9.000000000000000000e+00
1.210003642351317836e+02 4.000000000000000000e+00 7.000000000000000000e+00
1.220003642351317268e+02 6.000000000000000000e+00 7.000000000000000000e+00
1.230003642351316699e+02 6.000000000000000000e+00 8.000000000000000000e+00
1.240003642351316131e+02 6.000000000000000000e+00 7.000000000000000000e+00
1.250003642351315563e+02 6.000000000000000000e+00 7.000000000000000000e+00
1.260003642351314994e+02 6.000000000000000000e+00 7.000000000000000000e+00
1.270003642351314426e+02 8.000000000000000000e+00 6.000000000000000000e+00
1.280003642351313999e+02 6.000000000000000000e+00 6.000000000000000000e+00
1.290003642351313431e+02 6.000000000000000000e+00 7.000000000000000000e+00
1.300003642351312863e+02 7.000000000000000000e+00 7.000000000000000000e+00
1.310003642351312294e+02 7.000000000000000000e+00 7.000000000000000000e+00
1.320003642351311726e+02 7.000000000000000000e+00 8.000000000000000000e+00
1.330003642351311157e+02 1.000000000000000000e+01 9.000000000000000000e+00
1.340003642351310589e+02 1.100000000000000000e+01 1.100000000000000000e+01
1.350003642351310020e+02 9.000000000000000000e+00 1.100000000000000000e+01
1.360003642351309452e+02 1.100000000000000000e+01 1.100000000000000000e+01
1.370003642351308883e+02 9.000000000000000000e+00 1.100000000000000000e+01
1.380003642351308315e+02 1.100000000000000000e+01 1.200000000000000000e+01
1.390003642351307747e+02 9.000000000000000000e+00 9.000000000000000000e+00
1.400003642351307178e+02 7.000000000000000000e+00 7.000000000000000000e+00
1.410003073090426540e+02 1.000000000000000000e+01 9.000000000000000000e+00
1.420003642351306041e+02 1.000000000000000000e+01 9.000000000000000000e+00
1.430003642351305473e+02 1.100000000000000000e+01 1.000000000000000000e+01
1.440003642351304904e+02 1.100000000000000000e+01 9.000000000000000000e+00
1.450003642351304336e+02 1.300000000000000000e+01 1.200000000000000000e+01
1.460003642351303768e+02 1.400000000000000000e+01 1.100000000000000000e+01
1.470003642351303199e+02 1.300000000000000000e+01 9.000000000000000000e+00
1.480003642351302631e+02 1.500000000000000000e+01 8.000000000000000000e+00
1.490003642351302062e+02 1.600000000000000000e+01 8.000000000000000000e+00
1.500003642351301494e+02 1.500000000000000000e+01 7.000000000000000000e+00
1.510003642351300925e+02 1.600000000000000000e+01 7.000000000000000000e+00
1.520003642351300357e+02 1.500000000000000000e+01 7.000000000000000000e+00
1.530003642351299789e+02 1.500000000000000000e+01 7.000000000000000000e+00
1.540003642351299220e+02 1.600000000000000000e+01 7.000000000000000000e+00
1.550003642351298652e+02 1.700000000000000000e+01 6.000000000000000000e+00
1.560002812171044013e+02 1.800000000000000000e+01 6.000000000000000000e+00
1.570003642351297515e+02 1.700000000000000000e+01 5.000000000000000000e+00
1.580003642351296946e+02 1.400000000000000000e+01 6.000000000000000000e+00
1.590003642351296378e+02 1.200000000000000000e+01 6.000000000000000000e+00
1.600003642351295809e+02 1.300000000000000000e+01 7.000000000000000000e+00
1.610003642351295241e+02 1.400000000000000000e+01 9.000000000000000000e+00
1.620003642351294673e+02 1.300000000000000000e+01 9.000000000000000000e+00
1.630003642351294104e+02 1.400000000000000000e+01 1.000000000000000000e+01
1.640003642351293536e+02 1.400000000000000000e+01 1.000000000000000000e+01
1.650003642351292967e+02 1.500000000000000000e+01 1.100000000000000000e+01
1.660003642351292399e+02 1.400000000000000000e+01 1.100000000000000000e+01
1.670001195516990151e+02 1.400000000000000000e+01 1.100000000000000000e+01
1.680003642351291262e+02 1.400000000000000000e+01 1.100000000000000000e+01
1.690003642351290694e+02 1.500000000000000000e+01 1.300000000000000000e+01
1.700003642351290125e+02 1.400000000000000000e+01 1.400000000000000000e+01
1.710003642351289557e+02 1.000000000000000000e+01 1.600000000000000000e+01
1.720003642351288988e+02 5.000000000000000000e+00 1.700000000000000000e+01
1.730003642351288420e+02 3.000000000000000000e+00 1.700000000000000000e+01
1.740003642351287851e+02 1.000000000000000000e+00 1.700000000000000000e+01
1.750003642351287283e+02 0.000000000000000000e+00 1.700000000000000000e+01
1.760003307512970139e+02 0.000000000000000000e+00 1.800000000000000000e+01
1.770003642351286146e+02 1.000000000000000000e+00 2.000000000000000000e+01
1.780003642351285578e+02 3.000000000000000000e+00 2.000000000000000000e+01
1.790003642351285009e+02 3.000000000000000000e+00 2.000000000000000000e+01
1.800003642351284441e+02 4.000000000000000000e+00 2.000000000000000000e+01
1.810003642351283872e+02 4.000000000000000000e+00 1.900000000000000000e+01
1.820003642351283304e+02 7.000000000000000000e+00 2.200000000000000000e+01
1.830003642351282735e+02 9.000000000000000000e+00 2.400000000000000000e+01
1.840003642351282167e+02 9.000000000000000000e+00 2.500000000000000000e+01
1.850003642351281599e+02 1.100000000000000000e+01 2.300000000000000000e+01
1.860003642351281030e+02 1.100000000000000000e+01 2.200000000000000000e+01
1.870003642351280462e+02 1.500000000000000000e+01 2.300000000000000000e+01
1.880003642351279893e+02 1.600000000000000000e+01 2.300000000000000000e+01
1.890003642351279325e+02 1.600000000000000000e+01 2.200000000000000000e+01
1.900003213124682304e+02 1.600000000000000000e+01 2.100000000000000000e+01
1.910003642351278188e+02 1.600000000000000000e+01 2.000000000000000000e+01
1.920003642351277620e+02 1.600000000000000000e+01 1.800000000000000000e+01
1.930003642351277051e+02 1.400000000000000000e+01 1.700000000000000000e+01
1.940003642351276483e+02 1.200000000000000000e+01 1.600000000000000000e+01
1.950002240326285516e+02 1.400000000000000000e+01 1.600000000000000000e+01
1.960003642351275346e+02 1.400000000000000000e+01 1.600000000000000000e+01
1.970003642351274777e+02 1.400000000000000000e+01 1.800000000000000000e+01
1.980003642351274209e+02 1.000000000000000000e+01 1.800000000000000000e+01
1.990003642351273641e+02 1.000000000000000000e+01 1.800000000000000000e+01
2.000003642351273072e+02 1.100000000000000000e+01 1.700000000000000000e+01
2.010003642351272504e+02 1.200000000000000000e+01 1.700000000000000000e+01
2.020003642351271935e+02 1.300000000000000000e+01 1.700000000000000000e+01
2.030003642351271367e+02 1.400000000000000000e+01 1.700000000000000000e+01
2.040003642351270798e+02 1.600000000000000000e+01 1.800000000000000000e+01
2.050003642351270230e+02 1.700000000000000000e+01 1.900000000000000000e+01
2.060003642351269662e+02 1.800000000000000000e+01 1.900000000000000000e+01
2.070003642351269093e+02 1.800000000000000000e+01 2.000000000000000000e+01
2.080003642351268525e+02 1.700000000000000000e+01 2.100000000000000000e+01
2.090003642351267956e+02 2.000000000000000000e+01 2.200000000000000000e+01
2.100003406823202283e+02 2.300000000000000000e+01 2.400000000000000000e+01
2.110003642351266819e+02 2.200000000000000000e+01 2.300000000000000000e+01
2.120003642351266251e+02 2.300000000000000000e+01 1.800000000000000000e+01
2.130003642351265682e+02 2.200000000000000000e+01 1.700000000000000000e+01
2.140003642351265114e+02 2.200000000000000000e+01 1.800000000000000000e+01
2.150003642351264546e+02 2.300000000000000000e+01 1.700000000000000000e+01
2.160002232953791861e+02 2.200000000000000000e+01 1.600000000000000000e+01
2.170003642351263409e+02 2.300000000000000000e+01 1.600000000000000000e+01
2.180003642351262840e+02 2.300000000000000000e+01 1.600000000000000000e+01
2.190003642351262272e+02 2.300000000000000000e+01 1.700000000000000000e+01
2.200003642351261703e+02 2.300000000000000000e+01 1.800000000000000000e+01
2.210003642351261135e+02 2.400000000000000000e+01 1.800000000000000000e+01
2.220003642351260567e+02 2.600000000000000000e+01 2.000000000000000000e+01
2.230003642351259998e+02 2.500000000000000000e+01 2.200000000000000000e+01
2.240000155813814047e+02 2.500000000000000000e+01 2.300000000000000000e+01
2.250003642351258861e+02 2.400000000000000000e+01 2.400000000000000000e+01
2.260003642351258293e+02 2.500000000000000000e+01 2.200000000000000000e+01
2.270003642351257724e+02 2.500000000000000000e+01 2.200000000000000000e+01
2.280003642351257156e+02 2.500000000000000000e+01 2.100000000000000000e+01
2.290003642351256588e+02 2.500000000000000000e+01 1.600000000000000000e+01
2.300002038427026037e+02 2.600000000000000000e+01 1.100000000000000000e+01
2.310003642351255451e+02 2.600000000000000000e+01 1.100000000000000000e+01
2.320003642351254882e+02 2.600000000000000000e+01 9.000000000000000000e+00
2.330003642351254314e+02 2.700000000000000000e+01 8.000000000000000000e+00
2.340003642351253745e+02 3.000000000000000000e+01 5.000000000000000000e+00
2.350003642351253177e+02 3.000000000000000000e+01 7.000000000000000000e+00
2.360003642351252608e+02 3.100000000000000000e+01 5.000000000000000000e+00
2.370003642351252040e+02 3.300000000000000000e+01 4.000000000000000000e+00
2.380003642351251472e+02 3.400000000000000000e+01 2.000000000000000000e+00
2.390003642351250903e+02 3.700000000000000000e+01 3.000000000000000000e+00
2.400003642351250335e+02 3.600000000000000000e+01 4.000000000000000000e+00
2.410003642351249766e+02 3.500000000000000000e+01 4.000000000000000000e+00
2.420003642351249198e+02 3.300000000000000000e+01 4.000000000000000000e+00
2.430003642351248629e+02 3.300000000000000000e+01 5.000000000000000000e+00
2.440003642351248061e+02 3.300000000000000000e+01 3.000000000000000000e+00
2.450003642351247493e+02 3.300000000000000000e+01 2.000000000000000000e+00
2.460003642351246924e+02 3.300000000000000000e+01 2.000000000000000000e+00
2.470003642351246356e+02 2.900000000000000000e+01 2.000000000000000000e+00
2.480003642351245787e+02 2.700000000000000000e+01 3.000000000000000000e+00
2.490003642351245219e+02 2.600000000000000000e+01 2.000000000000000000e+00
2.500003642351244650e+02 2.500000000000000000e+01 2.000000000000000000e+00
2.510003642351244082e+02 2.600000000000000000e+01 1.000000000000000000e+00
2.520003642351243514e+02 2.000000000000000000e+01 1.000000000000000000e+00
2.530003642351242945e+02 1.800000000000000000e+01 2.000000000000000000e+00
2.540003642351242377e+02 1.700000000000000000e+01 2.000000000000000000e+00
2.550003642351241808e+02 1.700000000000000000e+01 4.000000000000000000e+00
2.560003642351241524e+02 1.600000000000000000e+01 4.000000000000000000e+00
2.570003642351243798e+02 1.600000000000000000e+01 4.000000000000000000e+00
2.580003642351246071e+02 1.500000000000000000e+01 5.000000000000000000e+00
2.590003642351248345e+02 1.600000000000000000e+01 6.000000000000000000e+00
2.600003642351250619e+02 1.600000000000000000e+01 7.000000000000000000e+00
2.610003632140308127e+02 1.600000000000000000e+01 7.000000000000000000e+00
2.620003642351255166e+02 1.800000000000000000e+01 8.000000000000000000e+00
2.630002547400065964e+02 1.900000000000000000e+01 8.000000000000000000e+00
2.640000682952598368e+02 2.000000000000000000e+01 7.000000000000000000e+00
2.650003642351261988e+02 2.200000000000000000e+01 9.000000000000000000e+00
2.660003642351264261e+02 2.200000000000000000e+01 9.000000000000000000e+00
2.670003642351266535e+02 2.300000000000000000e+01 8.000000000000000000e+00
2.680003642351268809e+02 2.300000000000000000e+01 9.000000000000000000e+00
2.690003642351271083e+02 2.300000000000000000e+01 1.000000000000000000e+01
2.700003642351273356e+02 2.300000000000000000e+01 1.000000000000000000e+01
2.710003642351275630e+02 2.300000000000000000e+01 6.000000000000000000e+00
2.720003642351277904e+02 2.200000000000000000e+01 6.000000000000000000e+00
2.730003642351280178e+02 2.300000000000000000e+01 4.000000000000000000e+00
2.740003642351282451e+02 2.400000000000000000e+01 3.000000000000000000e+00
2.750003642351284725e+02 2.400000000000000000e+01 5.000000000000000000e+00
2.760003642351286999e+02 2.300000000000000000e+01 4.000000000000000000e+00
2.770003642351289272e+02 2.200000000000000000e+01 2.000000000000000000e+00
2.780003642351291546e+02 2.100000000000000000e+01 2.000000000000000000e+00
2.790003642351293820e+02 1.800000000000000000e+01 2.000000000000000000e+00
2.800003642351296094e+02 1.800000000000000000e+01 2.000000000000000000e+00
2.810003642351298367e+02 1.800000000000000000e+01 2.000000000000000000e+00
2.820003642351300641e+02 1.800000000000000000e+01 3.000000000000000000e+00
2.830003118940521745e+02 1.800000000000000000e+01 3.000000000000000000e+00
2.840003642351305189e+02 1.900000000000000000e+01 2.000000000000000000e+00
2.850003642351307462e+02 1.900000000000000000e+01 0.000000000000000000e+00
2.860003642351309736e+02 2.000000000000000000e+01 0.000000000000000000e+00
2.870003642351312010e+02 2.100000000000000000e+01 0.000000000000000000e+00
2.880003642351314284e+02 1.800000000000000000e+01 0.000000000000000000e+00
2.890003642351316557e+02 1.700000000000000000e+01 1.000000000000000000e+00
2.900003642351318831e+02 1.600000000000000000e+01 1.000000000000000000e+00
2.910002676003283000e+02 1.700000000000000000e+01 0.000000000000000000e+00
2.920003642351323379e+02 1.700000000000000000e+01 1.000000000000000000e+00
2.930003642351325652e+02 1.700000000000000000e+01 1.000000000000000000e+00
2.940003642351327926e+02 1.600000000000000000e+01 2.000000000000000000e+00
2.950003642351330200e+02 1.600000000000000000e+01 2.000000000000000000e+00
2.960003642351332473e+02 1.600000000000000000e+01 2.000000000000000000e+00
2.970003642351334747e+02 1.500000000000000000e+01 3.000000000000000000e+00
2.980003642351337021e+02 1.600000000000000000e+01 2.000000000000000000e+00
2.990003642351339295e+02 1.400000000000000000e+01 1.000000000000000000e+00
3.000002190595984075e+02 1.200000000000000000e+01 3.000000000000000000e+00
