0.000000000000000000e+00 0.000000000000000000e+00 0.000000000000000000e+00
1.000476800399988209e+00 1.000000000000000000e+00 1.000000000000000000e+00
2.000113914974040341e+00 1.000000000000000000e+00 1.000000000000000000e+00
3.000476800399989763e+00 1.000000000000000000e+00 1.000000000000000000e+00
4.000476800399990651e+00 2.000000000000000000e+00 2.000000000000000000e+00
5.000172524788637496e+00 2.000000000000000000e+00 2.000000000000000000e+00
6.000476800399983546e+00 3.000000000000000000e+00 3.000000000000000000e+00
7.000476800399979993e+00 3.000000000000000000e+00 3.000000000000000000e+00
8.000024867310759902e+00 4.000000000000000000e+00 4.000000000000000000e+00
9.000476800399972888e+00 4.000000000000000000e+00 4.000000000000000000e+00
1.000047680039996933e+01 5.000000000000000000e+00 5.000000000000000000e+00
1.100047680039996578e+01 5.000000000000000000e+00 5.000000000000000000e+00
1.200047680039996223e+01 3.000000000000000000e+00 3.000000000000000000e+00
1.300047680039995868e+01 3.000000000000000000e+00 3.000000000000000000e+00
1.400021765610463831e+01 3.000000000000000000e+00 3.000000000000000000e+00
1.500047680039995157e+01 3.000000000000000000e+00 3.000000000000000000e+00
1.600006718236779335e+01 3.000000000000000000e+00 3.000000000000000000e+00
1.700047680039996223e+01 3.000000000000000000e+00 2.000000000000000000e+00
1.800047680039997644e+01 3.000000000000000000e+00 2.000000000000000000e+00
1.900047680039999065e+01 2.000000000000000000e+00 2.000000000000000000e+00
2.000047680040000486e+01 2.000000000000000000e+00 2.000000000000000000e+00
2.100047680040001907e+01 3.000000000000000000e+00 3.000000000000000000e+00
2.200047680040003328e+01 4.000000000000000000e+00 4.000000000000000000e+00
2.300047680040004749e+01 5.000000000000000000e+00 5.000000000000000000e+00
2.400047680040006171e+01 4.000000000000000000e+00 4.000000000000000000e+00
2.500047680040007592e+01 4.000000000000000000e+00 4.000000000000000000e+00
2.600047680040009013e+01 5.000000000000000000e+00 5.000000000000000000e+00
2.700047680040010434e+01 4.000000000000000000e+00 4.000000000000000000e+00
2.800047680040011855e+01 6.000000000000000000e+00 6.000000000000000000e+00
2.900047680040013276e+01 3.000000000000000000e+00 3.000000000000000000e+00
3.000047680040014697e+01 3.000000000000000000e+00 3.000000000000000000e+00
3.100047680040016118e+01 3.000000000000000000e+00 3.000000000000000000e+00
3.200047680040017184e+01 4.000000000000000000e+00 4.000000000000000000e+00
3.300047680040018605e+01 3.000000000000000000e+00 3.000000000000000000e+00
3.400047680040020026e+01 2.000000000000000000e+00 2.000000000000000000e+00
3.500047680040021447e+01 2.000000000000000000e+00 2.000000000000000000e+00
3.600047680040022868e+01 1.000000000000000000e+00 1.000000000000000000e+00
3.700047680040024289e+01 1.000000000000000000e+00 1.000000000000000000e+00
3.800047680040025710e+01 2.000000000000000000e+00 2.000000000000000000e+00
3.900047680040027132e+01 2.000000000000000000e+00 2.000000000000000000e+00
4.000047680040028553e+01 2.000000000000000000e+00 2.000000000000000000e+00
4.100047680040029974e+01 2.000000000000000000e+00 2.000000000000000000e+00
4.200047680040031395e+01 3.000000000000000000e+00 3.000000000000000000e+00
4.300047680040032816e+01 4.000000000000000000e+00 4.000000000000000000e+00
4.400047680040034237e+01 4.000000000000000000e+00 4.000000000000000000e+00
4.500047680040035658e+01 5.000000000000000000e+00 5.000000000000000000e+00
4.600047680040037079e+01 4.000000000000000000e+00 5.000000000000000000e+00
4.700047680040038500e+01 5.000000000000000000e+00 6.000000000000000000e+00
4.800029229349208748e+01 6.000000000000000000e+00 5.000000000000000000e+00
4.900047680040041342e+01 7.000000000000000000e+00 5.000000000000000000e+00
5.000004264407861143e+01 8.000000000000000000e+00 5.000000000000000000e+00
5.100047680040044185e+01 8.000000000000000000e+00 5.000000000000000000e+00
5.200047680040045606e+01 7.000000000000000000e+00 5.000000000000000000e+00
5.300047680040047027e+01 8.000000000000000000e+00 6.000000000000000000e+00
5.400047680040048448e+01 9.000000000000000000e+00 8.000000000000000000e+00
5.500047680040049869e+01 9.000000000000000000e+00 8.000000000000000000e+00
5.600047680040051290e+01 1.100000000000000000e+01 9.000000000000000000e+00
5.700047680040052711e+01 1.100000000000000000e+01 9.000000000000000000e+00
5.800047680040054132e+01 1.100000000000000000e+01 9.000000000000000000e+00
5.900000994383481157e+01 1.200000000000000000e+01 1.000000000000000000e+01
6.000047680040056974e+01 1.200000000000000000e+01 1.200000000000000000e+01
6.100047680040058395e+01 1.200000000000000000e+01 1.000000000000000000e+01
6.200047680040059817e+01 1.200000000000000000e+01 8.000000000000000000e+00
6.300047680040061238e+01 1.200000000000000000e+01 9.000000000000000000e+00
6.400047680040061948e+01 1.000000000000000000e+01 1.000000000000000000e+01
6.500047680040056264e+01 8.000000000000000000e+00 1.100000000000000000e+01
6.600047680040050579e+01 8.000000000000000000e+00 1.200000000000000000e+01
6.700025226630661734e+01 9.000000000000000000e+00 1.100000000000000000e+01
6.800047680040039211e+01 9.000000000000000000e+00 1.100000000000000000e+01
6.900047680040033526e+01 9.000000000000000000e+00 1.000000000000000000e+01
7.000047680040027842e+01 1.000000000000000000e+01 1.000000000000000000e+01
7.100047680040022158e+01 1.200000000000000000e+01 1.100000000000000000e+01
7.200047680040016473e+01 1.400000000000000000e+01 1.400000000000000000e+01
7.300047680040010789e+01 1.200000000000000000e+01 1.100000000000000000e+01
7.400047680040005105e+01 1.200000000000000000e+01 1.100000000000000000e+01
7.500047680039999420e+01 1.200000000000000000e+01 1.200000000000000000e+01
7.600047680039993736e+01 1.200000000000000000e+01 1.100000000000000000e+01
7.700047680039988052e+01 1.200000000000000000e+01 1.100000000000000000e+01
7.800047680039982367e+01 1.300000000000000000e+01 1.100000000000000000e+01
7.900047680039976683e+01 1.200000000000000000e+01 1.100000000000000000e+01
8.000047680039970999e+01 1.100000000000000000e+01 1.200000000000000000e+01
8.100047680039965314e+01 1.100000000000000000e+01 1.200000000000000000e+01
8.200047680039959630e+01 1.000000000000000000e+01 1.100000000000000000e+01
8.300047680039953946e+01 8.000000000000000000e+00 1.100000000000000000e+01
8.400047680039948261e+01 9.000000000000000000e+00 1.300000000000000000e+01
8.500047680039942577e+01 6.000000000000000000e+00 1.200000000000000000e+01
8.600047680039936893e+01 5.000000000000000000e+00 1.100000000000000000e+01
8.700047680039931208e+01 7.000000000000000000e+00 1.300000000000000000e+01
8.800047680039925524e+01 5.000000000000000000e+00 1.400000000000000000e+01
8.900047680039919840e+01 4.000000000000000000e+00 1.400000000000000000e+01
9.000023400886045977e+01 5.000000000000000000e+00 1.400000000000000000e+01
9.100047680039908471e+01 6.000000000000000000e+00 1.500000000000000000e+01
9.200003611247878155e+01 7.000000000000000000e+00 1.100000000000000000e+01
9.300047680039897102e+01 6.000000000000000000e+00 7.000000000000000000e+00
9.400047680039891418e+01 6.000000000000000000e+00 6.000000000000000000e+00
9.500047680039885734e+01 6.000000000000000000e+00 5.000000000000000000e+00
9.600028994740780774e+01 7.000000000000000000e+00 5.000000000000000000e+00
9.700047680039874365e+01 7.000000000000000000e+00 4.000000000000000000e+00
9.800047680039868681e+01 7.000000000000000000e+00 5.000000000000000000e+00
9.900016788725135086e+01 1.100000000000000000e+01 8.000000000000000000e+00
1.000004768003985731e+02 1.000000000000000000e+01 8.000000000000000000e+00
1.010004768003985163e+02 9.000000000000000000e+00 1.000000000000000000e+01
1.020004768003984594e+02 8.000000000000000000e+00 1.100000000000000000e+01
1.030004768003984026e+02 8.000000000000000000e+00 1.100000000000000000e+01
1.040000955136389535e+02 9.000000000000000000e+00 1.200000000000000000e+01
1.050004768003982889e+02 9.000000000000000000e+00 1.300000000000000000e+01
1.060004768003982321e+02 8.000000000000000000e+00 1.100000000000000000e+01
1.070004768003981752e+02 8.000000000000000000e+00 1.200000000000000000e+01
1.080004768003981184e+02 8.000000000000000000e+00 1.200000000000000000e+01
1.090004768003980615e+02 9.000000000000000000e+00 1.000000000000000000e+01
1.100004768003980047e+02 8.000000000000000000e+00 9.000000000000000000e+00
1.110004768003979478e+02 6.000000000000000000e+00 8.000000000000000000e+00
1.120004768003978910e+02 5.000000000000000000e+00 8.000000000000000000e+00
1.130004768003978342e+02 3.000000000000000000e+00 7.000000000000000000e+00
1.140002392341967550e+02 2.000000000000000000e+00 8.000000000000000000e+00
1.150004768003977205e+02 1.000000000000000000e+00 8.000000000000000000e+00
1.160004768003976636e+02 4.000000000000000000e+00 8.000000000000000000e+00
1.170004768003976068e+02 3.000000000000000000e+00 8.000000000000000000e+00
1.180004768003975499e+02 3.000000000000000000e+00 8.000000000000000000e+00
1.190004768003974931e+02 2.000000000000000000e+00 8.000000000000000000e+00
1.200004768003974363e+02 2.000000000000000000e+00 8.000000000000000000e+00
1.210004768003973794e+02 5.000000000000000000e+00 9.000000000000000000e+00
1.220004768003973226e+02 3.000000000000000000e+00 9.000000000000000000e+00
1.230004768003972657e+02 3.000000000000000000e+00 9.000000000000000000e+00
1.240004768003972089e+02 3.000000000000000000e+00 9.000000000000000000e+00
1.250004768003971520e+02 3.000000000000000000e+00 8.000000000000000000e+00
1.260004768003970952e+02 4.000000000000000000e+00 9.000000000000000000e+00
1.270004768003970383e+02 4.000000000000000000e+00 6.000000000000000000e+00
1.280004768003969957e+02 3.000000000000000000e+00 3.000000000000000000e+00
1.290004768003969389e+02 4.000000000000000000e+00 3.000000000000000000e+00
1.300004768003968820e+02 4.000000000000000000e+00 1.000000000000000000e+00
1.310004768003968252e+02 5.000000000000000000e+00 0.000000000000000000e+00
1.320004768003967683e+02 5.000000000000000000e+00 0.000000000000000000e+00
1.330004768003967115e+02 7.000000000000000000e+00 0.000000000000000000e+00
1.340004768003966547e+02 9.000000000000000000e+00 4.000000000000000000e+00
1.350003522080642426e+02 9.000000000000000000e+00 3.000000000000000000e+00
1.360004768003965410e+02 1.000000000000000000e+01 3.000000000000000000e+00
1.370004768003964841e+02 9.000000000000000000e+00 3.000000000000000000e+00
1.380004768003964273e+02 9.000000000000000000e+00 4.000000000000000000e+00
1.390004768003963704e+02 8.000000000000000000e+00 4.000000000000000000e+00
1.400004768003963136e+02 6.000000000000000000e+00 4.000000000000000000e+00
1.410004768003962567e+02 6.000000000000000000e+00 7.000000000000000000e+00
1.420004768003961999e+02 3.000000000000000000e+00 6.000000000000000000e+00
1.430004768003961431e+02 5.000000000000000000e+00 5.000000000000000000e+00
1.440000599969702932e+02 5.000000000000000000e+00 5.000000000000000000e+00
1.450004768003960294e+02 5.000000000000000000e+00 5.000000000000000000e+00
1.460004768003959725e+02 6.000000000000000000e+00 5.000000000000000000e+00
1.470004768003959157e+02 6.000000000000000000e+00 6.000000000000000000e+00
1.480004768003958588e+02 6.000000000000000000e+00 6.000000000000000000e+00
1.490004768003958020e+02 6.000000000000000000e+00 6.000000000000000000e+00
1.500004768003957452e+02 5.000000000000000000e+00 7.000000000000000000e+00
1.510004768003956883e+02 5.000000000000000000e+00 7.000000000000000000e+00
1.520004768003956315e+02 6.000000000000000000e+00 9.000000000000000000e+00
1.530004768003955746e+02 6.000000000000000000e+00 7.000000000000000000e+00
1.540004768003955178e+02 7.000000000000000000e+00 9.000000000000000000e+00
1.550004768003954609e+02 8.000000000000000000e+00 9.000000000000000000e+00
1.560004768003954041e+02 1.000000000000000000e+01 8.000000000000000000e+00
1.570004768003953473e+02 1.000000000000000000e+01 5.000000000000000000e+00
1.580004768003952904e+02 1.100000000000000000e+01 6.000000000000000000e+00
1.590004768003952336e+02 1.100000000000000000e+01 7.000000000000000000e+00
1.600004768003951767e+02 9.000000000000000000e+00 7.000000000000000000e+00
1.610004768003951199e+02 1.000000000000000000e+01 7.000000000000000000e+00
1.620004768003950630e+02 1.100000000000000000e+01 6.000000000000000000e+00
1.630004768003950062e+02 1.200000000000000000e+01 6.000000000000000000e+00
1.640004768003949494e+02 1.300000000000000000e+01 7.000000000000000000e+00
1.650004768003948925e+02 1.200000000000000000e+01 7.000000000000000000e+00
1.660004768003948357e+02 1.200000000000000000e+01 9.000000000000000000e+00
1.670004768003947788e+02 1.300000000000000000e+01 1.000000000000000000e+01
1.680004768003947220e+02 1.400000000000000000e+01 1.300000000000000000e+01
1.690000523579233231e+02 1.400000000000000000e+01 1.200000000000000000e+01
1.700004768003946083e+02 1.500000000000000000e+01 1.300000000000000000e+01
1.710004768003945514e+02 1.400000000000000000e+01 1.400000000000000000e+01
1.720004768003944946e+02 1.300000000000000000e+01 1.500000000000000000e+01
1.730004768003944378e+02 1.100000000000000000e+01 1.500000000000000000e+01
1.740004768003943809e+02 1.300000000000000000e+01 1.600000000000000000e+01
1.750004183308152790e+02 1.100000000000000000e+01 1.700000000000000000e+01
1.760004768003942672e+02 1.100000000000000000e+01 1.500000000000000000e+01
1.770004768003942104e+02 8.000000000000000000e+00 1.500000000000000000e+01
1.780004768003941535e+02 7.000000000000000000e+00 1.700000000000000000e+01
1.790004768003940967e+02 8.000000000000000000e+00 1.500000000000000000e+01
1.800004768003940399e+02 6.000000000000000000e+00 1.500000000000000000e+01
1.810004768003939830e+02 8.000000000000000000e+00 9.000000000000000000e+00
1.820003466397822365e+02 8.000000000000000000e+00 6.000000000000000000e+00
1.830004768003938693e+02 9.000000000000000000e+00 5.000000000000000000e+00
1.840004768003938125e+02 1.100000000000000000e+01 6.000000000000000000e+00
1.850004768003937556e+02 9.000000000000000000e+00 5.000000000000000000e+00
1.860004768003936988e+02 6.000000000000000000e+00 4.000000000000000000e+00
1.870004768003936420e+02 6.000000000000000000e+00 2.000000000000000000e+00
1.880004768003935851e+02 5.000000000000000000e+00 2.000000000000000000e+00
1.890000066348877397e+02 6.000000000000000000e+00 3.000000000000000000e+00
1.900004768003934714e+02 8.000000000000000000e+00 3.000000000000000000e+00
1.910004768003934146e+02 7.000000000000000000e+00 3.000000000000000000e+00
1.920004768003933577e+02 7.000000000000000000e+00 3.000000000000000000e+00
1.930004768003933009e+02 6.000000000000000000e+00 4.000000000000000000e+00
1.940004768003932440e+02 7.000000000000000000e+00 4.000000000000000000e+00
1.950004768003931872e+02 7.000000000000000000e+00 5.000000000000000000e+00
1.960004768003931304e+02 8.000000000000000000e+00 4.000000000000000000e+00
1.970004768003930735e+02 1.000000000000000000e+01 6.000000000000000000e+00
1.980004768003930167e+02 1.000000000000000000e+01 6.000000000000000000e+00
1.990004768003929598e+02 1.100000000000000000e+01 5.000000000000000000e+00
2.000004768003929030e+02 1.200000000000000000e+01 6.000000000000000000e+00
2.010002738780855225e+02 1.300000000000000000e+01 7.000000000000000000e+00
2.020004768003927893e+02 1.400000000000000000e+01 6.000000000000000000e+00
2.030004768003927325e+02 7.000000000000000000e+00 6.000000000000000000e+00
2.040004768003926756e+02 6.000000000000000000e+00 6.000000000000000000e+00
2.050004768003926188e+02 7.000000000000000000e+00 6.000000000000000000e+00
2.060004768003925619e+02 5.000000000000000000e+00 8.000000000000000000e+00
2.070004768003925051e+02 5.000000000000000000e+00 7.000000000000000000e+00
2.080004768003924482e+02 5.000000000000000000e+00 9.000000000000000000e+00
2.090004768003923914e+02 3.000000000000000000e+00 8.000000000000000000e+00
2.100004768003923346e+02 2.000000000000000000e+00 7.000000000000000000e+00
2.110004768003922777e+02 2.000000000000000000e+00 7.000000000000000000e+00
2.120004768003922209e+02 3.000000000000000000e+00 7.000000000000000000e+00
2.130004768003921640e+02 4.000000000000000000e+00 9.000000000000000000e+00
2.140004768003921072e+02 4.000000000000000000e+00 1.000000000000000000e+01
2.150004768003920503e+02 4.000000000000000000e+00 8.000000000000000000e+00
2.160004768003919935e+02 4.000000000000000000e+00 9.000000000000000000e+00
2.170004768003919366e+02 4.000000000000000000e+00 7.000000000000000000e+00
2.180004768003918798e+02 5.000000000000000000e+00 7.000000000000000000e+00
2.190004768003918230e+02 5.000000000000000000e+00 8.000000000000000000e+00
2.200004768003917661e+02 5.000000000000000000e+00 7.000000000000000000e+00
2.210004768003917093e+02 7.000000000000000000e+00 8.000000000000000000e+00
2.220004768003916524e+02 8.000000000000000000e+00 9.000000000000000000e+00
2.230004768003915956e+02 9.000000000000000000e+00 1.000000000000000000e+01
2.240004768003915387e+02 1.000000000000000000e+01 1.100000000000000000e+01
2.250004768003914819e+02 1.000000000000000000e+01 1.200000000000000000e+01
2.260004768003914251e+02 1.000000000000000000e+01 1.200000000000000000e+01
2.270004768003913682e+02 1.000000000000000000e+01 1.300000000000000000e+01
2.280004768003913114e+02 1.100000000000000000e+01 1.500000000000000000e+01
2.290003185899541904e+02 1.200000000000000000e+01 1.500000000000000000e+01
2.300004768003911977e+02 1.100000000000000000e+01 1.600000000000000000e+01
2.310002134136734355e+02 1.200000000000000000e+01 1.800000000000000000e+01
2.320004768003910840e+02 1.400000000000000000e+01 2.100000000000000000e+01
2.330004768003910272e+02 1.300000000000000000e+01 2.100000000000000000e+01
2.340004768003909703e+02 1.400000000000000000e+01 2.100000000000000000e+01
2.350001000296854841e+02 1.200000000000000000e+01 1.900000000000000000e+01
2.360004768003908566e+02 1.400000000000000000e+01 1.900000000000000000e+01
2.370004768003907998e+02 1.700000000000000000e+01 1.900000000000000000e+01
2.380002141967505622e+02 1.700000000000000000e+01 1.800000000000000000e+01
2.390004768003906861e+02 1.700000000000000000e+01 1.500000000000000000e+01
2.400004768003906293e+02 1.700000000000000000e+01 1.500000000000000000e+01
2.410004768003905724e+02 1.800000000000000000e+01 1.300000000000000000e+01
2.420004768003905156e+02 2.000000000000000000e+01 1.500000000000000000e+01
2.430004768003904587e+02 2.100000000000000000e+01 1.300000000000000000e+01
2.440000127326169093e+02 2.000000000000000000e+01 1.300000000000000000e+01
2.450004768003903450e+02 1.900000000000000000e+01 1.300000000000000000e+01
2.460004768003902882e+02 1.800000000000000000e+01 1.400000000000000000e+01
2.470004768003902313e+02 1.700000000000000000e+01 1.300000000000000000e+01
2.480004768003901745e+02 1.800000000000000000e+01 1.400000000000000000e+01
2.490004768003901177e+02 1.900000000000000000e+01 1.300000000000000000e+01
2.500004768003900608e+02 2.000000000000000000e+01 1.100000000000000000e+01
2.510004768003900040e+02 1.900000000000000000e+01 1.200000000000000000e+01
2.520004768003899471e+02 1.800000000000000000e+01 1.000000000000000000e+01
2.530004768003898903e+02 1.800000000000000000e+01 1.000000000000000000e+01
2.540004768003898334e+02 1.800000000000000000e+01 9.000000000000000000e+00
2.550004768003897766e+02 1.600000000000000000e+01 8.000000000000000000e+00
2.560000208271278552e+02 1.700000000000000000e+01 6.000000000000000000e+00
2.570004768003899471e+02 1.800000000000000000e+01 6.000000000000000000e+00
2.580004768003901745e+02 1.800000000000000000e+01 4.000000000000000000e+00
2.590000535731649052e+02 2.000000000000000000e+01 3.000000000000000000e+00
2.600004768003906293e+02 1.700000000000000000e+01 1.000000000000000000e+00
2.610004768003908566e+02 1.200000000000000000e+01 2.000000000000000000e+00
2.620004768003910840e+02 1.000000000000000000e+01 6.000000000000000000e+00
2.630004768003913114e+02 1.000000000000000000e+01 7.000000000000000000e+00
2.640001622677933710e+02 9.000000000000000000e+00 7.000000000000000000e+00
2.650004768003917661e+02 1.000000000000000000e+01 8.000000000000000000e+00
2.660004768003919935e+02 1.000000000000000000e+01 1.100000000000000000e+01
2.670004768003922209e+02 1.300000000000000000e+01 1.100000000000000000e+01
2.680001815755634880e+02 1.300000000000000000e+01 1.200000000000000000e+01
2.690004768003926756e+02 1.400000000000000000e+01 1.000000000000000000e+01
2.700004768003929030e+02 1.300000000000000000e+01 1.100000000000000000e+01
2.710004768003931304e+02 1.500000000000000000e+01 1.200000000000000000e+01
2.720004768003933577e+02 1.700000000000000000e+01 1.200000000000000000e+01
2.730004768003935851e+02 1.800000000000000000e+01 1.100000000000000000e+01
2.740004768003938125e+02 2.000000000000000000e+01 1.000000000000000000e+01
2.750004768003940399e+02 2.000000000000000000e+01 9.000000000000000000e+00
2.760004768003942672e+02 2.000000000000000000e+01 8.000000000000000000e+00
2.770004768003944946e+02 2.000000000000000000e+01 7.000000000000000000e+00
2.780004768003947220e+02 2.000000000000000000e+01 7.000000000000000000e+00
2.790004768003949494e+02 2.100000000000000000e+01 7.000000000000000000e+00
2.800004768003951767e+02 1.700000000000000000e+01 5.000000000000000000e+00
2.810004768003954041e+02 1.700000000000000000e+01 5.000000000000000000e+00
2.820004768003956315e+02 1.600000000000000000e+01 3.000000000000000000e+00
2.830004768003958588e+02 1.500000000000000000e+01 4.000000000000000000e+00
2.840004768003960862e+02 1.500000000000000000e+01 3.000000000000000000e+00
2.850004768003963136e+02 1.800000000000000000e+01 3.000000000000000000e+00
2.860004768003965410e+02 1.800000000000000000e+01 4.000000000000000000e+00
2.870004768003967683e+02 1.800000000000000000e+01 4.000000000000000000e+00
2.880004768003969957e+02 1.700000000000000000e+01 3.000000000000000000e+00
2.890004768003972231e+02 1.800000000000000000e+01 5.000000000000000000e+00
2.900004768003974505e+02 1.900000000000000000e+01 6.000000000000000000e+00
2.910004768003976778e+02 2.000000000000000000e+01 7.000000000000000000e+00
2.920004768003979052e+02 2.100000000000000000e+01 7.000000000000000000e+00
2.930004768003981326e+02 2.200000000000000000e+01 6.000000000000000000e+00
2.940004768003983600e+02 2.200000000000000000e+01 5.000000000000000000e+00
2.950004768003985873e+02 2.300000000000000000e+01 6.000000000000000000e+00
2.960000898567928971e+02 2.300000000000000000e+01 9.000000000000000000e+00
2.970004768003990421e+02 2.200000000000000000e+01 8.000000000000000000e+00
2.980004768003992695e+02 2.200000000000000000e+01 7.000000000000000000e+00
2.990004768003994968e+02 2.100000000000000000e+01 7.000000000000000000e+00
3.000004768003997242e+02 2.200000000000000000e+01 8.000000000000000000e+00
