0.000000000000000000e+00 0.000000000000000000e+00 0.000000000000000000e+00
1.000609144346545021e+00 1.000000000000000000e+00 1.000000000000000000e+00
2.000609144346545687e+00 4.000000000000000000e+00 4.000000000000000000e+00
3.000609144346546575e+00 5.000000000000000000e+00 5.000000000000000000e+00
4.000135421565230054e+00 5.000000000000000000e+00 5.000000000000000000e+00
5.000449367327590267e+00 5.000000000000000000e+00 5.000000000000000000e+00
6.000609144346539914e+00 7.000000000000000000e+00 7.000000000000000000e+00
7.000609144346536361e+00 9.000000000000000000e+00 9.000000000000000000e+00
8.000537422122775411e+00 1.100000000000000000e+01 1.100000000000000000e+01
9.000609144346530144e+00 1.000000000000000000e+01 1.000000000000000000e+01
1.000060914434652659e+01 9.000000000000000000e+00 9.000000000000000000e+00
1.100060914434652304e+01 7.000000000000000000e+00 7.000000000000000000e+00
1.200060914434651949e+01 8.000000000000000000e+00 8.000000000000000000e+00
1.300060914434651593e+01 6.000000000000000000e+00 6.000000000000000000e+00
1.400060914434651238e+01 5.000000000000000000e+00 5.000000000000000000e+00
1.500060914434650883e+01 5.000000000000000000e+00 5.000000000000000000e+00
1.600060914434650527e+01 6.000000000000000000e+00 6.000000000000000000e+00
1.700060914434651949e+01 6.000000000000000000e+00 6.000000000000000000e+00
1.800060914434653370e+01 7.000000000000000000e+00 6.000000000000000000e+00
1.900060914434654791e+01 7.000000000000000000e+00 7.000000000000000000e+00
2.000060914434656212e+01 9.000000000000000000e+00 9.000000000000000000e+00
2.100060914434657633e+01 8.000000000000000000e+00 8.000000000000000000e+00
2.200060914434659054e+01 9.000000000000000000e+00 9.000000000000000000e+00
2.300033064008367134e+01 9.000000000000000000e+00 8.000000000000000000e+00
2.400060914434661896e+01 9.000000000000000000e+00 8.000000000000000000e+00
2.500060914434663317e+01 8.000000000000000000e+00 6.000000000000000000e+00
2.600000996164994760e+01 6.000000000000000000e+00 6.000000000000000000e+00
2.700060914434666159e+01 7.000000000000000000e+00 5.000000000000000000e+00
2.800060914434667581e+01 6.000000000000000000e+00 5.000000000000000000e+00
2.900060914434669002e+01 4.000000000000000000e+00 2.000000000000000000e+00
3.000060914434670423e+01 3.000000000000000000e+00 3.000000000000000000e+00
3.100060914434671844e+01 4.000000000000000000e+00 4.000000000000000000e+00
3.200060914434673265e+01 5.000000000000000000e+00 4.000000000000000000e+00
3.300028852935100332e+01 6.000000000000000000e+00 5.000000000000000000e+00
3.400060914434676107e+01 7.000000000000000000e+00 7.000000000000000000e+00
3.500060914434677528e+01 7.000000000000000000e+00 7.000000000000000000e+00
3.600060914434678949e+01 7.000000000000000000e+00 7.000000000000000000e+00
3.700060914434680370e+01 9.000000000000000000e+00 9.000000000000000000e+00
3.800054548091575413e+01 1.100000000000000000e+01 1.100000000000000000e+01
3.900060914434683212e+01 1.200000000000000000e+01 1.100000000000000000e+01
4.000060914434684634e+01 1.200000000000000000e+01 9.000000000000000000e+00
4.100060914434686055e+01 1.200000000000000000e+01 8.000000000000000000e+00
4.200060914434687476e+01 1.200000000000000000e+01 5.000000000000000000e+00
4.300060914434688897e+01 1.300000000000000000e+01 7.000000000000000000e+00
4.400022693069354318e+01 1.200000000000000000e+01 1.000000000000000000e+00
4.500060914434691739e+01 1.100000000000000000e+01 1.000000000000000000e+00
4.600060914434693160e+01 6.000000000000000000e+00 1.000000000000000000e+00
4.700060914434694581e+01 5.000000000000000000e+00 1.000000000000000000e+00
4.800060914434696002e+01 4.000000000000000000e+00 1.000000000000000000e+00
4.900060914434697423e+01 4.000000000000000000e+00 2.000000000000000000e+00
5.000060914434698844e+01 3.000000000000000000e+00 2.000000000000000000e+00
5.100060914434700265e+01 2.000000000000000000e+00 1.000000000000000000e+00
5.200060914434701687e+01 3.000000000000000000e+00 3.000000000000000000e+00
5.300060914434703108e+01 3.000000000000000000e+00 2.000000000000000000e+00
5.400060914434704529e+01 4.000000000000000000e+00 5.000000000000000000e+00
5.500060914434705950e+01 3.000000000000000000e+00 4.000000000000000000e+00
5.600060914434707371e+01 3.000000000000000000e+00 2.000000000000000000e+00
5.700060914434708792e+01 3.000000000000000000e+00 2.000000000000000000e+00
5.800035280375333002e+01 4.000000000000000000e+00 4.000000000000000000e+00
5.900060914434711634e+01 7.000000000000000000e+00 5.000000000000000000e+00
6.000033854349813822e+01 7.000000000000000000e+00 5.000000000000000000e+00
6.100060914434714476e+01 7.000000000000000000e+00 6.000000000000000000e+00
6.200060914434715897e+01 7.000000000000000000e+00 6.000000000000000000e+00
6.300060914434717318e+01 7.000000000000000000e+00 6.000000000000000000e+00
6.400060914434718029e+01 9.000000000000000000e+00 8.000000000000000000e+00
6.500060914434712345e+01 1.000000000000000000e+01 7.000000000000000000e+00
6.600060914434706660e+01 1.200000000000000000e+01 8.000000000000000000e+00
6.700060914434700976e+01 1.200000000000000000e+01 8.000000000000000000e+00
6.800060914434695292e+01 1.200000000000000000e+01 1.000000000000000000e+01
6.900060914434689607e+01 1.100000000000000000e+01 1.000000000000000000e+01
7.000060914434683923e+01 1.000000000000000000e+01 1.100000000000000000e+01
7.100060914434678239e+01 9.000000000000000000e+00 1.000000000000000000e+01
7.200060914434672554e+01 9.000000000000000000e+00 1.000000000000000000e+01
7.300060914434666870e+01 1.000000000000000000e+01 9.000000000000000000e+00
7.400060914434661186e+01 1.000000000000000000e+01 1.000000000000000000e+01
7.500060914434655501e+01 9.000000000000000000e+00 1.100000000000000000e+01
7.600060914434649817e+01 1.100000000000000000e+01 1.300000000000000000e+01
7.700060914434644133e+01 9.000000000000000000e+00 1.000000000000000000e+01
7.800060914434638448e+01 9.000000000000000000e+00 1.000000000000000000e+01
7.900060914434632764e+01 9.000000000000000000e+00 8.000000000000000000e+00
8.000060914434627080e+01 8.000000000000000000e+00 8.000000000000000000e+00
8.100060914434621395e+01 6.000000000000000000e+00 7.000000000000000000e+00
8.200060914434615711e+01 6.000000000000000000e+00 7.000000000000000000e+00
8.300060914434610027e+01 8.000000000000000000e+00 8.000000000000000000e+00
8.400060914434604342e+01 8.000000000000000000e+00 6.000000000000000000e+00
8.500060914434598658e+01 7.000000000000000000e+00 5.000000000000000000e+00
8.600060914434592974e+01 9.000000000000000000e+00 6.000000000000000000e+00
8.700060914434587289e+01 9.000000000000000000e+00 6.000000000000000000e+00
8.800060914434581605e+01 1.100000000000000000e+01 6.000000000000000000e+00
8.900005965435069299e+01 1.200000000000000000e+01 8.000000000000000000e+00
9.000060914434570236e+01 1.100000000000000000e+01 8.000000000000000000e+00
9.100060914434564552e+01 1.000000000000000000e+01 7.000000000000000000e+00
9.200060914434558867e+01 6.000000000000000000e+00 7.000000000000000000e+00
9.300060914434553183e+01 6.000000000000000000e+00 8.000000000000000000e+00
9.400060914434547499e+01 4.000000000000000000e+00 8.000000000000000000e+00
9.500060914434541814e+01 5.000000000000000000e+00 8.000000000000000000e+00
9.600060914434536130e+01 6.000000000000000000e+00 1.000000000000000000e+01
9.700060914434530446e+01 6.000000000000000000e+00 9.000000000000000000e+00
9.800060914434524761e+01 6.000000000000000000e+00 9.000000000000000000e+00
9.900060914434519077e+01 5.000000000000000000e+00 9.000000000000000000e+00
1.000005277122767069e+02 6.000000000000000000e+00 6.000000000000000000e+00
1.010006091443450771e+02 6.000000000000000000e+00 6.000000000000000000e+00
1.020006091443450202e+02 4.000000000000000000e+00 5.000000000000000000e+00
1.030003492661973183e+02 4.000000000000000000e+00 5.000000000000000000e+00
1.040006091443449066e+02 6.000000000000000000e+00 5.000000000000000000e+00
1.050006091443448497e+02 8.000000000000000000e+00 6.000000000000000000e+00
1.060005921185141489e+02 9.000000000000000000e+00 7.000000000000000000e+00
1.070006091443447360e+02 1.000000000000000000e+01 8.000000000000000000e+00
1.080001279656613917e+02 1.100000000000000000e+01 8.000000000000000000e+00
1.090006091443446223e+02 1.200000000000000000e+01 7.000000000000000000e+00
1.100006091443445655e+02 1.300000000000000000e+01 8.000000000000000000e+00
1.110006091443445086e+02 1.200000000000000000e+01 7.000000000000000000e+00
1.120006091443444518e+02 1.300000000000000000e+01 8.000000000000000000e+00
1.130006091443443950e+02 1.400000000000000000e+01 9.000000000000000000e+00
1.140006091443443381e+02 1.400000000000000000e+01 9.000000000000000000e+00
1.150004096995696017e+02 1.400000000000000000e+01 7.000000000000000000e+00
1.160006048425692313e+02 1.500000000000000000e+01 7.000000000000000000e+00
1.170006091443441676e+02 1.400000000000000000e+01 7.000000000000000000e+00
1.180006091443441107e+02 1.400000000000000000e+01 7.000000000000000000e+00
1.190005618840112618e+02 1.500000000000000000e+01 7.000000000000000000e+00
1.200006091443439971e+02 1.000000000000000000e+01 6.000000000000000000e+00
1.210006091443439402e+02 1.000000000000000000e+01 2.000000000000000000e+00
1.220006091443438834e+02 1.100000000000000000e+01 2.000000000000000000e+00
1.230006091443438265e+02 9.000000000000000000e+00 1.000000000000000000e+00
1.240005369384325178e+02 9.000000000000000000e+00 0.000000000000000000e+00
1.250006091443437128e+02 9.000000000000000000e+00 1.000000000000000000e+00
1.260006091443436560e+02 9.000000000000000000e+00 1.000000000000000000e+00
1.270006091443435992e+02 9.000000000000000000e+00 3.000000000000000000e+00
1.280006091443435423e+02 9.000000000000000000e+00 3.000000000000000000e+00
1.290002671702775956e+02 8.000000000000000000e+00 3.000000000000000000e+00
1.300006091443434286e+02 9.000000000000000000e+00 3.000000000000000000e+00
1.310006091443433718e+02 1.000000000000000000e+01 5.000000000000000000e+00
1.320006091443433149e+02 1.000000000000000000e+01 4.000000000000000000e+00
1.330006091443432581e+02 1.300000000000000000e+01 4.000000000000000000e+00
1.340006091443432013e+02 1.300000000000000000e+01 5.000000000000000000e+00
1.350006091443431444e+02 1.100000000000000000e+01 6.000000000000000000e+00
1.360006091443430876e+02 1.100000000000000000e+01 4.000000000000000000e+00
1.370006091443430307e+02 1.200000000000000000e+01 4.000000000000000000e+00
1.380006091443429739e+02 1.300000000000000000e+01 5.000000000000000000e+00
1.390006091443429170e+02 1.300000000000000000e+01 4.000000000000000000e+00
1.400006091443428602e+02 1.200000000000000000e+01 4.000000000000000000e+00
1.410006091443428033e+02 1.200000000000000000e+01 4.000000000000000000e+00
1.420006091443427465e+02 9.000000000000000000e+00 4.000000000000000000e+00
1.430006091443426897e+02 8.000000000000000000e+00 4.000000000000000000e+00
1.440006091443426328e+02 8.000000000000000000e+00 5.000000000000000000e+00
1.450003225857813618e+02 8.000000000000000000e+00 5.000000000000000000e+00
1.460006091443425191e+02 9.000000000000000000e+00 5.000000000000000000e+00
1.470006091443424623e+02 8.000000000000000000e+00 5.000000000000000000e+00
1.480006091443424054e+02 9.000000000000000000e+00 5.000000000000000000e+00
1.490006091443423486e+02 9.000000000000000000e+00 5.000000000000000000e+00
1.500006091443422918e+02 9.000000000000000000e+00 6.000000000000000000e+00
1.510004051870437536e+02 9.000000000000000000e+00 6.000000000000000000e+00
1.520006091443421781e+02 8.000000000000000000e+00 6.000000000000000000e+00
1.530006091443421212e+02 9.000000000000000000e+00 8.000000000000000000e+00
1.540006091443420644e+02 9.000000000000000000e+00 9.000000000000000000e+00
1.550006091443420075e+02 8.000000000000000000e+00 9.000000000000000000e+00
1.560006091443419507e+02 8.000000000000000000e+00 1.000000000000000000e+01
1.570006091443418939e+02 8.000000000000000000e+00 1.000000000000000000e+01
1.580006091443418370e+02 8.000000000000000000e+00 1.200000000000000000e+01
1.590006091443417802e+02 9.000000000000000000e+00 1.300000000000000000e+01
1.600001134796853250e+02 1.100000000000000000e+01 1.300000000000000000e+01
1.610006091443416665e+02 9.000000000000000000e+00 1.300000000000000000e+01
1.620004574335497978e+02 9.000000000000000000e+00 1.300000000000000000e+01
1.630006091443415528e+02 1.000000000000000000e+01 1.200000000000000000e+01
1.640006091443414959e+02 1.100000000000000000e+01 1.100000000000000000e+01
1.650006091443414391e+02 1.100000000000000000e+01 1.100000000000000000e+01
1.660006091443413823e+02 1.200000000000000000e+01 8.000000000000000000e+00
1.670006091443413254e+02 1.200000000000000000e+01 7.000000000000000000e+00
1.680006091443412686e+02 1.300000000000000000e+01 9.000000000000000000e+00
1.690006091443412117e+02 1.300000000000000000e+01 9.000000000000000000e+00
1.700006091443411549e+02 1.300000000000000000e+01 1.000000000000000000e+01
1.710003216574528437e+02 1.400000000000000000e+01 1.000000000000000000e+01
1.720003960757911727e+02 1.400000000000000000e+01 9.000000000000000000e+00
1.730006091443409844e+02 1.600000000000000000e+01 9.000000000000000000e+00
1.740006091443409275e+02 1.600000000000000000e+01 9.000000000000000000e+00
1.750003667560845031e+02 1.500000000000000000e+01 8.000000000000000000e+00
1.760006091443408138e+02 1.600000000000000000e+01 5.000000000000000000e+00
1.770006091443407570e+02 1.500000000000000000e+01 4.000000000000000000e+00
1.780006091443407001e+02 1.500000000000000000e+01 4.000000000000000000e+00
1.790006091443406433e+02 1.400000000000000000e+01 4.000000000000000000e+00
1.800006091443405865e+02 1.400000000000000000e+01 6.000000000000000000e+00
1.810006091443405296e+02 1.500000000000000000e+01 7.000000000000000000e+00
1.820006091443404728e+02 1.400000000000000000e+01 5.000000000000000000e+00
1.830006091443404159e+02 1.100000000000000000e+01 4.000000000000000000e+00
1.840006091443403591e+02 1.100000000000000000e+01 3.000000000000000000e+00
1.850006091443403022e+02 1.200000000000000000e+01 2.000000000000000000e+00
1.860004953846080866e+02 1.300000000000000000e+01 3.000000000000000000e+00
1.870005952013251260e+02 1.100000000000000000e+01 3.000000000000000000e+00
1.880006091443401317e+02 1.000000000000000000e+01 3.000000000000000000e+00
1.890006091443400749e+02 1.100000000000000000e+01 5.000000000000000000e+00
1.900006091443400180e+02 1.100000000000000000e+01 5.000000000000000000e+00
1.910004521681781284e+02 8.000000000000000000e+00 5.000000000000000000e+00
1.920006091443399043e+02 8.000000000000000000e+00 2.000000000000000000e+00
1.930006091443398475e+02 8.000000000000000000e+00 1.000000000000000000e+00
1.940006091443397906e+02 5.000000000000000000e+00 1.000000000000000000e+00
1.950001464349745675e+02 6.000000000000000000e+00 2.000000000000000000e+00
1.960006091443396770e+02 6.000000000000000000e+00 1.000000000000000000e+00
1.970006091443396201e+02 6.000000000000000000e+00 1.000000000000000000e+00
1.980006091443395633e+02 1.000000000000000000e+01 2.000000000000000000e+00
1.990006091443395064e+02 9.000000000000000000e+00 1.000000000000000000e+00
2.000006091443394496e+02 9.000000000000000000e+00 1.000000000000000000e+00
2.010002195438360957e+02 9.000000000000000000e+00 2.000000000000000000e+00
2.020006091443393359e+02 1.000000000000000000e+01 2.000000000000000000e+00
2.030006091443392791e+02 1.000000000000000000e+01 3.000000000000000000e+00
2.040006091443392222e+02 1.000000000000000000e+01 3.000000000000000000e+00
2.050006091443391654e+02 1.000000000000000000e+01 3.000000000000000000e+00
2.060006091443391085e+02 1.000000000000000000e+01 3.000000000000000000e+00
2.070006091443390517e+02 1.200000000000000000e+01 4.000000000000000000e+00
2.080006091443389948e+02 1.400000000000000000e+01 6.000000000000000000e+00
2.090006091443389380e+02 1.400000000000000000e+01 5.000000000000000000e+00
2.100006091443388812e+02 1.300000000000000000e+01 5.000000000000000000e+00
2.110006091443388243e+02 1.400000000000000000e+01 5.000000000000000000e+00
2.120006091443387675e+02 1.400000000000000000e+01 5.000000000000000000e+00
2.130006091443387106e+02 1.400000000000000000e+01 6.000000000000000000e+00
2.140006091443386538e+02 1.200000000000000000e+01 5.000000000000000000e+00
2.150000647194084138e+02 1.200000000000000000e+01 6.000000000000000000e+00
2.160006091443385401e+02 1.100000000000000000e+01 6.000000000000000000e+00
2.170005786552126779e+02 1.100000000000000000e+01 6.000000000000000000e+00
2.180006091443384264e+02 1.200000000000000000e+01 5.000000000000000000e+00
2.190006091443383696e+02 1.200000000000000000e+01 5.000000000000000000e+00
2.200006091443383127e+02 1.400000000000000000e+01 6.000000000000000000e+00
2.210006091443382559e+02 1.400000000000000000e+01 6.000000000000000000e+00
2.220006091443381990e+02 1.400000000000000000e+01 7.000000000000000000e+00
2.230006091443381422e+02 1.400000000000000000e+01 6.000000000000000000e+00
2.240006091443380853e+02 1.200000000000000000e+01 7.000000000000000000e+00
2.250006091443380285e+02 1.300000000000000000e+01 1.100000000000000000e+01
2.260006091443379717e+02 1.200000000000000000e+01 1.200000000000000000e+01
2.270006091443379148e+02 1.000000000000000000e+01 1.000000000000000000e+01
2.280006091443378580e+02 8.000000000000000000e+00 9.000000000000000000e+00
2.290006091443378011e+02 8.000000000000000000e+00 8.000000000000000000e+00
2.300006091443377443e+02 9.000000000000000000e+00 5.000000000000000000e+00
2.310006091443376874e+02 7.000000000000000000e+00 6.000000000000000000e+00
2.320006091443376306e+02 7.000000000000000000e+00 6.000000000000000000e+00
2.330006091443375738e+02 6.000000000000000000e+00 1.000000000000000000e+01
2.340006091443375169e+02 7.000000000000000000e+00 9.000000000000000000e+00
2.350005379658411755e+02 7.000000000000000000e+00 1.000000000000000000e+01
2.360006091443374032e+02 7.000000000000000000e+00 1.100000000000000000e+01
2.370006091443373464e+02 9.000000000000000000e+00 1.000000000000000000e+01
2.380006091443372895e+02 1.000000000000000000e+01 1.200000000000000000e+01
2.390006091443372327e+02 1.200000000000000000e+01 1.700000000000000000e+01
2.400006091443371758e+02 1.300000000000000000e+01 1.800000000000000000e+01
2.410006091443371190e+02 1.300000000000000000e+01 1.800000000000000000e+01
2.420006091443370622e+02 1.300000000000000000e+01 1.800000000000000000e+01
2.430006091443370053e+02 1.200000000000000000e+01 1.700000000000000000e+01
2.440006091443369485e+02 1.300000000000000000e+01 1.400000000000000000e+01
2.450006091443368916e+02 1.300000000000000000e+01 1.400000000000000000e+01
2.460003909021331765e+02 1.600000000000000000e+01 1.600000000000000000e+01
2.470006091443367779e+02 1.500000000000000000e+01 1.300000000000000000e+01
2.480006091443367211e+02 1.500000000000000000e+01 1.000000000000000000e+01
2.490006091443366643e+02 1.500000000000000000e+01 1.000000000000000000e+01
2.500006091443366074e+02 1.400000000000000000e+01 1.100000000000000000e+01
2.510006091443365506e+02 1.400000000000000000e+01 1.000000000000000000e+01
2.520004223424712961e+02 1.200000000000000000e+01 1.100000000000000000e+01
2.530006091443364369e+02 1.000000000000000000e+01 1.100000000000000000e+01
2.540006091443363800e+02 9.000000000000000000e+00 1.200000000000000000e+01
2.550006091443363232e+02 8.000000000000000000e+00 1.100000000000000000e+01
2.560003018095235348e+02 9.000000000000000000e+00 1.100000000000000000e+01
2.570006091443365221e+02 1.000000000000000000e+01 1.100000000000000000e+01
2.580006091443367495e+02 9.000000000000000000e+00 1.100000000000000000e+01
2.590006091443369769e+02 9.000000000000000000e+00 1.200000000000000000e+01
2.600006091443372043e+02 1.100000000000000000e+01 1.500000000000000000e+01
2.610006091443374316e+02 1.200000000000000000e+01 1.300000000000000000e+01
2.620006091443376590e+02 1.300000000000000000e+01 1.500000000000000000e+01
2.630002168225552737e+02 1.300000000000000000e+01 1.700000000000000000e+01
2.640006091443381138e+02 1.300000000000000000e+01 1.600000000000000000e+01
2.650006091443383411e+02 1.600000000000000000e+01 1.700000000000000000e+01
2.660006091443385685e+02 1.600000000000000000e+01 1.600000000000000000e+01
2.670006091443387959e+02 1.700000000000000000e+01 1.700000000000000000e+01
2.680006091443390233e+02 1.900000000000000000e+01 1.700000000000000000e+01
2.690006091443392506e+02 1.700000000000000000e+01 1.600000000000000000e+01
2.700006091443394780e+02 1.700000000000000000e+01 1.800000000000000000e+01
2.710006091443397054e+02 1.800000000000000000e+01 1.800000000000000000e+01
2.720004062318804472e+02 1.900000000000000000e+01 1.800000000000000000e+01
2.730006091443401601e+02 1.900000000000000000e+01 1.200000000000000000e+01
2.740006091443403875e+02 1.800000000000000000e+01 9.000000000000000000e+00
2.750006091443406149e+02 1.800000000000000000e+01 1.100000000000000000e+01
2.760006091443408422e+02 1.900000000000000000e+01 1.000000000000000000e+01
2.770006091443410696e+02 1.900000000000000000e+01 9.000000000000000000e+00
2.780006091443412970e+02 1.900000000000000000e+01 1.100000000000000000e+01
2.790006091443415244e+02 2.000000000000000000e+01 1.100000000000000000e+01
2.800006091443417517e+02 2.000000000000000000e+01 1.400000000000000000e+01
2.810006091443419791e+02 1.900000000000000000e+01 1.600000000000000000e+01
2.820006091443422065e+02 1.700000000000000000e+01 1.500000000000000000e+01
2.830006091443424339e+02 1.600000000000000000e+01 1.300000000000000000e+01
2.840006091443426612e+02 1.500000000000000000e+01 1.300000000000000000e+01
2.850006091443428886e+02 1.300000000000000000e+01 1.100000000000000000e+01
2.860006091443431160e+02 1.200000000000000000e+01 1.200000000000000000e+01
2.870006091443433434e+02 1.200000000000000000e+01 1.100000000000000000e+01
2.880006091443435707e+02 1.200000000000000000e+01 1.100000000000000000e+01
2.890006091443437981e+02 1.000000000000000000e+01 1.200000000000000000e+01
2.900006091443440255e+02 1.100000000000000000e+01 1.200000000000000000e+01
2.910006091443442529e+02 1.100000000000000000e+01 1.200000000000000000e+01
2.920005271812978549e+02 1.100000000000000000e+01 1.200000000000000000e+01
2.930006091443447076e+02 1.400000000000000000e+01 1.200000000000000000e+01
2.940006091443449350e+02 1.200000000000000000e+01 1.100000000000000000e+01
2.950006091443451623e+02 1.300000000000000000e+01 1.200000000000000000e+01
2.960006091443453897e+02 1.300000000000000000e+01 1.100000000000000000e+01
2.970006091443456171e+02 1.500000000000000000e+01 1.100000000000000000e+01
2.980003477805593093e+02 1.600000000000000000e+01 1.100000000000000000e+01
2.990006091443460718e+02 1.700000000000000000e+01 1.100000000000000000e+01
3.000006091443462992e+02 1.800000000000000000e+01 1.100000000000000000e+01
