0.000000000000000000e+00 0.000000000000000000e+00 0.000000000000000000e+00
1.000064127269194136e+00 0.000000000000000000e+00 0.000000000000000000e+00
2.000064127269194802e+00 2.000000000000000000e+00 2.000000000000000000e+00
3.000064127269195691e+00 0.000000000000000000e+00 0.000000000000000000e+00
4.000064127269196135e+00 1.000000000000000000e+00 1.000000000000000000e+00
5.000064127269192582e+00 2.000000000000000000e+00 2.000000000000000000e+00
6.000064127269189029e+00 2.000000000000000000e+00 2.000000000000000000e+00
7.000064127269185477e+00 2.000000000000000000e+00 2.000000000000000000e+00
8.000064127269181924e+00 3.000000000000000000e+00 3.000000000000000000e+00
9.000064127269178371e+00 5.000000000000000000e+00 5.000000000000000000e+00
1.000006412726917482e+01 5.000000000000000000e+00 5.000000000000000000e+00
1.100006412726917127e+01 6.000000000000000000e+00 6.000000000000000000e+00
1.200006412726916771e+01 7.000000000000000000e+00 7.000000000000000000e+00
1.300006412726916416e+01 7.000000000000000000e+00 7.000000000000000000e+00
1.400006412726916061e+01 6.000000000000000000e+00 6.000000000000000000e+00
1.500006412726915705e+01 7.000000000000000000e+00 7.000000000000000000e+00
1.600006412726915528e+01 9.000000000000000000e+00 9.000000000000000000e+00
1.700006412726916949e+01 8.000000000000000000e+00 7.000000000000000000e+00
1.800006412726918370e+01 6.000000000000000000e+00 7.000000000000000000e+00
1.900006412726919791e+01 6.000000000000000000e+00 7.000000000000000000e+00
2.000006412726921212e+01 4.000000000000000000e+00 6.000000000000000000e+00
2.100006412726922633e+01 5.000000000000000000e+00 4.000000000000000000e+00
2.200006412726924054e+01 8.000000000000000000e+00 7.000000000000000000e+00
2.300006412726925475e+01 6.000000000000000000e+00 6.000000000000000000e+00
2.400006412726926897e+01 6.000000000000000000e+00 7.000000000000000000e+00
2.500006412726928318e+01 5.000000000000000000e+00 4.000000000000000000e+00
2.600006412726929739e+01 6.000000000000000000e+00 3.000000000000000000e+00
2.700006412726931160e+01 7.000000000000000000e+00 3.000000000000000000e+00
2.800006412726932581e+01 6.000000000000000000e+00 3.000000000000000000e+00
2.900002210834010086e+01 7.000000000000000000e+00 5.000000000000000000e+00
3.000006412726935423e+01 8.000000000000000000e+00 6.000000000000000000e+00
3.100006412726936844e+01 8.000000000000000000e+00 7.000000000000000000e+00
3.200006412726938265e+01 8.000000000000000000e+00 4.000000000000000000e+00
3.300006412726939686e+01 8.000000000000000000e+00 4.000000000000000000e+00
3.400006412726941107e+01 1.000000000000000000e+01 6.000000000000000000e+00
3.500006412726942528e+01 1.300000000000000000e+01 7.000000000000000000e+00
3.600006412726943950e+01 1.400000000000000000e+01 8.000000000000000000e+00
3.700006412726945371e+01 1.300000000000000000e+01 7.000000000000000000e+00
3.800006412726946792e+01 1.300000000000000000e+01 7.000000000000000000e+00
3.900006412726948213e+01 1.500000000000000000e+01 9.000000000000000000e+00
4.000006412726949634e+01 1.600000000000000000e+01 9.000000000000000000e+00
4.100006412726951055e+01 1.500000000000000000e+01 1.000000000000000000e+01
4.200006412726952476e+01 1.100000000000000000e+01 1.000000000000000000e+01
4.300006412726953897e+01 1.000000000000000000e+01 1.100000000000000000e+01
4.400006412726955318e+01 1.000000000000000000e+01 1.100000000000000000e+01
4.500006412726956739e+01 1.000000000000000000e+01 1.200000000000000000e+01
4.600006412726958160e+01 9.000000000000000000e+00 1.100000000000000000e+01
4.700006412726959582e+01 9.000000000000000000e+00 1.200000000000000000e+01
4.800006412726961003e+01 1.000000000000000000e+01 1.100000000000000000e+01
4.900006412726962424e+01 1.000000000000000000e+01 1.200000000000000000e+01
5.000006412726963845e+01 1.100000000000000000e+01 1.400000000000000000e+01
5.100006412726965266e+01 1.200000000000000000e+01 1.500000000000000000e+01
5.200006412726966687e+01 1.200000000000000000e+01 1.500000000000000000e+01
5.300006412726968108e+01 1.100000000000000000e+01 1.500000000000000000e+01
5.400006412726969529e+01 1.100000000000000000e+01 1.600000000000000000e+01
5.500006412726970950e+01 1.100000000000000000e+01 1.600000000000000000e+01
5.600006412726972371e+01 1.300000000000000000e+01 1.700000000000000000e+01
5.700006412726973792e+01 1.600000000000000000e+01 1.900000000000000000e+01
5.800006412726975213e+01 1.500000000000000000e+01 2.000000000000000000e+01
5.900006412726976635e+01 1.400000000000000000e+01 2.000000000000000000e+01
6.000006412726978056e+01 1.300000000000000000e+01 2.000000000000000000e+01
6.100006412726979477e+01 1.300000000000000000e+01 2.000000000000000000e+01
6.200006412726980898e+01 1.300000000000000000e+01 2.000000000000000000e+01
6.300006412726982319e+01 1.500000000000000000e+01 2.200000000000000000e+01
6.400006412726983740e+01 1.400000000000000000e+01 2.100000000000000000e+01
6.500006412726978056e+01 1.400000000000000000e+01 1.600000000000000000e+01
6.600006412726972371e+01 1.500000000000000000e+01 1.700000000000000000e+01
6.700006412726966687e+01 1.500000000000000000e+01 1.500000000000000000e+01
6.800006412726961003e+01 1.600000000000000000e+01 1.200000000000000000e+01
6.900005571750558886e+01 1.600000000000000000e+01 1.200000000000000000e+01
7.000006412726949634e+01 1.600000000000000000e+01 1.300000000000000000e+01
7.100006412726943950e+01 1.700000000000000000e+01 1.300000000000000000e+01
7.200006412726938265e+01 1.700000000000000000e+01 1.200000000000000000e+01
7.300006412726932581e+01 1.700000000000000000e+01 1.200000000000000000e+01
7.400006412726926897e+01 1.700000000000000000e+01 1.300000000000000000e+01
7.500006412726921212e+01 1.800000000000000000e+01 1.400000000000000000e+01
7.600006412726915528e+01 2.000000000000000000e+01 1.600000000000000000e+01
7.700006412726909844e+01 2.000000000000000000e+01 1.600000000000000000e+01
7.800006412726904159e+01 1.900000000000000000e+01 1.700000000000000000e+01
7.900006412726898475e+01 1.500000000000000000e+01 1.600000000000000000e+01
8.000006412726892790e+01 1.400000000000000000e+01 1.400000000000000000e+01
8.100006412726887106e+01 1.300000000000000000e+01 1.400000000000000000e+01
8.200006412726881422e+01 1.200000000000000000e+01 1.500000000000000000e+01
8.300006412726875737e+01 1.200000000000000000e+01 1.400000000000000000e+01
8.400006412726870053e+01 1.200000000000000000e+01 1.400000000000000000e+01
8.500006412726864369e+01 1.200000000000000000e+01 1.600000000000000000e+01
8.600006412726858684e+01 1.300000000000000000e+01 1.300000000000000000e+01
8.700006412726853000e+01 1.400000000000000000e+01 1.100000000000000000e+01
8.800006412726847316e+01 1.400000000000000000e+01 9.000000000000000000e+00
8.900006412726841631e+01 1.500000000000000000e+01 7.000000000000000000e+00
9.000006412726835947e+01 1.400000000000000000e+01 6.000000000000000000e+00
9.100006412726830263e+01 1.700000000000000000e+01 4.000000000000000000e+00
9.200006412726824578e+01 1.600000000000000000e+01 5.000000000000000000e+00
9.300006412726818894e+01 1.600000000000000000e+01 4.000000000000000000e+00
9.400006412726813210e+01 1.600000000000000000e+01 5.000000000000000000e+00
9.500006412726807525e+01 1.200000000000000000e+01 4.000000000000000000e+00
9.600006412726801841e+01 1.000000000000000000e+01 4.000000000000000000e+00
9.700006412726796157e+01 1.200000000000000000e+01 3.000000000000000000e+00
9.800006412726790472e+01 1.200000000000000000e+01 3.000000000000000000e+00
9.900006412726784788e+01 1.000000000000000000e+01 3.000000000000000000e+00
1.000000641272677910e+02 1.000000000000000000e+01 2.000000000000000000e+00
1.010000641272677342e+02 1.000000000000000000e+01 2.000000000000000000e+00
1.020000641272676773e+02 1.000000000000000000e+01 1.000000000000000000e+00
1.030000641272676205e+02 1.000000000000000000e+01 1.000000000000000000e+00
1.040000641272675637e+02 1.200000000000000000e+01 1.000000000000000000e+00
1.050000641272675068e+02 1.000000000000000000e+01 1.000000000000000000e+00
1.060000641272674500e+02 1.300000000000000000e+01 3.000000000000000000e+00
1.070000641272673931e+02 8.000000000000000000e+00 2.000000000000000000e+00
1.080000641272673363e+02 8.000000000000000000e+00 4.000000000000000000e+00
1.090000641272672794e+02 8.000000000000000000e+00 5.000000000000000000e+00
1.100000641272672226e+02 7.000000000000000000e+00 4.000000000000000000e+00
1.110000641272671658e+02 9.000000000000000000e+00 5.000000000000000000e+00
1.120000641272671089e+02 1.000000000000000000e+01 5.000000000000000000e+00
1.130000641272670521e+02 1.000000000000000000e+01 5.000000000000000000e+00
1.140000641272669952e+02 1.100000000000000000e+01 5.000000000000000000e+00
1.150000641272669384e+02 1.100000000000000000e+01 5.000000000000000000e+00
1.160000641272668815e+02 1.000000000000000000e+01 5.000000000000000000e+00
1.170000641272668247e+02 1.100000000000000000e+01 6.000000000000000000e+00
1.180000641272667679e+02 1.000000000000000000e+01 6.000000000000000000e+00
1.190000641272667110e+02 1.200000000000000000e+01 7.000000000000000000e+00
1.200000641272666542e+02 1.200000000000000000e+01 7.000000000000000000e+00
1.210000641272665973e+02 1.200000000000000000e+01 8.000000000000000000e+00
1.220000641272665405e+02 8.000000000000000000e+00 8.000000000000000000e+00
1.230000641272664836e+02 8.000000000000000000e+00 9.000000000000000000e+00
1.240000641272664268e+02 8.000000000000000000e+00 9.000000000000000000e+00
1.250000641272663700e+02 8.000000000000000000e+00 8.000000000000000000e+00
1.260000641272663131e+02 8.000000000000000000e+00 9.000000000000000000e+00
1.270000641272662563e+02 8.000000000000000000e+00 1.200000000000000000e+01
1.280000641272661994e+02 9.000000000000000000e+00 8.000000000000000000e+00
1.290000641272661426e+02 1.000000000000000000e+01 7.000000000000000000e+00
1.300000641272660857e+02 1.100000000000000000e+01 4.000000000000000000e+00
1.310000641272660289e+02 1.100000000000000000e+01 4.000000000000000000e+00
1.320000641272659720e+02 1.000000000000000000e+01 4.000000000000000000e+00
1.330000641272659152e+02 8.000000000000000000e+00 4.000000000000000000e+00
1.340000641272658584e+02 7.000000000000000000e+00 4.000000000000000000e+00
1.350000641272658015e+02 7.000000000000000000e+00 4.000000000000000000e+00
1.360000641272657447e+02 8.000000000000000000e+00 4.000000000000000000e+00
1.370000641272656878e+02 7.000000000000000000e+00 4.000000000000000000e+00
1.380000641272656310e+02 8.000000000000000000e+00 5.000000000000000000e+00
1.390000641272655741e+02 6.000000000000000000e+00 6.000000000000000000e+00
1.400000641272655173e+02 6.000000000000000000e+00 7.000000000000000000e+00
1.410000641272654605e+02 6.000000000000000000e+00 7.000000000000000000e+00
1.420000641272654036e+02 7.000000000000000000e+00 7.000000000000000000e+00
1.430000641272653468e+02 7.000000000000000000e+00 6.000000000000000000e+00
1.440000641272652899e+02 8.000000000000000000e+00 7.000000000000000000e+00
1.450000641272652331e+02 8.000000000000000000e+00 7.000000000000000000e+00
1.460000641272651762e+02 8.000000000000000000e+00 6.000000000000000000e+00
1.470000641272651194e+02 7.000000000000000000e+00 8.000000000000000000e+00
1.480000641272650626e+02 9.000000000000000000e+00 8.000000000000000000e+00
1.490000641272650057e+02 1.200000000000000000e+01 1.000000000000000000e+01
1.500000641272649489e+02 1.100000000000000000e+01 8.000000000000000000e+00
1.510000641272648920e+02 1.200000000000000000e+01 8.000000000000000000e+00
1.520000641272648352e+02 1.300000000000000000e+01 7.000000000000000000e+00
1.530000641272647783e+02 1.500000000000000000e+01 8.000000000000000000e+00
1.540000641272647215e+02 1.500000000000000000e+01 8.000000000000000000e+00
1.550000641272646646e+02 1.600000000000000000e+01 7.000000000000000000e+00
1.560000641272646078e+02 1.700000000000000000e+01 6.000000000000000000e+00
1.570000641272645510e+02 1.900000000000000000e+01 7.000000000000000000e+00
1.580000641272644941e+02 1.800000000000000000e+01 3.000000000000000000e+00
1.590000641272644373e+02 1.800000000000000000e+01 3.000000000000000000e+00
1.600000641272643804e+02 1.800000000000000000e+01 4.000000000000000000e+00
1.610000641272643236e+02 1.800000000000000000e+01 2.000000000000000000e+00
1.620000641272642667e+02 1.900000000000000000e+01 2.000000000000000000e+00
1.630000641272642099e+02 2.000000000000000000e+01 2.000000000000000000e+00
1.640000641272641531e+02 2.300000000000000000e+01 5.000000000000000000e+00
1.650000641272640962e+02 1.800000000000000000e+01 5.000000000000000000e+00
1.660000641272640394e+02 1.600000000000000000e+01 7.000000000000000000e+00
1.670000641272639825e+02 1.500000000000000000e+01 8.000000000000000000e+00
1.680000641272639257e+02 1.500000000000000000e+01 9.000000000000000000e+00
1.690000641272638688e+02 1.500000000000000000e+01 8.000000000000000000e+00
1.700000641272638120e+02 1.700000000000000000e+01 6.000000000000000000e+00
1.710000641272637552e+02 1.700000000000000000e+01 6.000000000000000000e+00
1.720000641272636983e+02 1.700000000000000000e+01 6.000000000000000000e+00
1.730000641272636415e+02 1.800000000000000000e+01 7.000000000000000000e+00
1.740000641272635846e+02 2.100000000000000000e+01 1.200000000000000000e+01
1.750000641272635278e+02 2.200000000000000000e+01 1.200000000000000000e+01
1.760000641272634709e+02 2.100000000000000000e+01 1.100000000000000000e+01
1.770000641272634141e+02 1.800000000000000000e+01 1.100000000000000000e+01
1.780000641272633572e+02 1.600000000000000000e+01 1.200000000000000000e+01
1.790000641272633004e+02 1.400000000000000000e+01 1.100000000000000000e+01
1.800000641272632436e+02 1.500000000000000000e+01 1.000000000000000000e+01
1.810000641272631867e+02 1.500000000000000000e+01 1.000000000000000000e+01
1.820000641272631299e+02 1.800000000000000000e+01 1.000000000000000000e+01
1.830000641272630730e+02 1.700000000000000000e+01 1.000000000000000000e+01
1.840000641272630162e+02 1.700000000000000000e+01 9.000000000000000000e+00
1.850000641272629593e+02 1.800000000000000000e+01 1.000000000000000000e+01
1.860000641272629025e+02 1.800000000000000000e+01 1.000000000000000000e+01
1.870000641272628457e+02 1.800000000000000000e+01 9.000000000000000000e+00
1.880000641272627888e+02 2.000000000000000000e+01 9.000000000000000000e+00
1.890000641272627320e+02 2.000000000000000000e+01 9.000000000000000000e+00
1.900000641272626751e+02 2.000000000000000000e+01 1.000000000000000000e+01
1.910000641272626183e+02 2.100000000000000000e+01 1.100000000000000000e+01
1.920000641272625614e+02 2.000000000000000000e+01 1.100000000000000000e+01
1.930000641272625046e+02 2.000000000000000000e+01 1.200000000000000000e+01
1.940000641272624478e+02 2.100000000000000000e+01 9.000000000000000000e+00
1.950000641272623909e+02 2.000000000000000000e+01 9.000000000000000000e+00
1.960000641272623341e+02 2.100000000000000000e+01 1.000000000000000000e+01
1.970000641272622772e+02 2.200000000000000000e+01 1.000000000000000000e+01
1.980000641272622204e+02 2.300000000000000000e+01 9.000000000000000000e+00
1.990000641272621635e+02 2.300000000000000000e+01 1.000000000000000000e+01
2.000000641272621067e+02 2.400000000000000000e+01 1.000000000000000000e+01
2.010000641272620499e+02 2.500000000000000000e+01 1.000000000000000000e+01
2.020000641272619930e+02 2.600000000000000000e+01 1.000000000000000000e+01
2.030000641272619362e+02 2.800000000000000000e+01 9.000000000000000000e+00
2.040000641272618793e+02 2.800000000000000000e+01 9.000000000000000000e+00
2.050000641272618225e+02 2.800000000000000000e+01 8.000000000000000000e+00
2.060000641272617656e+02 2.900000000000000000e+01 8.000000000000000000e+00
2.070000641272617088e+02 2.600000000000000000e+01 8.000000000000000000e+00
2.080000641272616519e+02 2.500000000000000000e+01 6.000000000000000000e+00
2.090000641272615951e+02 2.500000000000000000e+01 6.000000000000000000e+00
2.100000641272615383e+02 2.600000000000000000e+01 8.000000000000000000e+00
2.110000641272614814e+02 2.600000000000000000e+01 7.000000000000000000e+00
2.120000641272614246e+02 2.700000000000000000e+01 6.000000000000000000e+00
2.130000641272613677e+02 2.300000000000000000e+01 6.000000000000000000e+00
2.140000641272613109e+02 1.900000000000000000e+01 6.000000000000000000e+00
2.150000641272612540e+02 1.900000000000000000e+01 7.000000000000000000e+00
2.160000641272611972e+02 2.000000000000000000e+01 1.000000000000000000e+01
2.170000641272611404e+02 2.000000000000000000e+01 6.000000000000000000e+00
2.180000641272610835e+02 2.000000000000000000e+01 6.000000000000000000e+00
2.190000641272610267e+02 2.100000000000000000e+01 7.000000000000000000e+00
2.200000641272609698e+02 2.300000000000000000e+01 1.000000000000000000e+01
2.210000641272609130e+02 2.200000000000000000e+01 1.200000000000000000e+01
2.220000641272608561e+02 2.300000000000000000e+01 1.100000000000000000e+01
2.230000641272607993e+02 2.300000000000000000e+01 1.100000000000000000e+01
2.240000641272607425e+02 2.100000000000000000e+01 1.000000000000000000e+01
2.250000641272606856e+02 1.900000000000000000e+01 1.000000000000000000e+01
2.260000641272606288e+02 1.900000000000000000e+01 1.200000000000000000e+01
2.270000641272605719e+02 2.300000000000000000e+01 1.300000000000000000e+01
2.280000641272605151e+02 2.300000000000000000e+01 1.200000000000000000e+01
2.290000641272604582e+02 2.300000000000000000e+01 1.000000000000000000e+01
2.300000641272604014e+02 2.500000000000000000e+01 8.000000000000000000e+00
2.310000641272603445e+02 2.600000000000000000e+01 1.000000000000000000e+01
2.320000641272602877e+02 2.800000000000000000e+01 9.000000000000000000e+00
2.330000641272602309e+02 2.700000000000000000e+01 9.000000000000000000e+00
2.340000641272601740e+02 2.700000000000000000e+01 7.000000000000000000e+00
2.350000641272601172e+02 2.300000000000000000e+01 6.000000000000000000e+00
2.360000641272600603e+02 2.100000000000000000e+01 8.000000000000000000e+00
2.370000641272600035e+02 2.000000000000000000e+01 9.000000000000000000e+00
2.380000641272599466e+02 1.800000000000000000e+01 8.000000000000000000e+00
2.390000641272598898e+02 1.800000000000000000e+01 8.000000000000000000e+00
2.400000641272598330e+02 1.900000000000000000e+01 8.000000000000000000e+00
2.410000641272597761e+02 2.000000000000000000e+01 9.000000000000000000e+00
2.420000641272597193e+02 2.100000000000000000e+01 1.000000000000000000e+01
2.430000641272596624e+02 2.100000000000000000e+01 6.000000000000000000e+00
2.440000641272596056e+02 2.100000000000000000e+01 5.000000000000000000e+00
2.450000641272595487e+02 2.100000000000000000e+01 5.000000000000000000e+00
2.460000641272594919e+02 1.800000000000000000e+01 6.000000000000000000e+00
2.470000641272594351e+02 2.000000000000000000e+01 6.000000000000000000e+00
2.480000641272593782e+02 1.800000000000000000e+01 5.000000000000000000e+00
2.490000641272593214e+02 1.500000000000000000e+01 6.000000000000000000e+00
2.500000097700597621e+02 1.300000000000000000e+01 4.000000000000000000e+00
2.510000641272592077e+02 1.400000000000000000e+01 4.000000000000000000e+00
2.520000641272591508e+02 1.400000000000000000e+01 5.000000000000000000e+00
2.530000641272590940e+02 1.400000000000000000e+01 5.000000000000000000e+00
2.540000641272590371e+02 1.500000000000000000e+01 4.000000000000000000e+00
2.550000641272589803e+02 1.700000000000000000e+01 4.000000000000000000e+00
2.560000641272589519e+02 1.700000000000000000e+01 5.000000000000000000e+00
2.570000641272591793e+02 1.900000000000000000e+01 6.000000000000000000e+00
2.580000641272594066e+02 1.900000000000000000e+01 6.000000000000000000e+00
2.590000641272596340e+02 1.900000000000000000e+01 6.000000000000000000e+00
2.600000641272598614e+02 2.000000000000000000e+01 7.000000000000000000e+00
2.610000620053858142e+02 2.200000000000000000e+01 7.000000000000000000e+00
2.620000641272603161e+02 2.200000000000000000e+01 7.000000000000000000e+00
2.630000641272605435e+02 2.200000000000000000e+01 8.000000000000000000e+00
2.640000641272607709e+02 2.200000000000000000e+01 7.000000000000000000e+00
2.650000641272609982e+02 2.300000000000000000e+01 7.000000000000000000e+00
2.660000641272612256e+02 2.200000000000000000e+01 8.000000000000000000e+00
2.670000641272614530e+02 2.300000000000000000e+01 8.000000000000000000e+00
2.680000641272616804e+02 2.300000000000000000e+01 7.000000000000000000e+00
2.690000641272619077e+02 2.100000000000000000e+01 8.000000000000000000e+00
2.700000641272621351e+02 2.100000000000000000e+01 7.000000000000000000e+00
2.710000641272623625e+02 2.100000000000000000e+01 8.000000000000000000e+00
2.720000641272625899e+02 2.000000000000000000e+01 8.000000000000000000e+00
2.730000641272628172e+02 2.000000000000000000e+01 6.000000000000000000e+00
2.740000641272630446e+02 2.100000000000000000e+01 5.000000000000000000e+00
2.750000641272632720e+02 2.100000000000000000e+01 6.000000000000000000e+00
2.760000641272634994e+02 2.300000000000000000e+01 4.000000000000000000e+00
2.770000641272637267e+02 2.400000000000000000e+01 4.000000000000000000e+00
2.780000641272639541e+02 2.400000000000000000e+01 3.000000000000000000e+00
2.790000641272641815e+02 2.400000000000000000e+01 2.000000000000000000e+00
2.800000641272644089e+02 2.500000000000000000e+01 2.000000000000000000e+00
2.810000641272646362e+02 2.500000000000000000e+01 3.000000000000000000e+00
2.820000641272648636e+02 2.500000000000000000e+01 4.000000000000000000e+00
2.830000641272650910e+02 2.300000000000000000e+01 2.000000000000000000e+00
2.840000641272653183e+02 2.500000000000000000e+01 5.000000000000000000e+00
2.850000641272655457e+02 2.400000000000000000e+01 5.000000000000000000e+00
2.860000641272657731e+02 2.800000000000000000e+01 5.000000000000000000e+00
2.870000641272660005e+02 2.500000000000000000e+01 4.000000000000000000e+00
2.880000641272662278e+02 2.500000000000000000e+01 7.000000000000000000e+00
2.890000641272664552e+02 2.700000000000000000e+01 7.000000000000000000e+00
2.900000641272666826e+02 2.700000000000000000e+01 7.000000000000000000e+00
2.910000641272669100e+02 2.800000000000000000e+01 6.000000000000000000e+00
2.920000641272671373e+02 3.000000000000000000e+01 6.000000000000000000e+00
2.930000641272673647e+02 2.900000000000000000e+01 5.000000000000000000e+00
2.940000641272675921e+02 2.700000000000000000e+01 4.000000000000000000e+00
2.950000641272678195e+02 2.600000000000000000e+01 3.000000000000000000e+00
2.960000641272680468e+02 2.600000000000000000e+01 3.000000000000000000e+00
2.970000641272682742e+02 2.800000000000000000e+01 2.000000000000000000e+00
2.980000641272685016e+02 2.300000000000000000e+01 2.000000000000000000e+00
2.990000641272687290e+02 2.500000000000000000e+01 2.000000000000000000e+00
3.000000641272689563e+02 2.700000000000000000e+01 2.000000000000000000e+00
