0.000000000000000000e+00 0.000000000000000000e+00 0.000000000000000000e+00
1.000188219145517365e+00 0.000000000000000000e+00 0.000000000000000000e+00
2.000188219145518254e+00 0.000000000000000000e+00 0.000000000000000000e+00
3.000188219145519142e+00 0.000000000000000000e+00 0.000000000000000000e+00
4.000188219145520030e+00 3.000000000000000000e+00 3.000000000000000000e+00
5.000188219145516477e+00 4.000000000000000000e+00 4.000000000000000000e+00
6.000188219145512925e+00 4.000000000000000000e+00 4.000000000000000000e+00
7.000188219145509372e+00 4.000000000000000000e+00 4.000000000000000000e+00
8.000188219145506707e+00 6.000000000000000000e+00 6.000000000000000000e+00
9.000188219145503155e+00 7.000000000000000000e+00 7.000000000000000000e+00
1.000018821914549960e+01 5.000000000000000000e+00 5.000000000000000000e+00
1.100018821914549605e+01 6.000000000000000000e+00 6.000000000000000000e+00
1.200018821914549250e+01 5.000000000000000000e+00 5.000000000000000000e+00
1.300018821914548894e+01 6.000000000000000000e+00 6.000000000000000000e+00
1.400018821914548539e+01 6.000000000000000000e+00 6.000000000000000000e+00
1.500018821914548184e+01 8.000000000000000000e+00 8.000000000000000000e+00
1.600018821914547829e+01 8.000000000000000000e+00 8.000000000000000000e+00
1.700018821914549250e+01 7.000000000000000000e+00 7.000000000000000000e+00
1.800018821914550671e+01 9.000000000000000000e+00 9.000000000000000000e+00
1.900018821914552092e+01 8.000000000000000000e+00 8.000000000000000000e+00
2.000018821914553513e+01 9.000000000000000000e+00 9.000000000000000000e+00
2.100018821914554934e+01 8.000000000000000000e+00 8.000000000000000000e+00
2.200018821914556355e+01 6.000000000000000000e+00 6.000000000000000000e+00
2.300018821914557776e+01 5.000000000000000000e+00 4.000000000000000000e+00
2.400018821914559197e+01 1.000000000000000000e+00 1.000000000000000000e+00
2.500018821914560618e+01 3.000000000000000000e+00 3.000000000000000000e+00
2.600018821914562039e+01 2.000000000000000000e+00 2.000000000000000000e+00
2.700018821914563460e+01 3.000000000000000000e+00 2.000000000000000000e+00
2.800018821914564882e+01 2.000000000000000000e+00 2.000000000000000000e+00
2.900018821914566303e+01 5.000000000000000000e+00 5.000000000000000000e+00
3.000018821914567724e+01 4.000000000000000000e+00 4.000000000000000000e+00
3.100018821914569145e+01 4.000000000000000000e+00 4.000000000000000000e+00
3.200018821914570566e+01 4.000000000000000000e+00 4.000000000000000000e+00
3.300018821914571987e+01 4.000000000000000000e+00 5.000000000000000000e+00
3.400018821914573408e+01 4.000000000000000000e+00 5.000000000000000000e+00
3.500018821914574829e+01 6.000000000000000000e+00 7.000000000000000000e+00
3.600018821914576250e+01 6.000000000000000000e+00 7.000000000000000000e+00
3.700018821914577671e+01 5.000000000000000000e+00 7.000000000000000000e+00
3.800018821914579092e+01 5.000000000000000000e+00 7.000000000000000000e+00
3.900018821914580514e+01 5.000000000000000000e+00 7.000000000000000000e+00
4.000018821914581935e+01 6.000000000000000000e+00 8.000000000000000000e+00
4.100018821914583356e+01 8.000000000000000000e+00 1.000000000000000000e+01
4.200018821914584777e+01 1.000000000000000000e+01 1.200000000000000000e+01
4.300018821914586198e+01 1.100000000000000000e+01 1.300000000000000000e+01
4.400018821914587619e+01 1.200000000000000000e+01 1.400000000000000000e+01
4.500018821914589040e+01 1.200000000000000000e+01 1.400000000000000000e+01
4.600018821914590461e+01 1.200000000000000000e+01 1.400000000000000000e+01
4.700018821914591882e+01 1.200000000000000000e+01 1.500000000000000000e+01
4.800018821914593303e+01 1.100000000000000000e+01 1.300000000000000000e+01
4.900018821914594724e+01 1.000000000000000000e+01 1.000000000000000000e+01
5.000018821914596145e+01 1.000000000000000000e+01 9.000000000000000000e+00
5.100018821914597567e+01 1.100000000000000000e+01 6.000000000000000000e+00
5.200018821914598988e+01 1.000000000000000000e+01 6.000000000000000000e+00
5.300018821914600409e+01 8.000000000000000000e+00 5.000000000000000000e+00
5.400018821914601830e+01 8.000000000000000000e+00 7.000000000000000000e+00
5.500018821914603251e+01 8.000000000000000000e+00 7.000000000000000000e+00
5.600018821914604672e+01 9.000000000000000000e+00 6.000000000000000000e+00
5.700016219931841022e+01 9.000000000000000000e+00 4.000000000000000000e+00
5.800018821914607514e+01 9.000000000000000000e+00 3.000000000000000000e+00
5.900018821914608935e+01 1.000000000000000000e+01 4.000000000000000000e+00
6.000018821914610356e+01 1.100000000000000000e+01 5.000000000000000000e+00
6.100018821914611777e+01 1.100000000000000000e+01 6.000000000000000000e+00
6.200018821914613198e+01 1.100000000000000000e+01 5.000000000000000000e+00
6.300000993399464022e+01 1.100000000000000000e+01 5.000000000000000000e+00
6.400018821914615330e+01 1.000000000000000000e+01 6.000000000000000000e+00
6.500018821914609646e+01 1.300000000000000000e+01 6.000000000000000000e+00
6.600018821914603961e+01 1.100000000000000000e+01 7.000000000000000000e+00
6.700018821914598277e+01 1.100000000000000000e+01 7.000000000000000000e+00
6.800018821914592593e+01 1.000000000000000000e+01 7.000000000000000000e+00
6.900018821914586908e+01 1.000000000000000000e+01 8.000000000000000000e+00
7.000018821914581224e+01 1.000000000000000000e+01 9.000000000000000000e+00
7.100018821914575540e+01 1.000000000000000000e+01 9.000000000000000000e+00
7.200018821914569855e+01 9.000000000000000000e+00 1.000000000000000000e+01
7.300018821914564171e+01 9.000000000000000000e+00 1.000000000000000000e+01
7.400018821914558487e+01 1.100000000000000000e+01 1.200000000000000000e+01
7.500018821914552802e+01 1.200000000000000000e+01 1.300000000000000000e+01
7.600018821914547118e+01 1.400000000000000000e+01 1.500000000000000000e+01
7.700018821914541434e+01 1.500000000000000000e+01 1.500000000000000000e+01
7.800002916614586468e+01 1.600000000000000000e+01 1.500000000000000000e+01
7.900018821914530065e+01 1.500000000000000000e+01 1.400000000000000000e+01
8.000018821914524381e+01 1.400000000000000000e+01 1.300000000000000000e+01
8.100018821914518696e+01 1.400000000000000000e+01 1.400000000000000000e+01
8.200018821914513012e+01 1.100000000000000000e+01 1.000000000000000000e+01
8.300018821914507328e+01 8.000000000000000000e+00 9.000000000000000000e+00
8.400018821914501643e+01 9.000000000000000000e+00 9.000000000000000000e+00
8.500018821914495959e+01 1.000000000000000000e+01 9.000000000000000000e+00
8.600018821914490275e+01 9.000000000000000000e+00 8.000000000000000000e+00
8.700018821914484590e+01 1.000000000000000000e+01 8.000000000000000000e+00
8.800018821914478906e+01 1.100000000000000000e+01 7.000000000000000000e+00
8.900018821914473222e+01 1.100000000000000000e+01 8.000000000000000000e+00
9.000018821914467537e+01 1.100000000000000000e+01 9.000000000000000000e+00
9.100018821914461853e+01 1.100000000000000000e+01 9.000000000000000000e+00
9.200018821914456169e+01 1.200000000000000000e+01 1.000000000000000000e+01
9.300018821914450484e+01 1.500000000000000000e+01 1.200000000000000000e+01
9.400018821914444800e+01 1.700000000000000000e+01 1.300000000000000000e+01
9.500018821914439116e+01 1.200000000000000000e+01 1.300000000000000000e+01
9.600011666025272916e+01 1.000000000000000000e+01 1.200000000000000000e+01
9.700018821914427747e+01 1.000000000000000000e+01 1.200000000000000000e+01
9.800018821914422062e+01 1.000000000000000000e+01 1.300000000000000000e+01
9.900018821914416378e+01 8.000000000000000000e+00 1.300000000000000000e+01
1.000001882191441069e+02 7.000000000000000000e+00 1.500000000000000000e+01
1.010001882191440501e+02 8.000000000000000000e+00 1.600000000000000000e+01
1.020001882191439933e+02 9.000000000000000000e+00 1.700000000000000000e+01
1.030001882191439364e+02 6.000000000000000000e+00 1.700000000000000000e+01
1.040001882191438796e+02 5.000000000000000000e+00 1.800000000000000000e+01
1.050001882191438227e+02 9.000000000000000000e+00 2.100000000000000000e+01
1.060001882191437659e+02 7.000000000000000000e+00 2.000000000000000000e+01
1.070001882191437090e+02 8.000000000000000000e+00 1.900000000000000000e+01
1.080001882191436522e+02 8.000000000000000000e+00 1.800000000000000000e+01
1.090001882191435953e+02 8.000000000000000000e+00 1.600000000000000000e+01
1.100001882191435385e+02 1.000000000000000000e+01 1.500000000000000000e+01
1.110001882191434817e+02 9.000000000000000000e+00 1.500000000000000000e+01
1.120001882191434248e+02 1.000000000000000000e+01 1.100000000000000000e+01
1.130001882191433680e+02 1.000000000000000000e+01 1.000000000000000000e+01
1.140001882191433111e+02 1.000000000000000000e+01 1.100000000000000000e+01
1.150001882191432543e+02 1.000000000000000000e+01 1.000000000000000000e+01
1.160001882191431974e+02 1.300000000000000000e+01 1.000000000000000000e+01
1.170000285829412974e+02 1.300000000000000000e+01 5.000000000000000000e+00
1.180001882191430838e+02 1.400000000000000000e+01 3.000000000000000000e+00
1.190001882191430269e+02 1.400000000000000000e+01 1.000000000000000000e+00
1.200001882191429701e+02 1.600000000000000000e+01 4.000000000000000000e+00
1.210001882191429132e+02 1.800000000000000000e+01 6.000000000000000000e+00
1.220001882191428564e+02 1.900000000000000000e+01 4.000000000000000000e+00
1.230001882191427995e+02 1.900000000000000000e+01 3.000000000000000000e+00
1.240001882191427427e+02 1.600000000000000000e+01 2.000000000000000000e+00
1.250001882191426859e+02 1.600000000000000000e+01 4.000000000000000000e+00
1.260001882191426290e+02 1.600000000000000000e+01 5.000000000000000000e+00
1.270001882191425722e+02 1.700000000000000000e+01 8.000000000000000000e+00
1.280001882191425295e+02 1.700000000000000000e+01 7.000000000000000000e+00
1.290001882191424727e+02 1.800000000000000000e+01 5.000000000000000000e+00
1.300001882191424158e+02 1.800000000000000000e+01 6.000000000000000000e+00
1.310001882191423590e+02 1.800000000000000000e+01 7.000000000000000000e+00
1.320001882191423022e+02 1.900000000000000000e+01 9.000000000000000000e+00
1.330001882191422453e+02 1.700000000000000000e+01 9.000000000000000000e+00
1.340001882191421885e+02 1.400000000000000000e+01 1.000000000000000000e+01
1.350001882191421316e+02 1.600000000000000000e+01 1.100000000000000000e+01
1.360001882191420748e+02 1.600000000000000000e+01 1.200000000000000000e+01
1.370001882191420179e+02 1.600000000000000000e+01 1.200000000000000000e+01
1.380001882191419611e+02 1.400000000000000000e+01 1.000000000000000000e+01
1.390001882191419043e+02 1.300000000000000000e+01 9.000000000000000000e+00
1.400001882191418474e+02 1.000000000000000000e+01 9.000000000000000000e+00
1.410001882191417906e+02 1.100000000000000000e+01 1.100000000000000000e+01
1.420001882191417337e+02 8.000000000000000000e+00 1.100000000000000000e+01
1.430001882191416769e+02 8.000000000000000000e+00 1.100000000000000000e+01
1.440001882191416200e+02 8.000000000000000000e+00 1.000000000000000000e+01
1.450001882191415632e+02 1.000000000000000000e+01 1.100000000000000000e+01
1.460001882191415064e+02 1.100000000000000000e+01 1.200000000000000000e+01
1.470001882191414495e+02 1.000000000000000000e+01 1.100000000000000000e+01
1.480001882191413927e+02 5.000000000000000000e+00 1.100000000000000000e+01
1.490001882191413358e+02 1.000000000000000000e+00 1.000000000000000000e+01
1.500001882191412790e+02 0.000000000000000000e+00 1.100000000000000000e+01
1.510001882191412221e+02 2.000000000000000000e+00 8.000000000000000000e+00
1.520001882191411653e+02 1.000000000000000000e+00 6.000000000000000000e+00
1.530001882191411084e+02 4.000000000000000000e+00 5.000000000000000000e+00
1.540001882191410516e+02 0.000000000000000000e+00 4.000000000000000000e+00
1.550001882191409948e+02 2.000000000000000000e+00 7.000000000000000000e+00
1.560001882191409379e+02 2.000000000000000000e+00 3.000000000000000000e+00
1.570001882191408811e+02 1.000000000000000000e+00 3.000000000000000000e+00
1.580001882191408242e+02 1.000000000000000000e+00 3.000000000000000000e+00
1.590001882191407674e+02 2.000000000000000000e+00 4.000000000000000000e+00
1.600001882191407105e+02 2.000000000000000000e+00 4.000000000000000000e+00
1.610001882191406537e+02 1.000000000000000000e+00 4.000000000000000000e+00
1.620001882191405969e+02 2.000000000000000000e+00 3.000000000000000000e+00
1.630001882191405400e+02 2.000000000000000000e+00 4.000000000000000000e+00
1.640001882191404832e+02 1.000000000000000000e+00 4.000000000000000000e+00
1.650001882191404263e+02 1.000000000000000000e+00 4.000000000000000000e+00
1.660001882191403695e+02 1.000000000000000000e+00 3.000000000000000000e+00
1.670001882191403126e+02 1.000000000000000000e+00 1.000000000000000000e+00
1.680001882191402558e+02 3.000000000000000000e+00 2.000000000000000000e+00
1.690001882191401990e+02 3.000000000000000000e+00 1.000000000000000000e+00
1.700001882191401421e+02 3.000000000000000000e+00 3.000000000000000000e+00
1.710001882191400853e+02 4.000000000000000000e+00 5.000000000000000000e+00
1.720001882191400284e+02 5.000000000000000000e+00 5.000000000000000000e+00
1.730001882191399716e+02 5.000000000000000000e+00 5.000000000000000000e+00
1.740001882191399147e+02 8.000000000000000000e+00 3.000000000000000000e+00
1.750001882191398579e+02 5.000000000000000000e+00 3.000000000000000000e+00
1.760001882191398010e+02 6.000000000000000000e+00 5.000000000000000000e+00
1.770001882191397442e+02 7.000000000000000000e+00 5.000000000000000000e+00
1.780001882191396874e+02 8.000000000000000000e+00 7.000000000000000000e+00
1.790001882191396305e+02 1.100000000000000000e+01 8.000000000000000000e+00
1.800001830028094503e+02 1.100000000000000000e+01 9.000000000000000000e+00
1.810001882191395168e+02 1.200000000000000000e+01 1.000000000000000000e+01
1.820001234724726373e+02 1.100000000000000000e+01 8.000000000000000000e+00
1.830001882191394031e+02 1.300000000000000000e+01 8.000000000000000000e+00
1.840001882191393463e+02 1.400000000000000000e+01 1.100000000000000000e+01
1.850001882191392895e+02 1.700000000000000000e+01 1.000000000000000000e+01
1.860001882191392326e+02 1.900000000000000000e+01 8.000000000000000000e+00
1.870001882191391758e+02 1.900000000000000000e+01 1.000000000000000000e+01
1.880001882191391189e+02 1.900000000000000000e+01 1.100000000000000000e+01
1.890001882191390621e+02 1.900000000000000000e+01 1.100000000000000000e+01
1.900001882191390052e+02 1.900000000000000000e+01 1.000000000000000000e+01
1.910001882191389484e+02 1.900000000000000000e+01 1.000000000000000000e+01
1.920001882191388916e+02 2.000000000000000000e+01 9.000000000000000000e+00
1.930001882191388347e+02 2.200000000000000000e+01 1.000000000000000000e+01
1.940001882191387779e+02 2.400000000000000000e+01 1.000000000000000000e+01
1.950001882191387210e+02 2.400000000000000000e+01 1.100000000000000000e+01
1.960001882191386642e+02 2.300000000000000000e+01 1.000000000000000000e+01
1.970001882191386073e+02 2.200000000000000000e+01 8.000000000000000000e+00
1.980001882191385505e+02 2.100000000000000000e+01 6.000000000000000000e+00
1.990001882191384937e+02 2.100000000000000000e+01 4.000000000000000000e+00
2.000001882191384368e+02 2.000000000000000000e+01 3.000000000000000000e+00
2.010001882191383800e+02 1.800000000000000000e+01 4.000000000000000000e+00
2.020001882191383231e+02 1.800000000000000000e+01 5.000000000000000000e+00
2.030001533462869929e+02 1.800000000000000000e+01 6.000000000000000000e+00
2.040001882191382094e+02 1.700000000000000000e+01 4.000000000000000000e+00
2.050001882191381526e+02 1.700000000000000000e+01 3.000000000000000000e+00
2.060001882191380957e+02 1.700000000000000000e+01 3.000000000000000000e+00
2.070001882191380389e+02 1.800000000000000000e+01 3.000000000000000000e+00
2.080001882191379821e+02 1.800000000000000000e+01 3.000000000000000000e+00
2.090001882191379252e+02 1.800000000000000000e+01 4.000000000000000000e+00
2.100001882191378684e+02 1.800000000000000000e+01 4.000000000000000000e+00
2.110001882191378115e+02 1.700000000000000000e+01 4.000000000000000000e+00
2.120001882191377547e+02 1.800000000000000000e+01 2.000000000000000000e+00
2.130001882191376978e+02 1.700000000000000000e+01 0.000000000000000000e+00
2.140001882191376410e+02 1.700000000000000000e+01 0.000000000000000000e+00
2.150001882191375842e+02 1.600000000000000000e+01 1.000000000000000000e+00
2.160001882191375273e+02 1.800000000000000000e+01 2.000000000000000000e+00
2.170001882191374705e+02 1.800000000000000000e+01 2.000000000000000000e+00
2.180001882191374136e+02 1.600000000000000000e+01 2.000000000000000000e+00
2.190001882191373568e+02 1.700000000000000000e+01 2.000000000000000000e+00
2.200001882191372999e+02 1.800000000000000000e+01 2.000000000000000000e+00
2.210001882191372431e+02 1.600000000000000000e+01 2.000000000000000000e+00
2.220001882191371863e+02 1.400000000000000000e+01 4.000000000000000000e+00
2.230001882191371294e+02 1.200000000000000000e+01 3.000000000000000000e+00
2.240001882191370726e+02 1.000000000000000000e+01 4.000000000000000000e+00
2.250001882191370157e+02 1.200000000000000000e+01 4.000000000000000000e+00
2.260001882191369589e+02 1.300000000000000000e+01 5.000000000000000000e+00
2.270001882191369020e+02 1.200000000000000000e+01 5.000000000000000000e+00
2.280001882191368452e+02 1.200000000000000000e+01 7.000000000000000000e+00
2.290001882191367883e+02 1.200000000000000000e+01 6.000000000000000000e+00
2.300001882191367315e+02 1.400000000000000000e+01 8.000000000000000000e+00
2.310001882191366747e+02 1.400000000000000000e+01 9.000000000000000000e+00
2.320001882191366178e+02 1.400000000000000000e+01 9.000000000000000000e+00
2.330001882191365610e+02 1.400000000000000000e+01 9.000000000000000000e+00
2.340001882191365041e+02 1.400000000000000000e+01 1.000000000000000000e+01
2.350001882191364473e+02 1.300000000000000000e+01 1.200000000000000000e+01
2.360001882191363904e+02 1.600000000000000000e+01 1.400000000000000000e+01
2.370001882191363336e+02 1.600000000000000000e+01 1.300000000000000000e+01
2.380001882191362768e+02 1.800000000000000000e+01 1.200000000000000000e+01
2.390001882191362199e+02 1.800000000000000000e+01 1.300000000000000000e+01
2.400001882191361631e+02 1.700000000000000000e+01 1.300000000000000000e+01
2.410001882191361062e+02 1.700000000000000000e+01 1.400000000000000000e+01
2.420001882191360494e+02 2.000000000000000000e+01 1.500000000000000000e+01
2.430001882191359925e+02 2.000000000000000000e+01 1.600000000000000000e+01
2.440001882191359357e+02 2.000000000000000000e+01 1.700000000000000000e+01
2.450001882191358789e+02 1.900000000000000000e+01 1.600000000000000000e+01
2.460001882191358220e+02 1.900000000000000000e+01 1.500000000000000000e+01
2.470001882191357652e+02 2.000000000000000000e+01 1.400000000000000000e+01
2.480001882191357083e+02 2.100000000000000000e+01 1.300000000000000000e+01
2.490001882191356515e+02 2.100000000000000000e+01 1.500000000000000000e+01
2.500001882191355946e+02 2.300000000000000000e+01 1.600000000000000000e+01
2.510001882191355378e+02 2.300000000000000000e+01 1.600000000000000000e+01
2.520001882191354809e+02 2.600000000000000000e+01 1.700000000000000000e+01
2.530000478608177730e+02 2.500000000000000000e+01 1.900000000000000000e+01
2.540001882191353673e+02 2.500000000000000000e+01 1.200000000000000000e+01
2.550001882191353104e+02 2.600000000000000000e+01 1.000000000000000000e+01
2.560001882191352820e+02 2.700000000000000000e+01 1.100000000000000000e+01
2.570001882191355094e+02 2.700000000000000000e+01 9.000000000000000000e+00
2.580001882191357367e+02 2.600000000000000000e+01 8.000000000000000000e+00
2.590001882191359641e+02 2.700000000000000000e+01 1.100000000000000000e+01
2.600001882191361915e+02 2.700000000000000000e+01 9.000000000000000000e+00
2.610001882191364189e+02 2.900000000000000000e+01 1.000000000000000000e+01
2.620001882191366462e+02 2.800000000000000000e+01 9.000000000000000000e+00
2.630001882191368736e+02 2.900000000000000000e+01 9.000000000000000000e+00
2.640001882191371010e+02 2.900000000000000000e+01 9.000000000000000000e+00
2.650001882191373284e+02 2.900000000000000000e+01 1.000000000000000000e+01
2.660001882191375557e+02 2.900000000000000000e+01 1.200000000000000000e+01
2.670001882191377831e+02 2.900000000000000000e+01 1.100000000000000000e+01
2.680001882191380105e+02 2.700000000000000000e+01 1.200000000000000000e+01
2.690001882191382379e+02 2.700000000000000000e+01 1.200000000000000000e+01
2.700001882191384652e+02 2.600000000000000000e+01 1.200000000000000000e+01
2.710001882191386926e+02 2.600000000000000000e+01 1.300000000000000000e+01
2.720001882191389200e+02 2.600000000000000000e+01 1.000000000000000000e+01
2.730001882191391473e+02 2.500000000000000000e+01 9.000000000000000000e+00
2.740001882191393747e+02 2.400000000000000000e+01 9.000000000000000000e+00
2.750001882191396021e+02 2.400000000000000000e+01 8.000000000000000000e+00
2.760001882191398295e+02 2.300000000000000000e+01 6.000000000000000000e+00
2.770001882191400568e+02 2.300000000000000000e+01 6.000000000000000000e+00
2.780001882191402842e+02 2.300000000000000000e+01 5.000000000000000000e+00
2.790001882191405116e+02 2.400000000000000000e+01 5.000000000000000000e+00
2.800001882191407390e+02 2.200000000000000000e+01 5.000000000000000000e+00
2.810001882191409663e+02 2.100000000000000000e+01 5.000000000000000000e+00
2.820001882191411937e+02 2.000000000000000000e+01 6.000000000000000000e+00
2.830001882191414211e+02 2.000000000000000000e+01 7.000000000000000000e+00
2.840001882191416485e+02 2.000000000000000000e+01 8.000000000000000000e+00
2.850001882191418758e+02 2.000000000000000000e+01 9.000000000000000000e+00
2.860001882191421032e+02 2.000000000000000000e+01 1.000000000000000000e+01
2.870001882191423306e+02 1.900000000000000000e+01 1.200000000000000000e+01
2.880001882191425580e+02 1.800000000000000000e+01 1.200000000000000000e+01
2.890001882191427853e+02 1.600000000000000000e+01 1.200000000000000000e+01
2.900001882191430127e+02 1.600000000000000000e+01 1.400000000000000000e+01
2.910001882191432401e+02 1.700000000000000000e+01 1.300000000000000000e+01
2.920001882191434674e+02 1.600000000000000000e+01 1.200000000000000000e+01
2.930001882191436948e+02 1.700000000000000000e+01 1.100000000000000000e+01
2.940001882191439222e+02 1.700000000000000000e+01 1.100000000000000000e+01
2.950001882191441496e+02 1.400000000000000000e+01 8.000000000000000000e+00
2.960001882191443769e+02 9.000000000000000000e+00 6.000000000000000000e+00
2.970001882191446043e+02 4.000000000000000000e+00 8.000000000000000000e+00
2.980001882191448317e+02 1.000000000000000000e+00 9.000000000000000000e+00
2.990001882191450591e+02 2.000000000000000000e+00 9.000000000000000000e+00
3.000001882191452864e+02 1.000000000000000000e+00 1.000000000000000000e+01
