0.000000000000000000e+00 0.000000000000000000e+00 0.000000000000000000e+00
1.000282324569035097e+00 0.000000000000000000e+00 0.000000000000000000e+00
2.000282324569035985e+00 0.000000000000000000e+00 0.000000000000000000e+00
3.000282324569036874e+00 1.000000000000000000e+00 1.000000000000000000e+00
4.000282324569037762e+00 2.000000000000000000e+00 2.000000000000000000e+00
5.000282324569034209e+00 4.000000000000000000e+00 4.000000000000000000e+00
6.000282324569030656e+00 5.000000000000000000e+00 5.000000000000000000e+00
7.000282324569027104e+00 5.000000000000000000e+00 5.000000000000000000e+00
8.000282324569024439e+00 6.000000000000000000e+00 6.000000000000000000e+00
9.000282324569020886e+00 8.000000000000000000e+00 8.000000000000000000e+00
1.000028232456901733e+01 8.000000000000000000e+00 8.000000000000000000e+00
1.100028232456901378e+01 1.100000000000000000e+01 1.100000000000000000e+01
1.200028232456901023e+01 1.200000000000000000e+01 1.200000000000000000e+01
1.300028232456900668e+01 1.200000000000000000e+01 1.200000000000000000e+01
1.400028232456900312e+01 1.000000000000000000e+01 1.000000000000000000e+01
1.500028232456899957e+01 8.000000000000000000e+00 8.000000000000000000e+00
1.600028232456899602e+01 9.000000000000000000e+00 9.000000000000000000e+00
1.700028232456901023e+01 8.000000000000000000e+00 8.000000000000000000e+00
1.800028232456902444e+01 1.200000000000000000e+01 1.200000000000000000e+01
1.900028232456903865e+01 1.100000000000000000e+01 1.100000000000000000e+01
2.000028232456905286e+01 8.000000000000000000e+00 9.000000000000000000e+00
2.100028232456906707e+01 8.000000000000000000e+00 9.000000000000000000e+00
2.200028232456908128e+01 7.000000000000000000e+00 9.000000000000000000e+00
2.300028232456909549e+01 9.000000000000000000e+00 9.000000000000000000e+00
2.400028232456910970e+01 1.100000000000000000e+01 7.000000000000000000e+00
2.500028232456912392e+01 1.000000000000000000e+01 5.000000000000000000e+00
2.600028232456913813e+01 1.000000000000000000e+01 4.000000000000000000e+00
2.700028232456915234e+01 1.000000000000000000e+01 5.000000000000000000e+00
2.800028232456916655e+01 9.000000000000000000e+00 5.000000000000000000e+00
2.900028232456918076e+01 9.000000000000000000e+00 7.000000000000000000e+00
3.000028232456919497e+01 6.000000000000000000e+00 7.000000000000000000e+00
3.100028232456920918e+01 7.000000000000000000e+00 3.000000000000000000e+00
3.200028232456921984e+01 7.000000000000000000e+00 2.000000000000000000e+00
3.300028232456923405e+01 8.000000000000000000e+00 1.000000000000000000e+00
3.400028232456924826e+01 9.000000000000000000e+00 1.000000000000000000e+00
3.500028232456926247e+01 1.300000000000000000e+01 5.000000000000000000e+00
3.600028232456927668e+01 1.400000000000000000e+01 6.000000000000000000e+00
3.700006088444245478e+01 1.500000000000000000e+01 6.000000000000000000e+00
3.800028232456930510e+01 1.700000000000000000e+01 7.000000000000000000e+00
3.900028232456931931e+01 1.700000000000000000e+01 8.000000000000000000e+00
4.000009500726951472e+01 1.800000000000000000e+01 9.000000000000000000e+00
4.100028232456934774e+01 1.800000000000000000e+01 8.000000000000000000e+00
4.200028232456936195e+01 2.100000000000000000e+01 1.000000000000000000e+01
4.300020934806067174e+01 2.200000000000000000e+01 1.000000000000000000e+01
4.400028232456939037e+01 2.200000000000000000e+01 1.000000000000000000e+01
4.500028232456940458e+01 2.200000000000000000e+01 9.000000000000000000e+00
4.600028232456941879e+01 2.100000000000000000e+01 8.000000000000000000e+00
4.700028232456943300e+01 2.100000000000000000e+01 9.000000000000000000e+00
4.800028232456944721e+01 2.000000000000000000e+01 9.000000000000000000e+00
4.900028232456946142e+01 1.900000000000000000e+01 1.200000000000000000e+01
5.000028232456947563e+01 1.800000000000000000e+01 8.000000000000000000e+00
5.100028232456948984e+01 1.500000000000000000e+01 7.000000000000000000e+00
5.200028232456950406e+01 1.400000000000000000e+01 6.000000000000000000e+00
5.300028232456951827e+01 1.200000000000000000e+01 8.000000000000000000e+00
5.400028232456953248e+01 1.400000000000000000e+01 1.300000000000000000e+01
5.500028232456954669e+01 1.100000000000000000e+01 1.300000000000000000e+01
5.600028232456956090e+01 1.200000000000000000e+01 1.100000000000000000e+01
5.700028232456957511e+01 1.200000000000000000e+01 1.300000000000000000e+01
5.800028232456958932e+01 1.100000000000000000e+01 1.100000000000000000e+01
5.900028232456960353e+01 1.100000000000000000e+01 1.100000000000000000e+01
6.000028232456961774e+01 1.200000000000000000e+01 1.100000000000000000e+01
6.100028232456963195e+01 1.300000000000000000e+01 1.100000000000000000e+01
6.200028232456964616e+01 1.200000000000000000e+01 8.000000000000000000e+00
6.300028232456966037e+01 1.100000000000000000e+01 6.000000000000000000e+00
6.400028232456966748e+01 6.000000000000000000e+00 7.000000000000000000e+00
6.500028232456961064e+01 2.000000000000000000e+00 8.000000000000000000e+00
6.600028232456955379e+01 3.000000000000000000e+00 9.000000000000000000e+00
6.700028232456949695e+01 3.000000000000000000e+00 1.000000000000000000e+01
6.800028232456944011e+01 6.000000000000000000e+00 1.100000000000000000e+01
6.900028232456938326e+01 6.000000000000000000e+00 1.200000000000000000e+01
7.000028232456932642e+01 4.000000000000000000e+00 1.100000000000000000e+01
7.100028232456926958e+01 5.000000000000000000e+00 1.300000000000000000e+01
7.200026607219395203e+01 5.000000000000000000e+00 1.200000000000000000e+01
7.300028232456915589e+01 3.000000000000000000e+00 1.100000000000000000e+01
7.400028232456909905e+01 3.000000000000000000e+00 1.100000000000000000e+01
7.500028232456904220e+01 4.000000000000000000e+00 1.200000000000000000e+01
7.600028232456898536e+01 6.000000000000000000e+00 1.100000000000000000e+01
7.700028232456892852e+01 6.000000000000000000e+00 1.200000000000000000e+01
7.800028232456887167e+01 4.000000000000000000e+00 1.100000000000000000e+01
7.900028232456881483e+01 5.000000000000000000e+00 9.000000000000000000e+00
8.000028232456875799e+01 6.000000000000000000e+00 1.100000000000000000e+01
8.100028232456870114e+01 5.000000000000000000e+00 9.000000000000000000e+00
8.200028232456864430e+01 5.000000000000000000e+00 7.000000000000000000e+00
8.300028232456858746e+01 6.000000000000000000e+00 7.000000000000000000e+00
8.400004886706204843e+01 6.000000000000000000e+00 4.000000000000000000e+00
8.500028232456847377e+01 6.000000000000000000e+00 4.000000000000000000e+00
8.600028232456841693e+01 6.000000000000000000e+00 3.000000000000000000e+00
8.700028232456836008e+01 7.000000000000000000e+00 4.000000000000000000e+00
8.800002094411331655e+01 7.000000000000000000e+00 4.000000000000000000e+00
8.900028232456824639e+01 8.000000000000000000e+00 5.000000000000000000e+00
9.000028232456818955e+01 9.000000000000000000e+00 6.000000000000000000e+00
9.100028232456813271e+01 1.000000000000000000e+01 8.000000000000000000e+00
9.200028232456807586e+01 1.200000000000000000e+01 7.000000000000000000e+00
9.300028232456801902e+01 1.200000000000000000e+01 6.000000000000000000e+00
9.400028232456796218e+01 1.300000000000000000e+01 6.000000000000000000e+00
9.500028232456790533e+01 1.300000000000000000e+01 6.000000000000000000e+00
9.600028232456784849e+01 1.200000000000000000e+01 6.000000000000000000e+00
9.700028232456779165e+01 1.300000000000000000e+01 6.000000000000000000e+00
9.800028232456773480e+01 1.300000000000000000e+01 8.000000000000000000e+00
9.900007846362255748e+01 1.000000000000000000e+01 7.000000000000000000e+00
1.000002823245676211e+02 1.000000000000000000e+01 4.000000000000000000e+00
1.010002823245675643e+02 1.000000000000000000e+01 3.000000000000000000e+00
1.020002823245675074e+02 1.100000000000000000e+01 4.000000000000000000e+00
1.030002823245674506e+02 1.100000000000000000e+01 4.000000000000000000e+00
1.040002823245673937e+02 1.000000000000000000e+01 1.000000000000000000e+00
1.050002823245673369e+02 1.000000000000000000e+01 1.000000000000000000e+00
1.060002823245672801e+02 1.000000000000000000e+01 2.000000000000000000e+00
1.070002823245672232e+02 1.200000000000000000e+01 3.000000000000000000e+00
1.080002823245671664e+02 1.200000000000000000e+01 2.000000000000000000e+00
1.090002823245671095e+02 8.000000000000000000e+00 2.000000000000000000e+00
1.100002823245670527e+02 7.000000000000000000e+00 3.000000000000000000e+00
1.110002823245669958e+02 6.000000000000000000e+00 3.000000000000000000e+00
1.120002823245669390e+02 7.000000000000000000e+00 5.000000000000000000e+00
1.130002823245668822e+02 9.000000000000000000e+00 4.000000000000000000e+00
1.140002823245668253e+02 1.000000000000000000e+01 5.000000000000000000e+00
1.150002823245667685e+02 1.000000000000000000e+01 3.000000000000000000e+00
1.160002823245667116e+02 1.100000000000000000e+01 1.000000000000000000e+00
1.170002823245666548e+02 1.100000000000000000e+01 2.000000000000000000e+00
1.180002823245665979e+02 1.200000000000000000e+01 5.000000000000000000e+00
1.190002823245665411e+02 1.100000000000000000e+01 5.000000000000000000e+00
1.200002823245664842e+02 1.000000000000000000e+01 6.000000000000000000e+00
1.210002823245664274e+02 1.000000000000000000e+01 5.000000000000000000e+00
1.220002823245663706e+02 1.000000000000000000e+01 6.000000000000000000e+00
1.230002823245663137e+02 1.100000000000000000e+01 7.000000000000000000e+00
1.240002823245662569e+02 1.200000000000000000e+01 7.000000000000000000e+00
1.250002823245662000e+02 1.300000000000000000e+01 8.000000000000000000e+00
1.260002823245661432e+02 1.300000000000000000e+01 8.000000000000000000e+00
1.270002823245660863e+02 1.400000000000000000e+01 8.000000000000000000e+00
1.280002823245660295e+02 1.600000000000000000e+01 8.000000000000000000e+00
1.290002823245659727e+02 1.700000000000000000e+01 1.000000000000000000e+01
1.300002823245659158e+02 1.700000000000000000e+01 7.000000000000000000e+00
1.310002823245658590e+02 1.600000000000000000e+01 6.000000000000000000e+00
1.320002823245658021e+02 1.600000000000000000e+01 6.000000000000000000e+00
1.330002823245657453e+02 1.600000000000000000e+01 7.000000000000000000e+00
1.340002823245656884e+02 1.200000000000000000e+01 7.000000000000000000e+00
1.350002823245656316e+02 1.100000000000000000e+01 7.000000000000000000e+00
1.360002823245655748e+02 9.000000000000000000e+00 8.000000000000000000e+00
1.370002823245655179e+02 8.000000000000000000e+00 8.000000000000000000e+00
1.380002823245654611e+02 8.000000000000000000e+00 8.000000000000000000e+00
1.390002823245654042e+02 9.000000000000000000e+00 8.000000000000000000e+00
1.400002823245653474e+02 9.000000000000000000e+00 8.000000000000000000e+00
1.410002823245652905e+02 8.000000000000000000e+00 7.000000000000000000e+00
1.420002823245652337e+02 7.000000000000000000e+00 8.000000000000000000e+00
1.430002823245651769e+02 7.000000000000000000e+00 7.000000000000000000e+00
1.440002823245651200e+02 8.000000000000000000e+00 1.000000000000000000e+01
1.450002823245650632e+02 7.000000000000000000e+00 9.000000000000000000e+00
1.460002823245650063e+02 6.000000000000000000e+00 1.200000000000000000e+01
1.470002823245649495e+02 6.000000000000000000e+00 1.200000000000000000e+01
1.480002823245648926e+02 5.000000000000000000e+00 1.400000000000000000e+01
1.490002823245648358e+02 5.000000000000000000e+00 1.300000000000000000e+01
1.500002823245647789e+02 5.000000000000000000e+00 1.300000000000000000e+01
1.510002823245647221e+02 4.000000000000000000e+00 1.500000000000000000e+01
1.520002823245646653e+02 5.000000000000000000e+00 1.500000000000000000e+01
1.530002823245646084e+02 5.000000000000000000e+00 1.600000000000000000e+01
1.540002823245645516e+02 6.000000000000000000e+00 1.700000000000000000e+01
1.550002823245644947e+02 6.000000000000000000e+00 1.600000000000000000e+01
1.560002823245644379e+02 6.000000000000000000e+00 1.700000000000000000e+01
1.570002823245643810e+02 7.000000000000000000e+00 1.600000000000000000e+01
1.580002823245643242e+02 7.000000000000000000e+00 1.600000000000000000e+01
1.590002823245642674e+02 7.000000000000000000e+00 1.600000000000000000e+01
1.600002823245642105e+02 7.000000000000000000e+00 1.300000000000000000e+01
1.610002823245641537e+02 7.000000000000000000e+00 1.300000000000000000e+01
1.620002823245640968e+02 7.000000000000000000e+00 1.200000000000000000e+01
1.630002823245640400e+02 9.000000000000000000e+00 1.300000000000000000e+01
1.640002823245639831e+02 9.000000000000000000e+00 1.300000000000000000e+01
1.650002823245639263e+02 9.000000000000000000e+00 1.400000000000000000e+01
1.660002823245638695e+02 8.000000000000000000e+00 1.500000000000000000e+01
1.670002823245638126e+02 9.000000000000000000e+00 1.500000000000000000e+01
1.680002823245637558e+02 1.000000000000000000e+01 1.500000000000000000e+01
1.690002823245636989e+02 9.000000000000000000e+00 1.500000000000000000e+01
1.700002823245636421e+02 1.100000000000000000e+01 1.400000000000000000e+01
1.710002823245635852e+02 1.000000000000000000e+01 1.400000000000000000e+01
1.720002823245635284e+02 1.000000000000000000e+01 1.300000000000000000e+01
1.730002823245634715e+02 1.000000000000000000e+01 1.300000000000000000e+01
1.740002823245634147e+02 1.100000000000000000e+01 1.200000000000000000e+01
1.750002823245633579e+02 1.200000000000000000e+01 1.200000000000000000e+01
1.760002823245633010e+02 1.200000000000000000e+01 1.000000000000000000e+01
1.770002823245632442e+02 1.200000000000000000e+01 9.000000000000000000e+00
1.780002823245631873e+02 1.200000000000000000e+01 1.000000000000000000e+01
1.790002823245631305e+02 1.200000000000000000e+01 1.000000000000000000e+01
1.800002823245630736e+02 1.400000000000000000e+01 1.100000000000000000e+01
1.810002823245630168e+02 1.700000000000000000e+01 1.100000000000000000e+01
1.820001327028681715e+02 1.900000000000000000e+01 1.300000000000000000e+01
1.830002823245629031e+02 2.100000000000000000e+01 1.300000000000000000e+01
1.840002808584257252e+02 2.200000000000000000e+01 1.300000000000000000e+01
1.850002190558150801e+02 2.200000000000000000e+01 1.400000000000000000e+01
1.860002823245627326e+02 2.200000000000000000e+01 1.300000000000000000e+01
1.870002823245626757e+02 2.200000000000000000e+01 1.200000000000000000e+01
1.880002823245626189e+02 2.200000000000000000e+01 1.100000000000000000e+01
1.890002823245625621e+02 2.300000000000000000e+01 1.000000000000000000e+01
1.900002823245625052e+02 2.300000000000000000e+01 1.000000000000000000e+01
1.910002823245624484e+02 2.400000000000000000e+01 9.000000000000000000e+00
1.920002823245623915e+02 2.600000000000000000e+01 9.000000000000000000e+00
1.930002823245623347e+02 2.300000000000000000e+01 8.000000000000000000e+00
1.940002823245622778e+02 2.000000000000000000e+01 6.000000000000000000e+00
1.950002823245622210e+02 2.300000000000000000e+01 6.000000000000000000e+00
1.960002823245621641e+02 2.300000000000000000e+01 3.000000000000000000e+00
1.970002823245621073e+02 2.400000000000000000e+01 3.000000000000000000e+00
1.980002823245620505e+02 2.000000000000000000e+01 2.000000000000000000e+00
1.990002823245619936e+02 1.700000000000000000e+01 2.000000000000000000e+00
2.000002823245619368e+02 1.700000000000000000e+01 2.000000000000000000e+00
2.010002823245618799e+02 2.000000000000000000e+01 3.000000000000000000e+00
2.020002823245618231e+02 1.900000000000000000e+01 3.000000000000000000e+00
2.030000041287573254e+02 1.900000000000000000e+01 4.000000000000000000e+00
2.040002823245617094e+02 1.900000000000000000e+01 2.000000000000000000e+00
2.050002823245616526e+02 1.900000000000000000e+01 1.000000000000000000e+00
2.060002823245615957e+02 1.800000000000000000e+01 1.000000000000000000e+00
2.070002823245615389e+02 2.000000000000000000e+01 3.000000000000000000e+00
2.080002823245614820e+02 2.200000000000000000e+01 4.000000000000000000e+00
2.090002823245614252e+02 2.200000000000000000e+01 5.000000000000000000e+00
2.100002823245613683e+02 2.200000000000000000e+01 4.000000000000000000e+00
2.110002823245613115e+02 2.300000000000000000e+01 3.000000000000000000e+00
2.120002823245612547e+02 2.200000000000000000e+01 2.000000000000000000e+00
2.130002823245611978e+02 1.800000000000000000e+01 5.000000000000000000e+00
2.140002823245611410e+02 1.700000000000000000e+01 6.000000000000000000e+00
2.150002823245610841e+02 1.600000000000000000e+01 5.000000000000000000e+00
2.160002823245610273e+02 1.400000000000000000e+01 5.000000000000000000e+00
2.170000213291649800e+02 9.000000000000000000e+00 5.000000000000000000e+00
2.180002823245609136e+02 1.000000000000000000e+01 3.000000000000000000e+00
2.190002823245608568e+02 1.200000000000000000e+01 4.000000000000000000e+00
2.200002823245607999e+02 1.300000000000000000e+01 3.000000000000000000e+00
2.210002823245607431e+02 1.300000000000000000e+01 4.000000000000000000e+00
2.220002823245606862e+02 1.300000000000000000e+01 1.000000000000000000e+00
2.230002823245606294e+02 1.400000000000000000e+01 3.000000000000000000e+00
2.240002823245605725e+02 1.400000000000000000e+01 4.000000000000000000e+00
2.250002823245605157e+02 1.400000000000000000e+01 3.000000000000000000e+00
2.260002823245604588e+02 1.500000000000000000e+01 3.000000000000000000e+00
2.270002823245604020e+02 1.500000000000000000e+01 3.000000000000000000e+00
2.280002823245603452e+02 1.500000000000000000e+01 2.000000000000000000e+00
2.290002823245602883e+02 1.500000000000000000e+01 2.000000000000000000e+00
2.300002823245602315e+02 1.600000000000000000e+01 5.000000000000000000e+00
2.310002823245601746e+02 1.600000000000000000e+01 6.000000000000000000e+00
2.320002823245601178e+02 1.800000000000000000e+01 4.000000000000000000e+00
2.330002823245600609e+02 1.900000000000000000e+01 4.000000000000000000e+00
2.340002823245600041e+02 1.800000000000000000e+01 4.000000000000000000e+00
2.350002823245599473e+02 2.000000000000000000e+01 3.000000000000000000e+00
2.360002823245598904e+02 1.900000000000000000e+01 3.000000000000000000e+00
2.370002823245598336e+02 1.500000000000000000e+01 3.000000000000000000e+00
2.380002823245597767e+02 1.500000000000000000e+01 3.000000000000000000e+00
2.390002823245597199e+02 1.600000000000000000e+01 3.000000000000000000e+00
2.400002823245596630e+02 1.500000000000000000e+01 3.000000000000000000e+00
2.410002823245596062e+02 1.600000000000000000e+01 6.000000000000000000e+00
2.420002823245595494e+02 1.300000000000000000e+01 5.000000000000000000e+00
2.430002408564533027e+02 1.500000000000000000e+01 5.000000000000000000e+00
2.440002823245594357e+02 1.500000000000000000e+01 6.000000000000000000e+00
2.450002823245593788e+02 1.700000000000000000e+01 6.000000000000000000e+00
2.460002823245593220e+02 1.700000000000000000e+01 5.000000000000000000e+00
2.470002823245592651e+02 1.600000000000000000e+01 5.000000000000000000e+00
2.480002823245592083e+02 1.900000000000000000e+01 5.000000000000000000e+00
2.490002823245591514e+02 2.000000000000000000e+01 4.000000000000000000e+00
2.500002823245590946e+02 1.600000000000000000e+01 5.000000000000000000e+00
2.510002823245590378e+02 1.800000000000000000e+01 3.000000000000000000e+00
2.520002823245589809e+02 1.900000000000000000e+01 4.000000000000000000e+00
2.530002823245589241e+02 2.200000000000000000e+01 4.000000000000000000e+00
2.540002823245588672e+02 1.900000000000000000e+01 5.000000000000000000e+00
2.550002823245588104e+02 2.000000000000000000e+01 6.000000000000000000e+00
2.560000847411174618e+02 1.900000000000000000e+01 7.000000000000000000e+00
2.570002823245590093e+02 2.100000000000000000e+01 8.000000000000000000e+00
2.580002823245592367e+02 2.100000000000000000e+01 9.000000000000000000e+00
2.590002823245594641e+02 2.100000000000000000e+01 1.100000000000000000e+01
2.600002823245596915e+02 2.000000000000000000e+01 1.100000000000000000e+01
2.610002823245599188e+02 2.000000000000000000e+01 9.000000000000000000e+00
2.620002823245601462e+02 2.000000000000000000e+01 1.000000000000000000e+01
2.630002823245603736e+02 1.800000000000000000e+01 9.000000000000000000e+00
2.640002823245606010e+02 2.000000000000000000e+01 8.000000000000000000e+00
2.650002823245608283e+02 1.800000000000000000e+01 5.000000000000000000e+00
2.660002823245610557e+02 1.800000000000000000e+01 4.000000000000000000e+00
2.670002823245612831e+02 1.500000000000000000e+01 7.000000000000000000e+00
2.680002823245615104e+02 1.400000000000000000e+01 6.000000000000000000e+00
2.690002823245617378e+02 1.300000000000000000e+01 6.000000000000000000e+00
2.700002823245619652e+02 1.100000000000000000e+01 6.000000000000000000e+00
2.710002823245621926e+02 1.100000000000000000e+01 6.000000000000000000e+00
2.720002823245624199e+02 1.100000000000000000e+01 6.000000000000000000e+00
2.730002823245626473e+02 1.200000000000000000e+01 8.000000000000000000e+00
2.740002823245628747e+02 1.300000000000000000e+01 6.000000000000000000e+00
2.750002137015166568e+02 1.400000000000000000e+01 6.000000000000000000e+00
2.760002823245633294e+02 1.400000000000000000e+01 6.000000000000000000e+00
2.770002823245635568e+02 1.500000000000000000e+01 7.000000000000000000e+00
2.780002823245637842e+02 1.700000000000000000e+01 7.000000000000000000e+00
2.790002823245640116e+02 1.800000000000000000e+01 8.000000000000000000e+00
2.800002823245642389e+02 1.800000000000000000e+01 8.000000000000000000e+00
2.810002823245644663e+02 1.800000000000000000e+01 8.000000000000000000e+00
2.820002823245646937e+02 2.000000000000000000e+01 1.000000000000000000e+01
2.830002823245649211e+02 1.800000000000000000e+01 8.000000000000000000e+00
2.840002823245651484e+02 1.700000000000000000e+01 1.000000000000000000e+01
2.850002823245653758e+02 1.700000000000000000e+01 1.100000000000000000e+01
2.860002823245656032e+02 1.800000000000000000e+01 1.100000000000000000e+01
2.870000504217352955e+02 1.700000000000000000e+01 1.100000000000000000e+01
2.880002823245660579e+02 1.900000000000000000e+01 1.000000000000000000e+01
2.890002823245662853e+02 2.000000000000000000e+01 9.000000000000000000e+00
2.900002823245665127e+02 2.000000000000000000e+01 1.000000000000000000e+01
2.910002823245667400e+02 2.100000000000000000e+01 9.000000000000000000e+00
2.920002823245669674e+02 2.000000000000000000e+01 1.000000000000000000e+01
2.930002823245671948e+02 2.100000000000000000e+01 9.000000000000000000e+00
2.940002823245674222e+02 2.100000000000000000e+01 1.000000000000000000e+01
2.950002823245676495e+02 2.000000000000000000e+01 1.000000000000000000e+01
2.960002823245678769e+02 1.900000000000000000e+01 1.100000000000000000e+01
2.970002823245681043e+02 1.800000000000000000e+01 1.000000000000000000e+01
2.980002823245683317e+02 1.500000000000000000e+01 1.000000000000000000e+01
2.990002823245685590e+02 1.500000000000000000e+01 9.000000000000000000e+00
3.000002823245687864e+02 1.200000000000000000e+01 1.000000000000000000e+01
