0.000000000000000000e+00 0.000000000000000000e+00 0.000000000000000000e+00
1.000254988344845275e+00 0.000000000000000000e+00 0.000000000000000000e+00
2.000254988344845941e+00 1.000000000000000000e+00 1.000000000000000000e+00
3.000254988344846829e+00 1.000000000000000000e+00 1.000000000000000000e+00
4.000254988344847717e+00 3.000000000000000000e+00 3.000000000000000000e+00
5.000254988344844165e+00 4.000000000000000000e+00 4.000000000000000000e+00
6.000254988344840612e+00 6.000000000000000000e+00 6.000000000000000000e+00
7.000254988344837059e+00 8.000000000000000000e+00 8.000000000000000000e+00
8.000047073282033239e+00 9.000000000000000000e+00 9.000000000000000000e+00
9.000254988344829954e+00 9.000000000000000000e+00 9.000000000000000000e+00
1.000025498834482640e+01 8.000000000000000000e+00 8.000000000000000000e+00
1.100025498834482285e+01 8.000000000000000000e+00 8.000000000000000000e+00
1.200025498834481930e+01 1.000000000000000000e+01 1.000000000000000000e+01
1.300025498834481574e+01 1.000000000000000000e+01 1.000000000000000000e+01
1.400025498834481219e+01 1.000000000000000000e+01 1.000000000000000000e+01
1.500025498834480864e+01 7.000000000000000000e+00 7.000000000000000000e+00
1.600025498834480686e+01 7.000000000000000000e+00 7.000000000000000000e+00
1.700025498834482107e+01 8.000000000000000000e+00 8.000000000000000000e+00
1.800025498834483528e+01 8.000000000000000000e+00 8.000000000000000000e+00
1.900025498834484949e+01 8.000000000000000000e+00 7.000000000000000000e+00
2.000025498834486370e+01 8.000000000000000000e+00 7.000000000000000000e+00
2.100025498834487792e+01 9.000000000000000000e+00 8.000000000000000000e+00
2.200025498834489213e+01 9.000000000000000000e+00 8.000000000000000000e+00
2.300025498834490634e+01 8.000000000000000000e+00 7.000000000000000000e+00
2.400025498834492055e+01 9.000000000000000000e+00 8.000000000000000000e+00
2.500025498834493476e+01 8.000000000000000000e+00 7.000000000000000000e+00
2.600025498834494897e+01 8.000000000000000000e+00 8.000000000000000000e+00
2.700025498834496318e+01 1.000000000000000000e+01 1.000000000000000000e+01
2.800025498834497739e+01 1.000000000000000000e+01 1.000000000000000000e+01
2.900025498834499160e+01 6.000000000000000000e+00 8.000000000000000000e+00
3.000025498834500581e+01 6.000000000000000000e+00 8.000000000000000000e+00
3.100025498834502002e+01 6.000000000000000000e+00 8.000000000000000000e+00
3.200025498834503423e+01 7.000000000000000000e+00 8.000000000000000000e+00
3.300018695799307977e+01 9.000000000000000000e+00 1.000000000000000000e+01
3.400025498834506266e+01 9.000000000000000000e+00 9.000000000000000000e+00
3.500025498834507687e+01 1.000000000000000000e+01 1.000000000000000000e+01
3.600025498834509108e+01 9.000000000000000000e+00 1.100000000000000000e+01
3.700025498834510529e+01 9.000000000000000000e+00 1.100000000000000000e+01
3.800025498834511950e+01 9.000000000000000000e+00 1.100000000000000000e+01
3.900025498834513371e+01 8.000000000000000000e+00 1.000000000000000000e+01
4.000025498834514792e+01 9.000000000000000000e+00 1.100000000000000000e+01
4.100025498834516213e+01 1.000000000000000000e+01 1.100000000000000000e+01
4.200025498834517634e+01 1.000000000000000000e+01 9.000000000000000000e+00
4.300025498834519055e+01 1.200000000000000000e+01 1.200000000000000000e+01
4.400025498834520477e+01 1.100000000000000000e+01 1.200000000000000000e+01
4.500023296721559518e+01 1.000000000000000000e+01 1.200000000000000000e+01
4.600025498834523319e+01 1.000000000000000000e+01 1.200000000000000000e+01
4.700025498834524740e+01 1.000000000000000000e+01 1.100000000000000000e+01
4.800025498834526161e+01 1.100000000000000000e+01 1.400000000000000000e+01
4.900025498834527582e+01 1.200000000000000000e+01 1.500000000000000000e+01
5.000008421731960340e+01 8.000000000000000000e+00 1.500000000000000000e+01
5.100025498834530424e+01 8.000000000000000000e+00 1.700000000000000000e+01
5.200025498834531845e+01 8.000000000000000000e+00 1.700000000000000000e+01
5.300025498834533266e+01 8.000000000000000000e+00 1.700000000000000000e+01
5.400025498834534687e+01 1.000000000000000000e+01 1.900000000000000000e+01
5.500025498834536108e+01 1.000000000000000000e+01 2.000000000000000000e+01
5.600025498834537530e+01 1.000000000000000000e+01 2.000000000000000000e+01
5.700025498834538951e+01 1.100000000000000000e+01 2.100000000000000000e+01
5.800025498834540372e+01 1.100000000000000000e+01 2.200000000000000000e+01
5.900025498834541793e+01 1.100000000000000000e+01 2.100000000000000000e+01
6.000025498834543214e+01 1.300000000000000000e+01 2.100000000000000000e+01
6.100025498834544635e+01 1.400000000000000000e+01 1.900000000000000000e+01
6.200025498834546056e+01 1.400000000000000000e+01 1.800000000000000000e+01
6.300025498834547477e+01 1.300000000000000000e+01 1.800000000000000000e+01
6.400025498834548898e+01 1.500000000000000000e+01 2.000000000000000000e+01
6.500025498834543214e+01 1.500000000000000000e+01 1.700000000000000000e+01
6.600025498834537530e+01 1.500000000000000000e+01 1.600000000000000000e+01
6.700025498834531845e+01 1.400000000000000000e+01 1.600000000000000000e+01
6.800025498834526161e+01 1.300000000000000000e+01 1.500000000000000000e+01
6.900025498834520477e+01 1.400000000000000000e+01 1.600000000000000000e+01
7.000008456138540680e+01 1.600000000000000000e+01 1.800000000000000000e+01
7.100025498834509108e+01 1.400000000000000000e+01 1.900000000000000000e+01
7.200025498834503423e+01 1.100000000000000000e+01 2.000000000000000000e+01
7.300025498834497739e+01 5.000000000000000000e+00 1.900000000000000000e+01
7.400025498834492055e+01 4.000000000000000000e+00 2.000000000000000000e+01
7.500025498834486370e+01 1.000000000000000000e+00 2.000000000000000000e+01
7.600025498834480686e+01 0.000000000000000000e+00 2.000000000000000000e+01
7.700025498834475002e+01 1.000000000000000000e+00 2.000000000000000000e+01
7.800025498834469317e+01 1.000000000000000000e+00 2.200000000000000000e+01
7.900025498834463633e+01 0.000000000000000000e+00 2.200000000000000000e+01
8.000025498834457949e+01 0.000000000000000000e+00 1.900000000000000000e+01
8.100025498834452264e+01 2.000000000000000000e+00 2.100000000000000000e+01
8.200025498834446580e+01 2.000000000000000000e+00 2.100000000000000000e+01
8.300025498834440896e+01 2.000000000000000000e+00 1.800000000000000000e+01
8.400025498834435211e+01 1.000000000000000000e+00 1.700000000000000000e+01
8.500025498834429527e+01 1.000000000000000000e+00 1.700000000000000000e+01
8.600025498834423843e+01 1.000000000000000000e+00 1.600000000000000000e+01
8.700016264805277899e+01 1.000000000000000000e+00 1.400000000000000000e+01
8.800025498834412474e+01 1.000000000000000000e+00 1.200000000000000000e+01
8.900025498834406790e+01 0.000000000000000000e+00 1.200000000000000000e+01
9.000025498834401105e+01 1.000000000000000000e+00 1.000000000000000000e+01
9.100025498834395421e+01 0.000000000000000000e+00 1.000000000000000000e+01
9.200025498834389737e+01 2.000000000000000000e+00 1.100000000000000000e+01
9.300025498834384052e+01 1.000000000000000000e+00 1.200000000000000000e+01
9.400025498834378368e+01 1.000000000000000000e+00 1.200000000000000000e+01
9.500025498834372684e+01 1.000000000000000000e+00 1.200000000000000000e+01
9.600025498834366999e+01 1.000000000000000000e+00 1.200000000000000000e+01
9.700025498834361315e+01 2.000000000000000000e+00 1.400000000000000000e+01
9.800025498834355631e+01 2.000000000000000000e+00 1.500000000000000000e+01
9.900025498834349946e+01 2.000000000000000000e+00 1.500000000000000000e+01
1.000002549883434426e+02 2.000000000000000000e+00 1.500000000000000000e+01
1.010002549883433858e+02 2.000000000000000000e+00 1.500000000000000000e+01
1.020002549883433289e+02 3.000000000000000000e+00 1.700000000000000000e+01
1.030002549883432721e+02 4.000000000000000000e+00 1.900000000000000000e+01
1.040002549883432152e+02 4.000000000000000000e+00 2.000000000000000000e+01
1.050002549883431584e+02 4.000000000000000000e+00 2.000000000000000000e+01
1.060002549883431016e+02 4.000000000000000000e+00 2.000000000000000000e+01
1.070002549883430447e+02 4.000000000000000000e+00 2.000000000000000000e+01
1.080001477917944186e+02 4.000000000000000000e+00 2.000000000000000000e+01
1.090002549883429310e+02 5.000000000000000000e+00 2.100000000000000000e+01
1.100002549883428742e+02 2.000000000000000000e+00 2.000000000000000000e+01
1.110002549883428173e+02 3.000000000000000000e+00 2.100000000000000000e+01
1.120002549883427605e+02 3.000000000000000000e+00 2.100000000000000000e+01
1.130002549883427037e+02 5.000000000000000000e+00 2.200000000000000000e+01
1.140002549883426468e+02 5.000000000000000000e+00 2.100000000000000000e+01
1.150002549883425900e+02 7.000000000000000000e+00 2.100000000000000000e+01
1.160002549883425331e+02 7.000000000000000000e+00 2.200000000000000000e+01
1.170002549883424763e+02 7.000000000000000000e+00 2.100000000000000000e+01
1.180002549883424194e+02 7.000000000000000000e+00 2.100000000000000000e+01
1.190002549883423626e+02 7.000000000000000000e+00 2.100000000000000000e+01
1.200002549883423058e+02 7.000000000000000000e+00 2.100000000000000000e+01
1.210002549883422489e+02 8.000000000000000000e+00 2.200000000000000000e+01
1.220002549883421921e+02 9.000000000000000000e+00 2.300000000000000000e+01
1.230002549883421352e+02 1.100000000000000000e+01 2.500000000000000000e+01
1.240002549883420784e+02 1.100000000000000000e+01 2.300000000000000000e+01
1.250002549883420215e+02 1.100000000000000000e+01 2.100000000000000000e+01
1.260002549883419647e+02 1.200000000000000000e+01 2.000000000000000000e+01
1.270002549883419078e+02 1.200000000000000000e+01 1.900000000000000000e+01
1.280002549883418510e+02 1.300000000000000000e+01 2.000000000000000000e+01
1.290002549883417942e+02 1.400000000000000000e+01 1.800000000000000000e+01
1.300002549883417373e+02 1.500000000000000000e+01 1.900000000000000000e+01
1.310002549883416805e+02 1.600000000000000000e+01 1.600000000000000000e+01
1.320002549883416236e+02 1.800000000000000000e+01 1.600000000000000000e+01
1.330002549883415668e+02 1.500000000000000000e+01 1.300000000000000000e+01
1.340002549883415099e+02 1.300000000000000000e+01 1.000000000000000000e+01
1.350001164596115757e+02 1.200000000000000000e+01 1.000000000000000000e+01
1.360002549883413963e+02 1.200000000000000000e+01 1.000000000000000000e+01
1.370002549883413394e+02 1.000000000000000000e+01 1.000000000000000000e+01
1.380002549883412826e+02 1.200000000000000000e+01 1.100000000000000000e+01
1.390002549883412257e+02 1.100000000000000000e+01 1.100000000000000000e+01
1.400002549883411689e+02 8.000000000000000000e+00 1.300000000000000000e+01
1.410002549883411120e+02 8.000000000000000000e+00 1.600000000000000000e+01
1.420002549883410552e+02 7.000000000000000000e+00 1.400000000000000000e+01
1.430002549883409984e+02 7.000000000000000000e+00 1.400000000000000000e+01
1.440002549883409415e+02 5.000000000000000000e+00 1.400000000000000000e+01
1.450002549883408847e+02 2.000000000000000000e+00 1.500000000000000000e+01
1.460002549883408278e+02 2.000000000000000000e+00 1.600000000000000000e+01
1.470002549883407710e+02 3.000000000000000000e+00 1.700000000000000000e+01
1.480002549883407141e+02 3.000000000000000000e+00 1.600000000000000000e+01
1.490002549883406573e+02 3.000000000000000000e+00 1.500000000000000000e+01
1.500002549883406004e+02 4.000000000000000000e+00 1.000000000000000000e+01
1.510002549883405436e+02 2.000000000000000000e+00 7.000000000000000000e+00
1.520002549883404868e+02 1.000000000000000000e+00 7.000000000000000000e+00
1.530002549883404299e+02 1.000000000000000000e+00 6.000000000000000000e+00
1.540002549883403731e+02 1.000000000000000000e+00 6.000000000000000000e+00
1.550002549883403162e+02 1.000000000000000000e+00 6.000000000000000000e+00
1.560002549883402594e+02 0.000000000000000000e+00 6.000000000000000000e+00
1.570002549883402025e+02 0.000000000000000000e+00 5.000000000000000000e+00
1.580002549883401457e+02 0.000000000000000000e+00 5.000000000000000000e+00
1.590002549883400889e+02 0.000000000000000000e+00 6.000000000000000000e+00
1.600002549883400320e+02 2.000000000000000000e+00 8.000000000000000000e+00
1.610002549883399752e+02 3.000000000000000000e+00 1.000000000000000000e+01
1.620002549883399183e+02 3.000000000000000000e+00 1.000000000000000000e+01
1.630002549883398615e+02 3.000000000000000000e+00 1.100000000000000000e+01
1.640002549883398046e+02 4.000000000000000000e+00 1.200000000000000000e+01
1.650002549883397478e+02 4.000000000000000000e+00 1.200000000000000000e+01
1.660002549883396910e+02 5.000000000000000000e+00 1.200000000000000000e+01
1.670002549883396341e+02 6.000000000000000000e+00 1.200000000000000000e+01
1.680002549883395773e+02 6.000000000000000000e+00 1.100000000000000000e+01
1.690002549883395204e+02 7.000000000000000000e+00 1.000000000000000000e+01
1.700002549883394636e+02 6.000000000000000000e+00 8.000000000000000000e+00
1.710002549883394067e+02 4.000000000000000000e+00 9.000000000000000000e+00
1.720002549883393499e+02 4.000000000000000000e+00 9.000000000000000000e+00
1.730002549883392930e+02 3.000000000000000000e+00 6.000000000000000000e+00
1.740002549883392362e+02 4.000000000000000000e+00 6.000000000000000000e+00
1.750002549883391794e+02 5.000000000000000000e+00 6.000000000000000000e+00
1.760002549883391225e+02 5.000000000000000000e+00 7.000000000000000000e+00
1.770002549883390657e+02 6.000000000000000000e+00 6.000000000000000000e+00
1.780002549883390088e+02 7.000000000000000000e+00 6.000000000000000000e+00
1.790002549883389520e+02 7.000000000000000000e+00 7.000000000000000000e+00
1.800002549883388951e+02 9.000000000000000000e+00 8.000000000000000000e+00
1.810002549883388383e+02 9.000000000000000000e+00 8.000000000000000000e+00
1.820002549883387815e+02 1.100000000000000000e+01 8.000000000000000000e+00
1.830002549883387246e+02 1.200000000000000000e+01 6.000000000000000000e+00
1.840002549883386678e+02 1.300000000000000000e+01 5.000000000000000000e+00
1.850002549883386109e+02 1.400000000000000000e+01 6.000000000000000000e+00
1.860002549883385541e+02 1.400000000000000000e+01 5.000000000000000000e+00
1.870002549883384972e+02 1.400000000000000000e+01 5.000000000000000000e+00
1.880002549883384404e+02 1.400000000000000000e+01 6.000000000000000000e+00
1.890002549883383836e+02 1.400000000000000000e+01 7.000000000000000000e+00
1.900002549883383267e+02 1.400000000000000000e+01 6.000000000000000000e+00
1.910002549883382699e+02 1.400000000000000000e+01 5.000000000000000000e+00
1.920002549883382130e+02 1.500000000000000000e+01 5.000000000000000000e+00
1.930002549883381562e+02 1.200000000000000000e+01 5.000000000000000000e+00
1.940002549883380993e+02 1.200000000000000000e+01 5.000000000000000000e+00
1.950002549883380425e+02 7.000000000000000000e+00 3.000000000000000000e+00
1.960000460336788422e+02 7.000000000000000000e+00 3.000000000000000000e+00
1.970002549883379288e+02 7.000000000000000000e+00 3.000000000000000000e+00
1.980002549883378720e+02 7.000000000000000000e+00 3.000000000000000000e+00
1.990002549883378151e+02 8.000000000000000000e+00 3.000000000000000000e+00
2.000002549883377583e+02 7.000000000000000000e+00 4.000000000000000000e+00
2.010002549883377014e+02 7.000000000000000000e+00 4.000000000000000000e+00
2.020002549883376446e+02 7.000000000000000000e+00 5.000000000000000000e+00
2.030002549883375877e+02 7.000000000000000000e+00 7.000000000000000000e+00
2.040002549883375309e+02 7.000000000000000000e+00 5.000000000000000000e+00
2.050002549883374741e+02 7.000000000000000000e+00 5.000000000000000000e+00
2.060002549883374172e+02 7.000000000000000000e+00 5.000000000000000000e+00
2.070002549883373604e+02 7.000000000000000000e+00 5.000000000000000000e+00
2.080002549883373035e+02 7.000000000000000000e+00 5.000000000000000000e+00
2.090002549883372467e+02 9.000000000000000000e+00 5.000000000000000000e+00
2.100002549883371898e+02 1.000000000000000000e+01 4.000000000000000000e+00
2.110002549883371330e+02 1.100000000000000000e+01 5.000000000000000000e+00
2.120002549883370762e+02 1.300000000000000000e+01 6.000000000000000000e+00
2.130002549883370193e+02 1.000000000000000000e+01 5.000000000000000000e+00
2.140000072066470409e+02 7.000000000000000000e+00 5.000000000000000000e+00
2.150002549883369056e+02 7.000000000000000000e+00 7.000000000000000000e+00
2.160002549883368488e+02 9.000000000000000000e+00 7.000000000000000000e+00
2.170002549883367919e+02 9.000000000000000000e+00 6.000000000000000000e+00
2.180002549883367351e+02 1.000000000000000000e+01 6.000000000000000000e+00
2.190002549883366783e+02 7.000000000000000000e+00 6.000000000000000000e+00
2.200002549883366214e+02 6.000000000000000000e+00 6.000000000000000000e+00
2.210002549883365646e+02 6.000000000000000000e+00 9.000000000000000000e+00
2.220002549883365077e+02 6.000000000000000000e+00 1.100000000000000000e+01
2.230002549883364509e+02 8.000000000000000000e+00 9.000000000000000000e+00
2.240002549883363940e+02 9.000000000000000000e+00 1.000000000000000000e+01
2.250002549883363372e+02 1.000000000000000000e+01 1.000000000000000000e+01
2.260002549883362803e+02 1.000000000000000000e+01 1.000000000000000000e+01
2.270002549883362235e+02 1.000000000000000000e+01 1.000000000000000000e+01
2.280002549883361667e+02 1.100000000000000000e+01 1.100000000000000000e+01
2.290002549883361098e+02 1.100000000000000000e+01 1.100000000000000000e+01
2.300002549883360530e+02 1.100000000000000000e+01 1.100000000000000000e+01
2.310002549883359961e+02 1.200000000000000000e+01 1.300000000000000000e+01
2.320002549883359393e+02 1.100000000000000000e+01 1.300000000000000000e+01
2.330002549883358824e+02 1.000000000000000000e+01 1.300000000000000000e+01
2.340002549883358256e+02 1.100000000000000000e+01 1.400000000000000000e+01
2.350002549883357688e+02 1.100000000000000000e+01 1.500000000000000000e+01
2.360002549883357119e+02 1.200000000000000000e+01 1.500000000000000000e+01
2.370002549883356551e+02 9.000000000000000000e+00 1.600000000000000000e+01
2.380002549883355982e+02 7.000000000000000000e+00 1.700000000000000000e+01
2.390002549883355414e+02 5.000000000000000000e+00 1.800000000000000000e+01
2.400002549883354845e+02 3.000000000000000000e+00 1.700000000000000000e+01
2.410002549883354277e+02 4.000000000000000000e+00 1.900000000000000000e+01
2.420002549883353709e+02 4.000000000000000000e+00 2.100000000000000000e+01
2.430002549883353140e+02 8.000000000000000000e+00 2.100000000000000000e+01
2.440002549883352572e+02 8.000000000000000000e+00 2.100000000000000000e+01
2.450002549883352003e+02 9.000000000000000000e+00 2.200000000000000000e+01
2.460002549883351435e+02 7.000000000000000000e+00 2.200000000000000000e+01
2.470002549883350866e+02 8.000000000000000000e+00 2.200000000000000000e+01
2.480002549883350298e+02 8.000000000000000000e+00 2.200000000000000000e+01
2.490002549883349729e+02 8.000000000000000000e+00 2.200000000000000000e+01
2.500002549883349161e+02 8.000000000000000000e+00 2.500000000000000000e+01
2.510002549883348593e+02 6.000000000000000000e+00 2.700000000000000000e+01
2.520002549883348024e+02 6.000000000000000000e+00 2.700000000000000000e+01
2.530002549883347456e+02 5.000000000000000000e+00 2.800000000000000000e+01
2.540002549883346887e+02 5.000000000000000000e+00 2.600000000000000000e+01
2.550002549883346319e+02 5.000000000000000000e+00 2.300000000000000000e+01
2.560002549883345750e+02 6.000000000000000000e+00 2.100000000000000000e+01
2.570002549883348024e+02 5.000000000000000000e+00 2.000000000000000000e+01
2.580002549883350298e+02 5.000000000000000000e+00 2.200000000000000000e+01
2.590001257264999026e+02 6.000000000000000000e+00 1.800000000000000000e+01
2.600002549883354845e+02 5.000000000000000000e+00 1.300000000000000000e+01
2.610002549883357119e+02 6.000000000000000000e+00 1.200000000000000000e+01
2.620002549883359393e+02 6.000000000000000000e+00 1.200000000000000000e+01
2.630002549883361667e+02 4.000000000000000000e+00 1.400000000000000000e+01
2.640000292870153658e+02 4.000000000000000000e+00 1.300000000000000000e+01
2.650002549883366214e+02 4.000000000000000000e+00 1.400000000000000000e+01
2.660002549883368488e+02 4.000000000000000000e+00 1.400000000000000000e+01
2.670002549883370762e+02 4.000000000000000000e+00 1.600000000000000000e+01
2.680002549883373035e+02 3.000000000000000000e+00 1.700000000000000000e+01
2.690002549883375309e+02 1.000000000000000000e+00 1.700000000000000000e+01
2.700002549883377583e+02 1.000000000000000000e+00 1.600000000000000000e+01
2.710002549883379857e+02 1.000000000000000000e+00 1.800000000000000000e+01
2.720002549883382130e+02 0.000000000000000000e+00 1.800000000000000000e+01
2.730002549883384404e+02 0.000000000000000000e+00 1.800000000000000000e+01
2.740002549883386678e+02 0.000000000000000000e+00 1.800000000000000000e+01
2.750002549883388951e+02 0.000000000000000000e+00 1.600000000000000000e+01
2.760000658789185195e+02 0.000000000000000000e+00 1.300000000000000000e+01
2.770002549883393499e+02 0.000000000000000000e+00 1.500000000000000000e+01
2.780002549883395773e+02 0.000000000000000000e+00 1.200000000000000000e+01
2.790002549883398046e+02 0.000000000000000000e+00 1.000000000000000000e+01
2.800002549883400320e+02 0.000000000000000000e+00 8.000000000000000000e+00
2.810002549883402594e+02 0.000000000000000000e+00 4.000000000000000000e+00
2.820002549883404868e+02 1.000000000000000000e+00 4.000000000000000000e+00
2.830002549883407141e+02 1.000000000000000000e+00 4.000000000000000000e+00
2.840002549883409415e+02 1.000000000000000000e+00 4.000000000000000000e+00
2.850002549883411689e+02 1.000000000000000000e+00 5.000000000000000000e+00
2.860002549883413963e+02 1.000000000000000000e+00 7.000000000000000000e+00
2.870002549883416236e+02 0.000000000000000000e+00 9.000000000000000000e+00
2.880002549883418510e+02 0.000000000000000000e+00 1.000000000000000000e+01
2.890002549883420784e+02 0.000000000000000000e+00 8.000000000000000000e+00
2.900002549883423058e+02 1.000000000000000000e+00 1.000000000000000000e+01
2.910001878953005985e+02 0.000000000000000000e+00 1.100000000000000000e+01
2.920002549883427605e+02 1.000000000000000000e+00 1.000000000000000000e+01
2.930002549883429879e+02 1.000000000000000000e+00 9.000000000000000000e+00
2.940002549883432152e+02 3.000000000000000000e+00 9.000000000000000000e+00
2.950002549883434426e+02 3.000000000000000000e+00 7.000000000000000000e+00
2.960001021970686566e+02 3.000000000000000000e+00 8.000000000000000000e+00
2.970002549883438974e+02 3.000000000000000000e+00 1.000000000000000000e+01
2.980002549883441247e+02 5.000000000000000000e+00 1.100000000000000000e+01
2.990002549883443521e+02 5.000000000000000000e+00 1.200000000000000000e+01
3.000002549883445795e+02 5.000000000000000000e+00 1.300000000000000000e+01
