#####################################################################
# Alchemist log file - simulation started at: 2021-01-31T16:34+0000 #
#####################################################################
# random = 2.0
#
# The columns have the following meaning: 
# time danger[Sum] 
0.0 0.0 
1.0004719509133904 1.0 
2.0000000000000004 1.0 
3.0000000000000013 3.0 
4.000000000000002 4.0 
5.000029312110621 4.0 
6.0004719509133855 5.0 
7.000427604545448 5.0 
8.000225659127128 4.0 
9.000471950913376 6.0 
10.000471950913372 7.0 
11.000471950913369 7.0 
12.000342054093332 9.0 
13.000471950913361 9.0 
14.000471950913358 10.0 
15.000471950913354 10.0 
16.00019585646669 13.0 
17.00026859011796 14.0 
18.00047195091338 14.0 
19.0 14.0 
20.000000000000014 15.0 
21.00000000000003 15.0 
22.000000000000043 15.0 
23.000000000000057 15.0 
24.00000000000007 17.0 
25.000000000000085 18.0 
26.0000000000001 18.0 
27.000000000000114 21.0 
28.000000000000128 22.0 
29.000000000000142 23.0 
30.000000000000156 25.0 
31.00000000000017 25.0 
32.000000000000185 25.0 
33.0000000000002 25.0 
34.00000000000021 25.0 
35.00000000000023 25.0 
36.00000000000024 27.0 
37.000000000000256 29.0 
38.00000000000027 30.0 
39.000000000000284 30.0 
40.0000000000003 31.0 
41.00000000000031 31.0 
42.00000000000033 31.0 
43.00000000000034 34.0 
44.000000000000355 33.0 
45.00000000000037 33.0 
46.000000000000384 34.0 
47.0000000000004 36.0 
48.00000000000041 39.0 
49.000000000000426 40.0 
50.00000000000044 41.0 
51.000000000000455 41.0 
52.00000000000047 41.0 
53.00000000000048 41.0 
54.0000000000005 41.0 
55.00000000000051 41.0 
56.000000000000526 41.0 
57.00000000000054 42.0 
58.000000000000554 42.0 
59.00000000000057 42.0 
60.00000000000058 42.0 
61.0000000000006 42.0 
62.00000000000061 43.0 
63.000000000000625 43.0 
64.00000000000064 43.0 
65.00000000000058 45.0 
66.00000000000053 45.0 
67.00000000000047 46.0 
68.00000000000041 45.0 
69.00000000000036 45.0 
70.0000000000003 45.0 
71.00000000000024 45.0 
72.00000000000018 45.0 
73.00000000000013 45.0 
74.00000000000007 46.0 
75.00000000000001 46.0 
76.00047195091335 46.0 
77.0004719509133 46.0 
78.00047195091324 47.0 
79.00011076570317 48.0 
80.00001963970087 48.0 
81.00018396706555 49.0 
82.00047162816878 49.0 
83.00018732049185 49.0 
84.0004719509129 50.0 
85.00047195091284 51.0 
86.00040294759306 51.0 
87.00007951114334 51.0 
88.00047195091267 50.0 
89.00047195091261 50.0 
90.00047195091256 50.0 
91.0004719509125 50.0 
92.00047195091244 50.0 
93.00047195091238 49.0 
94.00047195091233 49.0 
95.00014507728282 49.0 
96.00047195091221 49.0 
97.00047195091216 49.0 
98.0004719509121 51.0 
99.00047195091204 52.0 
100.00047195091199 51.0 
101.00047195091193 51.0 
102.00005232689085 51.0 
103.00047195091182 51.0 
104.00047195091176 52.0 
105.00045590442183 52.0 
106.00036871950626 53.0 
107.00047195091159 53.0 
108.00001990644904 53.0 
109.00034524629928 54.0 
110.0000955052181 55.0 
111.00047195091136 55.0 
112.0004719509113 55.0 
113.00004797472586 55.0 
114.00047195091119 55.0 
115.00047195091113 56.0 
116.00047195091108 56.0 
117.00047195091102 57.0 
118.00047195091096 57.0 
119.0004719509109 58.0 
120.00047195091085 58.0 
121.00010167803796 58.0 
122.00047195091074 58.0 
123.00022228059095 58.0 
124.0004377004888 59.0 
125.00047195091057 60.0 
126.00039627698688 60.0 
127.00047195091045 60.0 
128.0004719509104 60.0 
129.00010053496416 61.0 
130.00047195091028 61.0 
131.00047195091022 61.0 
132.00017417528306 61.0 
133.00016921107763 61.0 
134.00047195091005 61.0 
135.00011003327685 61.0 
136.00047195090994 61.0 
137.0003212123223 63.0 
138.00047195090983 64.0 
139.00047195090977 64.0 
140.0004719509097 64.0 
141.0002318170957 64.0 
142.00025926908265 64.0 
143.00047195090954 64.0 
144.00047195090949 64.0 
145.0000456420521 64.0 
146.00015629392215 64.0 
147.00030073528794 64.0 
148.0001116528582 64.0 
149.00015596759582 64.0 
150.0002268650567 64.0 
151.00031646545767 64.0 
152.00047195090903 64.0 
153.00047195090897 66.0 
154.00047195090892 66.0 
155.00047195090886 65.0 
156.00023460333233 65.0 
157.00018070517754 66.0 
158.0004719509087 66.0 
159.00047195090863 66.0 
160.00047195090858 66.0 
161.00047195090852 66.0 
162.00047195090846 67.0 
163.0001088012807 67.0 
164.00047195090835 68.0 
165.0004719509083 68.0 
166.00037172770058 68.0 
167.00047195090818 68.0 
168.00047195090812 68.0 
169.0001157751124 68.0 
170.000471950908 68.0 
171.00047195090795 68.0 
172.0004719509079 69.0 
173.00047195090784 70.0 
174.00047195090778 70.0 
175.00043685349954 71.0 
176.00047195090767 71.0 
177.0004719509076 71.0 
178.00047195090755 71.0 
179.00002689017865 71.0 
180.00047195090744 73.0 
181.00047195090738 73.0 
182.00047195090733 73.0 
183.00047195090727 74.0 
184.00017888294371 75.0 
185.00042011107612 75.0 
186.0004719509071 75.0 
187.00047195090704 75.0 
188.00017418146356 74.0 
189.00047195090693 74.0 
190.00047195090687 73.0 
191.00011765767107 73.0 
192.00047195090676 73.0 
193.0001989048608 73.0 
194.00047195090664 74.0 
195.0004719509066 74.0 
196.00047195090653 74.0 
197.00047195090647 74.0 
198.00047195090642 74.0 
199.00047195090636 74.0 
200.0004719509063 74.0 
201.00047195090625 74.0 
202.00022072197214 74.0 
203.00047195090613 74.0 
204.00006722724046 75.0 
205.00047195090602 75.0 
206.0000407984878 76.0 
207.0004719509059 76.0 
208.00047195090585 76.0 
209.000407812467 76.0 
210.00047195090573 76.0 
211.00001352516344 76.0 
212.00047195090562 75.0 
213.00047195090556 75.0 
214.00043678383378 75.0 
215.00047195090545 75.0 
216.0004719509054 75.0 
217.00047195090534 75.0 
218.00047195090528 75.0 
219.00047195090522 75.0 
220.00047195090517 76.0 
221.0004719509051 76.0 
222.00002321512787 76.0 
223.0002383386665 77.0 
224.00020786853003 78.0 
225.00010147093764 79.0 
226.0004587686234 79.0 
227.00047195090477 79.0 
228.0004719509047 79.0 
229.00047195090465 79.0 
230.00046372168651 79.0 
231.00040430874117 80.0 
232.00047195090448 80.0 
233.00047195090443 80.0 
234.00023314780626 82.0 
235.0004719509043 82.0 
236.00047195090426 83.0 
237.0004719509042 83.0 
238.00047195090414 83.0 
239.000275435475 83.0 
240.00047195090403 83.0 
241.00047195090397 83.0 
242.00047195090391 84.0 
243.00047195090386 84.0 
244.0004719509038 84.0 
245.00027056092856 83.0 
246.0004719509037 83.0 
247.00047195090363 83.0 
248.00012010075935 83.0 
249.00021004169113 83.0 
250.00041007068108 85.0 
251.00042832766917 84.0 
252.00009619744736 84.0 
253.0004719509033 84.0 
254.00047195090323 84.0 
255.00047195090318 84.0 
256.00047195090315 83.0 
257.0004719509034 83.0 
258.00014049693806 83.0 
259.00001543753024 84.0 
260.00047195090406 84.0 
261.0004719509043 85.0 
262.0001244409585 85.0 
263.00047195090474 85.0 
264.00047195090497 85.0 
265.0004719509052 85.0 
266.0000047001591 84.0 
267.00047195090565 84.0 
268.0004719509059 84.0 
269.0001873474104 83.0 
270.00047195090633 83.0 
271.00011745187595 83.0 
272.0002034289079 82.0 
273.000471950907 82.0 
274.00047195090724 82.0 
275.00047195090747 82.0 
276.0004719509077 82.0 
277.0003494862496 82.0 
278.0002630989798 82.0 
279.0004719509084 82.0 
280.0004719509086 82.0 
281.0003188269594 82.0 
282.00047195090906 82.0 
283.0004719509093 83.0 
284.0004719509095 83.0 
285.00047195090974 84.0 
286.00012055603605 84.0 
287.0003434959548 84.0 
288.0000214075779 84.0 
289.00047195091065 85.0 
290.0002853825625 86.0 
291.0004719509111 86.0 
292.00047195091133 86.0 
293.00047195091156 86.0 
294.0004719509118 86.0 
295.000471950912 86.0 
296.00047195091224 86.0 
297.00046924438703 87.0 
298.0004719509127 86.0 
299.00038481752205 86.0 
300.00047195091315 85.0 
#####################################################################
# End of data export. Simulation finished at: 2021-01-31T16:36+0000 #
#####################################################################
