#####################################################################
# Alchemist log file - simulation started at: 2021-02-01T08:14+0000 #
#####################################################################
# random = 7.0
#
# The columns have the following meaning: 
# time danger[Sum] 
0.0 0.0 
1.0002247061991403 3.0 
2.000224706199141 6.0 
3.000224706199142 6.0 
4.000224706199143 7.0 
5.000224706199139 7.0 
6.000224706199136 7.0 
7.000224706199132 8.0 
8.000224706199129 9.0 
9.000224706199125 11.0 
10.000224706199122 12.0 
11.000224706199118 13.0 
12.000224706199115 13.0 
13.000224706199111 13.0 
14.000224706199107 13.0 
15.000224706199104 13.0 
16.000224706199102 13.0 
17.000224706199116 13.0 
18.00022470619913 13.0 
19.000224706199145 14.0 
20.00022470619916 15.0 
21.000224706199173 17.0 
22.000224706199187 17.0 
23.0002247061992 19.0 
24.000224706199216 20.0 
25.00022470619923 20.0 
26.000224706199244 20.0 
27.00022470619926 21.0 
28.000224706199273 21.0 
29.000224706199287 20.0 
30.0002247061993 20.0 
31.000144254895723 21.0 
32.000224706199326 21.0 
33.00022470619934 21.0 
34.000224706199354 24.0 
35.00022470619937 24.0 
36.00022470619938 24.0 
37.0002247061994 25.0 
38.00022470619941 25.0 
39.000224706199425 25.0 
40.00022470619944 25.0 
41.000224706199454 26.0 
42.00022470619947 26.0 
43.00022470619948 30.0 
44.000224706199496 29.0 
45.00022470619951 29.0 
46.00008339177851 29.0 
47.00022470619954 31.0 
48.00022470619955 32.0 
49.00022470619957 33.0 
50.00022470619958 34.0 
51.000224706199596 34.0 
52.00022470619961 34.0 
53.000224706199624 34.0 
54.00022470619964 36.0 
55.00022470619965 37.0 
56.00022470619967 37.0 
57.00022470619968 38.0 
58.000224706199695 39.0 
59.00022470619971 39.0 
60.000224706199724 40.0 
61.00022470619974 40.0 
62.00022470619975 39.0 
63.000224706199766 39.0 
64.00022470619977 40.0 
65.00022470619972 40.0 
66.00022470619966 40.0 
67.0002247061996 42.0 
68.00022470619955 42.0 
69.00022470619949 42.0 
70.00022470619943 42.0 
71.00022470619938 43.0 
72.00022470619932 44.0 
73.00022470619926 44.0 
74.0002247061992 44.0 
75.00022470619915 45.0 
76.00022470619909 47.0 
77.00022470619903 47.0 
78.00008267292424 47.0 
79.00022470619892 47.0 
80.00022470619886 46.0 
81.00022470619881 47.0 
82.00022470619875 49.0 
83.0002247061987 49.0 
84.00022470619864 52.0 
85.00022470619858 52.0 
86.00022470619852 53.0 
87.00022470619847 53.0 
88.00022470619841 53.0 
89.00022470619835 54.0 
90.0002247061983 56.0 
91.00022470619824 56.0 
92.00022470619818 56.0 
93.00022470619813 56.0 
94.00022470619807 55.0 
95.00022470619801 56.0 
96.00022470619795 56.0 
97.0002247061979 57.0 
98.00022470619784 57.0 
99.00022470619778 57.0 
100.00022470619773 57.0 
101.00022470619767 57.0 
102.00022470619761 58.0 
103.00022470619756 59.0 
104.00007463591578 61.0 
105.00022470619744 62.0 
106.00022470619739 62.0 
107.00022470619733 62.0 
108.00022470619727 62.0 
109.00022470619722 62.0 
110.00022470619716 62.0 
111.0002247061971 61.0 
112.00022470619705 62.0 
113.00022470619699 64.0 
114.00022470619693 64.0 
115.00022470619687 64.0 
116.00022470619682 64.0 
117.00022470619676 64.0 
118.0002247061967 65.0 
119.00022470619665 66.0 
120.00022470619659 66.0 
121.00022470619653 66.0 
122.00022470619648 65.0 
123.00022470619642 65.0 
124.00022470619636 65.0 
125.0002247061963 65.0 
126.00022470619625 65.0 
127.00022470619619 64.0 
128.00022470619615 65.0 
129.0002247061961 65.0 
130.00022470619604 66.0 
131.00022470619598 67.0 
132.00022470619592 68.0 
133.00022470619587 68.0 
134.0002247061958 68.0 
135.00022470619575 68.0 
136.0002247061957 68.0 
137.00022470619564 68.0 
138.00022470619558 68.0 
139.00022470619552 68.0 
140.00007101215195 67.0 
141.0002247061954 67.0 
142.00022470619535 67.0 
143.0002247061953 68.0 
144.00022470619524 68.0 
145.00022470619518 68.0 
146.00011321112302 68.0 
147.00022470619507 68.0 
148.00021734753756 68.0 
149.00022470619496 67.0 
150.0002247061949 69.0 
151.00022470619484 70.0 
152.00022470619479 70.0 
153.00022470619473 70.0 
154.00022470619467 70.0 
155.00021389870568 71.0 
156.00022470619456 71.0 
157.0002247061945 71.0 
158.00022470619444 71.0 
159.0002247061944 71.0 
160.00022470619433 71.0 
161.00022470619427 72.0 
162.00022470619422 72.0 
163.00022470619416 72.0 
164.0002247061941 72.0 
165.00022470619405 72.0 
166.000224706194 73.0 
167.00022470619393 73.0 
168.00022470619388 73.0 
169.00022470619382 73.0 
170.00022470619376 73.0 
171.0002247061937 73.0 
172.00022470619365 73.0 
173.0002247061936 73.0 
174.00022470619353 73.0 
175.00022470619348 74.0 
176.00022470619342 73.0 
177.00022470619336 73.0 
178.0002247061933 75.0 
179.00022470619325 75.0 
180.0002247061932 76.0 
181.00022470619314 76.0 
182.00022470619308 76.0 
183.00022470619302 76.0 
184.00022470619297 76.0 
185.0002247061929 75.0 
186.0000464966833 76.0 
187.0002247061928 79.0 
188.00022470619274 79.0 
189.00022470619268 79.0 
190.00022470619263 79.0 
191.00022470619257 79.0 
192.0002247061925 79.0 
193.00022470619245 79.0 
194.0002247061924 80.0 
195.00022470619234 80.0 
196.00022470619228 80.0 
197.00022470619223 82.0 
198.00022470619217 82.0 
199.0002247061921 83.0 
200.00022470619206 83.0 
201.000224706192 83.0 
202.00022470619194 83.0 
203.0002247061919 83.0 
204.00022470619183 83.0 
205.00022470619177 83.0 
206.00022470619172 82.0 
207.00022470619166 82.0 
208.0002247061916 83.0 
209.00022470619155 83.0 
210.0002247061915 83.0 
211.00022470619143 83.0 
212.00022470619137 83.0 
213.00022470619132 83.0 
214.00022470619126 83.0 
215.0002247061912 83.0 
216.00022470619115 84.0 
217.0002247061911 83.0 
218.00022470619103 83.0 
219.0000733858656 83.0 
220.00022470619092 83.0 
221.00022470619086 83.0 
222.0002247061908 83.0 
223.00022470619075 83.0 
224.0002247061907 83.0 
225.00022470619064 83.0 
226.00022470619058 83.0 
227.00022470619052 83.0 
228.00022470619047 83.0 
229.0002247061904 83.0 
230.00022470619035 83.0 
231.0002247061903 83.0 
232.00022470619024 84.0 
233.00022470619018 84.0 
234.00022470619012 84.0 
235.00022470619007 84.0 
236.00022470619 84.0 
237.00022470618995 84.0 
238.0002247061899 84.0 
239.00022470618984 84.0 
240.00022470618978 84.0 
241.00022470618973 83.0 
242.00022470618967 83.0 
243.00013652766916 83.0 
244.00022470618956 83.0 
245.0002247061895 83.0 
246.00022470618944 83.0 
247.00022470618939 83.0 
248.00022470618933 83.0 
249.00022470618927 83.0 
250.00022470618921 83.0 
251.00022470618916 83.0 
252.0002247061891 83.0 
253.00022470618904 82.0 
254.0000445557597 82.0 
255.00022470618893 83.0 
256.0002247061889 83.0 
257.0002247061891 83.0 
258.00022470618933 83.0 
259.00022470618956 83.0 
260.0002247061898 83.0 
261.00022470619 83.0 
262.00022470619024 84.0 
263.00022470619047 84.0 
264.0002247061907 85.0 
265.0002247061909 85.0 
266.00022470619115 85.0 
267.0002247061914 86.0 
268.0002247061916 86.0 
269.00022470619183 86.0 
270.00022470619206 86.0 
271.0002247061923 85.0 
272.0002247061925 85.0 
273.00022470619274 84.0 
274.00022470619297 84.0 
275.0002247061932 84.0 
276.0002247061934 84.0 
277.00022470619365 84.0 
278.0002247061939 84.0 
279.0002247061941 84.0 
280.00022470619433 84.0 
281.00022470619456 84.0 
282.0002247061948 85.0 
283.000224706195 85.0 
284.00022470619524 85.0 
285.00022470619547 85.0 
286.0002247061957 85.0 
287.0002247061959 85.0 
288.00022470619615 85.0 
289.0002247061964 85.0 
290.0002247061966 85.0 
291.00022470619683 87.0 
292.00022470619706 87.0 
293.0002247061973 87.0 
294.0002247061975 87.0 
295.00022470619774 86.0 
296.00022470619797 86.0 
297.0002247061982 86.0 
298.0002247061984 86.0 
299.00022470619865 86.0 
300.0002247061989 86.0 
#####################################################################
# End of data export. Simulation finished at: 2021-02-01T08:17+0000 #
#####################################################################
