#####################################################################
# Alchemist log file - simulation started at: 2021-02-01T08:10+0000 #
#####################################################################
# random = 8.0
#
# The columns have the following meaning: 
# time danger[Sum] 
0.0 0.0 
1.0007395633181952 0.0 
2.000739563318196 1.0 
3.000739563318197 1.0 
4.000739563318198 1.0 
5.000739563318194 1.0 
6.000739563318191 2.0 
7.000739563318187 2.0 
8.000739563318184 2.0 
9.00073956331818 3.0 
10.000739563318177 3.0 
11.000087007221403 3.0 
12.00073956331817 4.0 
13.000341297967553 5.0 
14.000739563318163 6.0 
15.00073956331816 6.0 
16.000739563318156 6.0 
17.00073956331817 7.0 
18.000739563318184 8.0 
19.0007395633182 9.0 
20.000113206837938 10.0 
21.000739563318227 11.0 
22.00073956331824 11.0 
23.000739563318255 12.0 
24.00073956331827 12.0 
25.000739563318284 13.0 
26.000375746782705 13.0 
27.000739563318312 15.0 
28.000739563318326 18.0 
29.00073956331834 19.0 
30.000739563318355 19.0 
31.00073956331837 23.0 
32.00039540041478 23.0 
33.0007395633184 24.0 
34.00073956331841 24.0 
35.000739563318426 23.0 
36.00073956331844 25.0 
37.000739563318454 25.0 
38.00073956331847 25.0 
39.00073956331848 25.0 
40.0007395633185 25.0 
41.00073956331851 24.0 
42.000739563318525 24.0 
43.00073956331854 25.0 
44.000739563318554 26.0 
45.00073956331857 26.0 
46.00073956331858 26.0 
47.0007395633186 26.0 
48.00073956331861 28.0 
49.000739563318625 28.0 
50.00073956331864 28.0 
51.00073956331865 29.0 
52.00073956331867 29.0 
53.00073956331868 30.0 
54.000739563318696 31.0 
55.00073956331871 33.0 
56.000739563318724 33.0 
57.00073956331874 34.0 
58.00073956331875 34.0 
59.000409814429275 34.0 
60.00073956331878 34.0 
61.000739563318795 34.0 
62.00073956331881 34.0 
63.000739563318824 35.0 
64.00073956331883 38.0 
65.00073956331877 38.0 
66.00073956331872 37.0 
67.00073956331866 37.0 
68.0007395633186 37.0 
69.00011454121741 38.0 
70.00073956331849 40.0 
71.00073956331843 42.0 
72.00073956331838 43.0 
73.00073956331832 45.0 
74.00073956331826 46.0 
75.0007395633182 46.0 
76.00046884370302 47.0 
77.00073956331809 48.0 
78.00073956331804 48.0 
79.00073956331798 49.0 
80.00073956331792 50.0 
81.00073956331786 50.0 
82.00073956331781 50.0 
83.00073956331775 50.0 
84.0007395633177 50.0 
85.00073956331764 50.0 
86.00073956331758 50.0 
87.00057540923453 50.0 
88.00073956331747 51.0 
89.00073956331741 54.0 
90.00073956331735 54.0 
91.0007395633173 54.0 
92.00073956331724 56.0 
93.00073956331718 56.0 
94.00073956331713 56.0 
95.00073956331707 56.0 
96.00067449852217 56.0 
97.00050094265826 57.0 
98.0007395633169 57.0 
99.00073956331684 57.0 
100.00037331591597 57.0 
101.00073956331673 58.0 
102.00073956331667 58.0 
103.00073956331661 58.0 
104.00073956331656 59.0 
105.0007395633165 59.0 
106.00073956331644 59.0 
107.00073956331639 59.0 
108.00061437685287 60.0 
109.00073956331627 60.0 
110.00073956331622 61.0 
111.00022748245134 62.0 
112.0007395633161 62.0 
113.00053620808647 63.0 
114.00073956331599 62.0 
115.00073956331593 62.0 
116.00073956331588 62.0 
117.00073956331582 63.0 
118.00073956331576 62.0 
119.00017801714573 62.0 
120.00073956331565 63.0 
121.00073956331559 64.0 
122.00015491454242 64.0 
123.00073956331548 64.0 
124.00073956331542 65.0 
125.00073956331536 65.0 
126.0007395633153 65.0 
127.00073956331525 65.0 
128.0007395633152 66.0 
129.00073956331514 66.0 
130.00073956331508 67.0 
131.00073956331502 67.0 
132.00073956331497 67.0 
133.0007395633149 67.0 
134.00073956331485 67.0 
135.0007395633148 65.0 
136.0001107668651 65.0 
137.00073956331468 64.0 
138.00073956331462 64.0 
139.00073956331457 64.0 
140.0007395633145 64.0 
141.00073956331445 64.0 
142.0007395633144 65.0 
143.00073956331434 65.0 
144.00005802553179 65.0 
145.00073956331423 65.0 
146.00036993337648 64.0 
147.0007395633141 64.0 
148.00073956331406 63.0 
149.000739563314 63.0 
150.00073956331394 62.0 
151.00073956331389 62.0 
152.00073956331383 62.0 
153.00062549567224 62.0 
154.00013642618023 62.0 
155.00073956331366 62.0 
156.0007395633136 63.0 
157.00073956331354 64.0 
158.00036425472427 64.0 
159.00073956331343 63.0 
160.00073956331337 63.0 
161.00073956331332 63.0 
162.0006555522088 63.0 
163.0007395633132 63.0 
164.00073956331315 64.0 
165.0007395633131 65.0 
166.00073956331303 64.0 
167.00024075389533 64.0 
168.00073956331292 64.0 
169.00073956331286 64.0 
170.0007395633128 65.0 
171.00073956331275 65.0 
172.0007395633127 66.0 
173.00073956331264 65.0 
174.00073956331258 65.0 
175.00073956331252 65.0 
176.00073956331246 65.0 
177.0007395633124 65.0 
178.00073956331235 65.0 
179.0007395633123 65.0 
180.00073956331224 66.0 
181.00073956331218 67.0 
182.00073956331212 67.0 
183.00073956331207 67.0 
184.00026047474884 67.0 
185.00073956331195 67.0 
186.0007395633119 67.0 
187.00073956331184 67.0 
188.00073956331178 67.0 
189.00073956331173 66.0 
190.00073956331167 66.0 
191.0007395633116 68.0 
192.00073956331156 68.0 
193.00009419135512 68.0 
194.00073956331144 67.0 
195.00073956331138 67.0 
196.00073956331133 67.0 
197.00073956331127 67.0 
198.00001719711986 68.0 
199.00073956331116 69.0 
200.00042435145767 69.0 
201.00073956331104 70.0 
202.00020069717715 71.0 
203.00073956331093 71.0 
204.00073956331087 72.0 
205.0000827307071 72.0 
206.000617734336 71.0 
207.0007395633107 70.0 
208.00073956331065 70.0 
209.0007395633106 70.0 
210.00073956331053 70.0 
211.00016207325754 70.0 
212.00073956331042 70.0 
213.00073956331036 70.0 
214.000646488951 70.0 
215.00073956331025 70.0 
216.0007395633102 70.0 
217.00073956331013 69.0 
218.00073956331008 69.0 
219.00073956331002 69.0 
220.00073956330996 70.0 
221.0007395633099 70.0 
222.00073956330985 69.0 
223.0007395633098 70.0 
224.00073956330974 71.0 
225.00073956330968 71.0 
226.00073956330962 71.0 
227.00073956330957 72.0 
228.0007395633095 72.0 
229.00073956330945 72.0 
230.0005391865944 72.0 
231.00073956330934 73.0 
232.00073956330928 73.0 
233.0000850182806 73.0 
234.00073956330917 73.0 
235.00008909731366 73.0 
236.00073956330905 72.0 
237.000739563309 72.0 
238.00073956330894 71.0 
239.0005345971153 71.0 
240.00073956330883 71.0 
241.00073956330877 70.0 
242.0007395633087 72.0 
243.00073956330866 73.0 
244.0007395633086 73.0 
245.00073956330854 74.0 
246.00073956330849 74.0 
247.00073956330843 75.0 
248.00057889071556 75.0 
249.00073956330831 74.0 
250.00047043307416 74.0 
251.0007395633082 74.0 
252.00012703157526 74.0 
253.0007395633081 74.0 
254.00073956330803 75.0 
255.0003755970236 77.0 
256.00065063649885 76.0 
257.0007395633082 77.0 
258.0007395633084 77.0 
259.0007395633086 77.0 
260.00073956330885 77.0 
261.0000622771536 77.0 
262.0007395633093 77.0 
263.000243938747 76.0 
264.00073956330976 76.0 
265.00073956331 76.0 
266.0007395633102 76.0 
267.00073956331045 76.0 
268.0007395633107 77.0 
269.0007395633109 77.0 
270.00073956331113 77.0 
271.00048873375596 77.0 
272.0007395633116 78.0 
273.0007395633118 78.0 
274.00073956331204 77.0 
275.00073956331227 77.0 
276.0007395633125 78.0 
277.0007395633127 79.0 
278.00073956331295 79.0 
279.0004337843811 79.0 
280.00047082761336 79.0 
281.00073956331363 77.0 
282.00073956331386 77.0 
283.0007395633141 78.0 
284.00014977676716 78.0 
285.00073956331454 78.0 
286.00073956331477 78.0 
287.0005961723853 78.0 
288.0007395633152 78.0 
289.0004880222267 78.0 
290.0007395633157 78.0 
291.0007395633159 77.0 
292.00073956331613 76.0 
293.00073956331636 78.0 
294.000692314746 78.0 
295.0007395633168 78.0 
296.00021960258607 78.0 
297.00073956331727 78.0 
298.0007395633175 78.0 
299.0007395633177 78.0 
300.00073956331795 77.0 
#####################################################################
# End of data export. Simulation finished at: 2021-02-01T08:11+0000 #
#####################################################################
