#####################################################################
# Alchemist log file - simulation started at: 2021-02-01T08:07+0000 #
#####################################################################
# random = 2.0
#
# The columns have the following meaning: 
# time danger[Sum] 
0.0 0.0 
1.0004719509133904 3.0 
2.0004719509133913 5.0 
3.000471950913392 8.0 
4.000251607816191 9.0 
5.000471950913389 9.0 
6.000343573529678 10.0 
7.000471950913382 11.0 
8.000434034325751 11.0 
9.000471950913376 11.0 
10.000471950913372 12.0 
11.000471950913369 12.0 
12.000471950913365 13.0 
13.000471950913361 13.0 
14.000471950913358 14.0 
15.000425299081417 15.0 
16.00047195091335 16.0 
17.000471950913365 16.0 
18.00047195091338 17.0 
19.000471950913393 18.0 
20.000471950913408 17.0 
21.000471950913422 18.0 
22.000471950913436 21.0 
23.00047195091345 21.0 
24.000471950913465 21.0 
25.00047195091348 20.0 
26.000463072322155 21.0 
27.000471950913507 22.0 
28.00047195091352 22.0 
29.000471950913536 22.0 
30.00047195091355 21.0 
31.000471950913564 21.0 
32.00047195091358 21.0 
33.00047195091359 21.0 
34.00047195091361 21.0 
35.00047195091362 24.0 
36.000471950913635 25.0 
37.00047195091365 25.0 
38.00047195091366 26.0 
39.00047195091368 28.0 
40.00047195091369 30.0 
41.000471950913706 31.0 
42.00047195091372 31.0 
43.000471950913735 31.0 
44.00047195091375 31.0 
45.00047195091376 31.0 
46.00047195091378 31.0 
47.00047195091379 33.0 
48.000471950913806 32.0 
49.00047195091382 32.0 
50.000471950913834 32.0 
51.00047195091385 34.0 
52.00047195091386 36.0 
53.00047195091388 36.0 
54.00047195091389 37.0 
55.000471950913905 38.0 
56.00025634461611 38.0 
57.00047195091393 38.0 
58.00047195091395 37.0 
59.00047195091396 38.0 
60.000471950913976 40.0 
61.00047195091399 40.0 
62.000471950914005 41.0 
63.00047195091402 41.0 
64.00047195091403 41.0 
65.00047195091398 40.0 
66.00047195091392 43.0 
67.00047195091386 43.0 
68.00035278308242 44.0 
69.00047195091375 45.0 
70.00047195091369 46.0 
71.00047195091364 47.0 
72.00047195091358 46.0 
73.00047195091352 46.0 
74.00047195091346 47.0 
75.00047195091341 48.0 
76.00047195091335 48.0 
77.0004719509133 50.0 
78.00047195091324 50.0 
79.00002870794525 51.0 
80.00047195091312 51.0 
81.00047195091307 51.0 
82.00047195091301 51.0 
83.00047195091295 51.0 
84.0004719509129 51.0 
85.00047195091284 51.0 
86.00047195091278 51.0 
87.00047195091273 51.0 
88.00047195091267 51.0 
89.00047195091261 52.0 
90.00047195091256 52.0 
91.0004719509125 52.0 
92.00047195091244 52.0 
93.00047195091238 52.0 
94.00047195091233 54.0 
95.00047195091227 56.0 
96.00047195091221 56.0 
97.00047195091216 56.0 
98.0004719509121 56.0 
99.00047195091204 57.0 
100.00047195091199 59.0 
101.00047195091193 59.0 
102.00047195091187 59.0 
103.00047195091182 59.0 
104.00008893762877 59.0 
105.0004719509117 59.0 
106.00047195091165 59.0 
107.00047195091159 59.0 
108.00047195091153 59.0 
109.00047195091148 59.0 
110.00047195091142 58.0 
111.00047195091136 59.0 
112.0004719509113 59.0 
113.00047195091125 59.0 
114.00047195091119 59.0 
115.00047195091113 59.0 
116.00047195091108 59.0 
117.00047195091102 59.0 
118.00024112861485 59.0 
119.0004719509109 59.0 
120.00047195091085 59.0 
121.00047195091079 58.0 
122.00047195091074 58.0 
123.00047195091068 57.0 
124.00047195091062 58.0 
125.00047195091057 58.0 
126.00047195091051 58.0 
127.00010594488815 57.0 
128.0004719509104 57.0 
129.00047195091034 57.0 
130.00047195091028 57.0 
131.00047195091022 57.0 
132.00047195091017 57.0 
133.0004719509101 57.0 
134.00047195091005 55.0 
135.00047195091 55.0 
136.00047195090994 56.0 
137.00047195090988 58.0 
138.00047195090983 59.0 
139.00047195090977 59.0 
140.0004719509097 59.0 
141.00047195090966 60.0 
142.0004719509096 59.0 
143.00047195090954 59.0 
144.00047195090949 58.0 
145.00047195090943 58.0 
146.00047195090937 58.0 
147.00047195090931 59.0 
148.00047195090926 60.0 
149.0004719509092 60.0 
150.00047195090914 60.0 
151.00020437392254 60.0 
152.00047195090903 61.0 
153.00047195090897 61.0 
154.0002982039815 61.0 
155.00047195090886 62.0 
156.0004719509088 62.0 
157.00047195090875 64.0 
158.0004719509087 64.0 
159.00047195090863 64.0 
160.00047195090858 65.0 
161.00047195090852 66.0 
162.00047195090846 66.0 
163.0004719509084 67.0 
164.00047195090835 66.0 
165.0004719509083 65.0 
166.00047195090823 65.0 
167.00047195090818 65.0 
168.00047195090812 66.0 
169.00047195090806 66.0 
170.000471950908 66.0 
171.00047195090795 67.0 
172.0004719509079 67.0 
173.0003711761946 69.0 
174.00047195090778 69.0 
175.00047195090772 70.0 
176.00047195090767 70.0 
177.0004719509076 70.0 
178.00047195090755 72.0 
179.0004719509075 72.0 
180.00047195090744 72.0 
181.00047195090738 72.0 
182.00047195090733 72.0 
183.00047195090727 72.0 
184.0004719509072 72.0 
185.00047195090715 72.0 
186.0004719509071 72.0 
187.00047195090704 73.0 
188.00047195090698 73.0 
189.00047195090693 73.0 
190.0003053448293 73.0 
191.0004719509068 73.0 
192.00047195090676 73.0 
193.0004719509067 73.0 
194.00047195090664 73.0 
195.0004719509066 73.0 
196.00046974472764 73.0 
197.00047195090647 72.0 
198.00047195090642 72.0 
199.00047195090636 73.0 
200.0004719509063 74.0 
201.00047195090625 74.0 
202.00041825923145 75.0 
203.00020572960048 75.0 
204.00047195090607 74.0 
205.00047195090602 74.0 
206.00047195090596 75.0 
207.00036543012288 75.0 
208.00047195090585 75.0 
209.0004719509058 75.0 
210.00047195090573 75.0 
211.00047195090568 75.0 
212.00047195090562 75.0 
213.00047195090556 75.0 
214.0004719509055 75.0 
215.00047195090545 74.0 
216.0000947705544 74.0 
217.00047195090534 75.0 
218.0001302370589 75.0 
219.00047195090522 73.0 
220.00041713552906 72.0 
221.0004719509051 72.0 
222.00047195090505 72.0 
223.000471950905 72.0 
224.00047195090494 72.0 
225.00047195090488 72.0 
226.00047195090482 73.0 
227.00047195090477 74.0 
228.0004719509047 74.0 
229.00047195090465 73.0 
230.0004719509046 74.0 
231.00047195090454 74.0 
232.00047195090448 74.0 
233.00047195090443 74.0 
234.00047195090437 74.0 
235.0004719509043 75.0 
236.00047195090426 75.0 
237.0004719509042 75.0 
238.00047195090414 76.0 
239.00047195090409 76.0 
240.00047195090403 77.0 
241.00047195090397 77.0 
242.00047195090391 78.0 
243.00047195090386 78.0 
244.0004719509038 78.0 
245.00047195090374 78.0 
246.0004719509037 78.0 
247.00047195090363 77.0 
248.00047195090357 77.0 
249.00047195090352 77.0 
250.00047195090346 77.0 
251.0004719509034 77.0 
252.00047195090335 77.0 
253.0004719509033 77.0 
254.00047195090323 78.0 
255.00047195090318 78.0 
256.00047195090315 79.0 
257.0004719509034 79.0 
258.0004719509036 79.0 
259.00047195090383 79.0 
260.00047195090406 79.0 
261.0004719509043 79.0 
262.0004719509045 79.0 
263.00047195090474 79.0 
264.00047195090497 79.0 
265.0004719509052 79.0 
266.0004719509054 79.0 
267.00047195090565 79.0 
268.0004719509059 79.0 
269.000387221216 78.0 
270.00047195090633 79.0 
271.00047195090656 80.0 
272.0004719509068 80.0 
273.000471950907 80.0 
274.00047195090724 80.0 
275.00047195090747 80.0 
276.0004719509077 79.0 
277.0004719509079 79.0 
278.00047195090815 78.0 
279.0004719509084 78.0 
280.0004719509086 78.0 
281.00047195090883 78.0 
282.00047195090906 79.0 
283.0004719509093 78.0 
284.0004719509095 78.0 
285.00047195090974 80.0 
286.00047195090997 80.0 
287.0004719509102 81.0 
288.0004719509104 80.0 
289.00047195091065 80.0 
290.0004719509109 80.0 
291.0004719509111 80.0 
292.00025518675386 80.0 
293.0000915485621 80.0 
294.0004719509118 79.0 
295.000471950912 79.0 
296.00047195091224 79.0 
297.00047195091247 79.0 
298.0004719509127 79.0 
299.0004719509129 79.0 
300.00047195091315 78.0 
#####################################################################
# End of data export. Simulation finished at: 2021-02-01T08:10+0000 #
#####################################################################
