#####################################################################
# Alchemist log file - simulation started at: 2021-02-01T08:10+0000 #
#####################################################################
# random = 9.0
#
# The columns have the following meaning: 
# time danger[Sum] 
0.0 0.0 
1.0015731598397501 1.0 
2.001573159839751 4.0 
3.0014313887726924 5.0 
4.001573159839753 7.0 
5.001244429554004 9.0 
6.001492566387111 10.0 
7.001573159839742 10.0 
8.000930617644327 11.0 
9.001338266168213 11.0 
10.001573159839731 11.0 
11.001573159839728 12.0 
12.00057415421838 14.0 
13.00157315983972 13.0 
14.001573159839717 14.0 
15.001573159839714 14.0 
16.000302919531386 15.0 
17.001573159839726 16.0 
18.00034315034083 16.0 
19.001573159839754 17.0 
20.00157315983977 18.0 
21.001129160630033 19.0 
22.001573159839797 19.0 
23.00157315983981 19.0 
24.001573159839825 18.0 
25.00157315983984 18.0 
26.001573159839854 18.0 
27.001573159839868 20.0 
28.001573159839882 19.0 
29.00003544335626 22.0 
30.00157315983991 22.0 
31.001573159839925 24.0 
32.001573159839936 24.0 
33.000438001754446 24.0 
34.001573159839964 24.0 
35.00056961573921 24.0 
36.00157315983999 26.0 
37.00157315984001 26.0 
38.00157315984002 26.0 
39.001573159840035 28.0 
40.00157315984005 27.0 
41.00090752452873 29.0 
42.00157315984008 29.0 
43.00157315984009 30.0 
44.001573159840106 30.0 
45.00157315984012 32.0 
46.00101396594449 32.0 
47.0003357001112 34.0 
48.00071373829929 34.0 
49.0011667631204 36.0 
50.00157315984019 36.0 
51.001573159840206 36.0 
52.00157315984022 36.0 
53.001573159840234 37.0 
54.00157315984025 37.0 
55.00157315984026 37.0 
56.00157315984028 37.0 
57.00157315984029 37.0 
58.001573159840305 38.0 
59.00157315984032 38.0 
60.000988299461305 39.0 
61.00157315984035 39.0 
62.00157315984036 40.0 
63.001573159840376 42.0 
64.00157315984039 42.0 
65.00157315984033 42.0 
66.00157315984028 42.0 
67.00007284197414 42.0 
68.00041160224862 42.0 
69.0015731598401 41.0 
70.00157315984005 42.0 
71.00119987763783 42.0 
72.00157315983994 43.0 
73.00157315983988 43.0 
74.00100696962322 44.0 
75.00033163084872 44.0 
76.00157315983971 44.0 
77.00157315983965 45.0 
78.0015731598396 46.0 
79.00157315983954 46.0 
80.00094061621074 46.0 
81.00141392765984 45.0 
82.00157315983937 43.0 
83.00157315983931 43.0 
84.00037125052016 42.0 
85.0015731598392 43.0 
86.00008394033216 44.0 
87.00157315983908 44.0 
88.00157315983903 45.0 
89.00056631232297 45.0 
90.00051751738305 45.0 
91.00157315983886 44.0 
92.00058187585081 44.0 
93.00157315983874 44.0 
94.00157315983869 46.0 
95.00157315983863 48.0 
96.00157315983857 48.0 
97.00157315983851 48.0 
98.00157315983846 48.0 
99.0015731598384 48.0 
100.00157315983834 49.0 
101.00126476389671 49.0 
102.00015029860778 50.0 
103.00157315983817 50.0 
104.00157315983812 49.0 
105.00036652901156 48.0 
106.00107549129271 50.0 
107.00077148256587 50.0 
108.00157315983789 49.0 
109.0015292233016 50.0 
110.00128335522145 50.0 
111.00157315983772 50.0 
112.00157315983766 50.0 
113.0015731598376 50.0 
114.00004245885717 51.0 
115.00157315983749 52.0 
116.00063717151666 52.0 
117.00157315983738 51.0 
118.00073313652231 51.0 
119.00157315983726 52.0 
120.00029908759284 52.0 
121.00157315983715 53.0 
122.00065671929471 54.0 
123.00157315983704 54.0 
124.00067563707466 53.0 
125.00157315983692 54.0 
126.00014744855729 54.0 
127.00128561602529 54.0 
128.00157315983677 55.0 
129.0015731598367 55.0 
130.00157315983665 55.0 
131.0015731598366 55.0 
132.00057068023528 55.0 
133.00157315983648 55.0 
134.00157315983643 56.0 
135.0001145386958 56.0 
136.0015731598363 58.0 
137.0004107847169 58.0 
138.0015731598362 58.0 
139.00157315983614 58.0 
140.00157315983608 58.0 
141.00157315983603 57.0 
142.00157315983597 57.0 
143.0015731598359 57.0 
144.00157315983586 57.0 
145.0015731598358 57.0 
146.00157315983574 57.0 
147.00135725699533 58.0 
148.00157315983563 59.0 
149.00149733384174 60.0 
150.00157315983552 61.0 
151.00157315983546 64.0 
152.0015731598354 64.0 
153.00157315983535 64.0 
154.0015731598353 64.0 
155.00065912457538 64.0 
156.00157315983517 65.0 
157.00134686328065 65.0 
158.00157315983506 65.0 
159.001573159835 65.0 
160.00063068906894 67.0 
161.00059781753353 65.0 
162.00145639204314 65.0 
163.00107305375047 66.0 
164.00157315983472 66.0 
165.00157315983466 69.0 
166.0015731598346 70.0 
167.00157315983455 70.0 
168.0015731598345 70.0 
169.00024245764408 70.0 
170.0011273516235 70.0 
171.00157315983432 70.0 
172.00157315983427 70.0 
173.0015731598342 70.0 
174.00157315983415 70.0 
175.0015731598341 70.0 
176.00157315983404 69.0 
177.00093025221733 70.0 
178.00157315983392 70.0 
179.0006747404895 70.0 
180.0013397719929 70.0 
181.00157315983375 70.0 
182.0015731598337 70.0 
183.00028408457575 70.0 
184.00157315983358 69.0 
185.00157315983353 69.0 
186.00075072722487 69.0 
187.00062404768045 68.0 
188.00157315983336 68.0 
189.0015731598333 68.0 
190.00157315983324 68.0 
191.00032438069138 68.0 
192.0004124873171 68.0 
193.00105505993423 68.0 
194.00157315983301 70.0 
195.0013701552613 71.0 
196.0015731598329 71.0 
197.00157315983284 70.0 
198.0015731598328 70.0 
199.00157315983273 70.0 
200.00157315983267 71.0 
201.00157315983262 71.0 
202.00079416029212 71.0 
203.0015731598325 70.0 
204.00157315983245 70.0 
205.0015731598324 70.0 
206.00021560723465 70.0 
207.00157315983228 70.0 
208.00157315983222 71.0 
209.00157315983216 71.0 
210.0015731598321 71.0 
211.00157315983205 71.0 
212.00135558774036 70.0 
213.00157315983193 71.0 
214.00157315983188 70.0 
215.00095817930242 70.0 
216.00078276111293 71.0 
217.0015731598317 72.0 
218.0001297092115 72.0 
219.0005199142866 72.0 
220.00157315983154 72.0 
221.00157315983148 72.0 
222.00157315983142 73.0 
223.00157315983137 73.0 
224.0015731598313 73.0 
225.00157315983125 73.0 
226.0015731598312 73.0 
227.00157315983114 74.0 
228.00157315983108 75.0 
229.00157315983103 75.0 
230.00098097335058 75.0 
231.0015731598309 75.0 
232.00157315983085 74.0 
233.00037486435735 75.0 
234.00157315983074 75.0 
235.00157315983068 76.0 
236.00157315983063 76.0 
237.00028843457284 76.0 
238.0015731598305 76.0 
239.00087955400474 76.0 
240.0015731598304 75.0 
241.00157315983034 75.0 
242.00102139433062 76.0 
243.00147487557706 76.0 
244.00153585210617 76.0 
245.00157315983012 76.0 
246.0006245370825 76.0 
247.00157315983 77.0 
248.00157315982995 77.0 
249.0015731598299 79.0 
250.00157315982983 79.0 
251.00157315982977 79.0 
252.00157315982972 79.0 
253.00157315982966 78.0 
254.0015731598296 78.0 
255.00157315982955 78.0 
256.0015731598295 78.0 
257.0015731598297 78.0 
258.0006917731854 78.0 
259.0011373755834 78.0 
260.00010630311664 78.0 
261.0015731598306 77.0 
262.0006875955986 77.0 
263.0015731598311 78.0 
264.0015731598313 77.0 
265.00157315983154 77.0 
266.00157315983176 77.0 
267.001573159832 77.0 
268.0015731598322 77.0 
269.00157315983245 77.0 
270.0015731598327 77.0 
271.0015731598329 77.0 
272.00157315983313 76.0 
273.00157315983336 76.0 
274.0015731598336 76.0 
275.0015731598338 76.0 
276.00157315983404 76.0 
277.00157315983427 77.0 
278.00095889702203 77.0 
279.0015731598347 77.0 
280.0010439759214 77.0 
281.0015731598352 79.0 
282.0015731598354 79.0 
283.00157315983563 79.0 
284.00157315983586 80.0 
285.0015731598361 79.0 
286.0008407145451 79.0 
287.00157315983654 80.0 
288.00157315983677 80.0 
289.001573159837 80.0 
290.00140670008454 80.0 
291.00114475546917 80.0 
292.00123317888585 80.0 
293.0015731598379 80.0 
294.0013439487139 80.0 
295.00157315983836 81.0 
296.0015731598386 80.0 
297.0015731598388 79.0 
298.00157315983904 78.0 
299.00157315983927 79.0 
300.00153342093506 79.0 
#####################################################################
# End of data export. Simulation finished at: 2021-02-01T08:11+0000 #
#####################################################################
